1.0
0.922334372997284
0.6941640973091124
0.36770513653755194
0.17112769186496735
0.16498464345932007
0.061430450528860085
0.04431768134236336
0.025010969489812847
0.021061869338154793
0.008336990140378475
0.01404124591499567
0.018429135903716087
0.02983764745295048
0.03729705885052681
0.03554190322756767
0.03905221447348595
0.04080737009644508
0.05440982803702354
0.06011408567428589
0.05792013928294182
0.07371654361486435
0.08249232172966003
0.0991663038730621
0.11978938430547714
0.13690215349197388
0.1588415950536728
0.1794646829366684
0.19833260774612424
0.21237385272979736
0.1996489614248276
0.21325142681598663
0.2106186896562576
0.19877138733863833
0.18165862560272217
0.17068889737129211
0.1562088578939438
0.11759543418884276
0.10706450045108797
0.09609477967023848
0.0991663038730621
0.07064501941204071
0.06230802834033966
0.07503291219472885
0.06976744532585144
0.06976744532585144
0.07459411770105363
0.06230802834033966
0.0666959211230278
0.07152260094881058
0.061430450528860085
0.06713470816612244
0.05923650786280632
0.0666959211230278
0.05748135223984718
0.05835893005132675
0.0539710409939289
0.049144361168146126
0.05265467241406441
0.0539710409939289
0.03949100524187088
0.05967529490590096
0.04782799631357193
0.04519526287913322
0.04212373867630959
0.03992979228496552
0.04607284069061279
0.043001316487789154
0.03554190322756767
0.03378674760460853
0.03641948103904724
0.04212373867630959
0.022817024961113926
0.04695041850209236
0.04256252571940422
0.041684947907924645
0.035980693995952606
0.03027643635869026
0.03510311618447304
0.04519526287913322
0.03905221447348595
0.04212373867630959
0.029398858547210693
0.03071522526443005
0.04036858305335045
0.04124616086483002
0.036858271807432175
0.034664325416088104
0.03861342743039131
0.04431768134236336
0.05879771709442139
0.07591048628091811
0.07898201048374176
0.10311540216207504
0.1320754736661911
0.12856516242027283
0.15796402096748352
0.12856516242027283
0.12022817134857176
0.07722685486078262
0.076788067817688
0.08117595314979553
0.04826678335666656
0.024572180584073063
0.026327336207032204
0.02062308043241501
0.021500658243894577
0.005704256240278482
0.010092145763337612
0.008336990140378475
0.020184291526675224
0.0131636681035161
0.0
0.12110574543476103
0.2983764708042145
0.5559455752372742
0.9324265122413635
0.9227731227874755
0.6880210638046265
0.382185161113739
0.15401491522789
0.1658622175455093
0.07327775657176971
0.049144361168146126
0.0320315919816494
0.028521280735731125
0.023694602772593495
0.01404124591499567
0.01579640246927738
0.01886792480945587
0.036858271807432175
0.032470382750034325
0.035980693995952606
0.031592804938554764
0.03027643635869026
0.04519526287913322
0.05616498365998268
0.0
0.0
0.0
0.0
0.0
0.0
0.0
0.0
0.0
0.0
0.0
0.0
0.0
0.0
0.0
0.0
0.0
0.0
0.0
0.0
0.0
0.0
0.0
0.0
0.0
0.0
0.0
0.0
0.0
0.0
0.0
0.0
0.0
0.0
0.0
0.0
0.0
0.0
0.0
0.0
0.0
0.0
0.0
0.0
0.0
0.0
0.0
0.0
0.0
0.0
