1.0
0.46038070321083063
0.12217795848846436
0.009296149015426637
0.1257193386554718
0.22000885009765625
0.2673749327659607
0.262948215007782
0.2602921724319458
0.27401503920555115
0.2819831669330597
0.2819831669330597
0.2965914011001587
0.2957060635089874
0.3014608323574066
0.3098716139793396
0.31651172041893005
0.31916776299476624
0.3156263828277588
0.32270917296409607
0.3435148298740387
0.36609119176864624
0.3820274472236633
0.3970783650875092
0.41301462054252625
0.43957504630088806
0.47277557849884033
0.49889332056045527
0.525896430015564
0.5542275309562683
0.5807879567146301
0.5900841355323792
0.5922974944114685
0.587428092956543
0.5661797523498535
0.5254537463188171
0.4763169586658478
0.43116423487663275
0.3864541947841644
0.3466135561466217
0.3169544041156769
0.2992474436759949
0.2926073372364044
0.2802124917507172
0.27091634273529047
0.262948215007782
0.26250553131103516
0.2602921724319458
0.26073482632637024
0.26117751002311707
0.2602921724319458
0.25896415114402765
0.2594068050384521
0.2576361298561096
0.25807878375053406
0.26383355259895325
0.2576361298561096
0.2576361298561096
0.2470119595527649
0.24037185311317444
0.23904383182525635
0.23771581053733823
0.23638778924942017
0.23505976796150208
0.24169987440109247
0.24169987440109247
0.24302789568901065
0.24214254319667816
0.24037185311317444
0.23727312684059143
0.24347056448459625
0.24214254319667816
0.22487826645374295
0.22133687138557437
0.21868082880973813
0.21425409615039823
0.2222222238779068
0.22133687138557437
0.21336874365806577
0.2089420109987259
0.2107127010822296
0.21425409615039823
0.2107127010822296
0.20982736349105835
0.210270032286644
0.21735280752182007
0.22045153379440308
0.21823816001415247
0.21691013872623444
0.21691013872623444
0.21159805357456207
0.20628596842288968
0.20584329962730408
0.20628596842288968
0.20097388327121732
0.2040725946426392
0.204515278339386
0.2049579471349716
0.21425409615039823
0.2146967649459839
0.20982736349105835
0.22664895653724673
0.2660469114780426
0.24391323328018188
0.24612660706043243
0.21735280752182007
0.21425409615039823
0.19964586198329923
0.20672863721847531
0.19477644562721247
0.1903497129678726
0.18857902288436887
0.1903497129678726
0.19477644562721247
0.19123506546020508
0.1903497129678726
0.19743248820304873
0.19212040305137637
0.18415227532386777
0.2151394486427307
0.3678618967533112
0.5772465467453003
0.8959716558456419
0.9362549781799315
0.37760069966316223
0.07658255845308304
0.0
0.12350597977638245
0.210270032286644
0.25320938229560846
0.26560425758361816
0.27180168032646174
0.277556449174881
0.2793271243572235
0.27401503920555115
0.2766710817813873
0.27135899662971497
0.27268701791763306
0.2806551456451416
0.2810978293418884
0.2833111882209778
0.2926073372364044
0.3014608323574066
0.32359451055526733
0.332890659570694
0.350597620010376
0.0
0.0
0.0
0.0
0.0
0.0
0.0
0.0
0.0
0.0
0.0
0.0
0.0
0.0
0.0
0.0
0.0
0.0
0.0
0.0
0.0
0.0
0.0
0.0
0.0
0.0
0.0
0.0
0.0
0.0
0.0
0.0
0.0
0.0
0.0
0.0
0.0
0.0
0.0
0.0
0.0
