0.9689399003982545
0.5084402561187744
0.13234300911426544
0.06617150455713272
0.0006752194603905082
0.04456448182463646
0.05536799505352974
0.04388926550745964
0.029034435749053955
0.022957460954785344
0.024307899177074432
0.025658339262008664
0.020931802690029144
0.038487508893013
0.04321404546499252
0.042538825422525406
0.04659014195203781
0.059419311583042145
0.0735989212989807
0.09723159670829774
0.08777853101491928
0.08372721076011658
0.08507765084505081
0.08777853101491928
0.09318028390407562
0.10668466985225676
0.12018906325101852
0.1228899359703064
0.14112086594104767
0.16002701222896576
0.177582710981369
0.1870357841253281
0.19851452112197876
0.19783930480480197
0.18298447132110596
0.1654287576675415
0.15462525188922882
0.13234300911426544
0.09588116407394408
0.0729236975312233
0.042538825422525406
0.023632680997252464
0.03038487583398819
0.028359217569231987
0.015530047006905077
0.0
0.007427413947880269
0.003376097185537219
0.02228224091231823
0.03038487583398819
0.04591492190957069
0.020256582647562024
0.04186360538005829
0.07157326489686966
0.06482106447219849
0.06076975166797638
0.05806887149810791
0.04523970186710358
0.05739365145564079
0.04659014195203781
0.03781228885054588
0.04051316529512405
0.05266711860895157
0.03578663244843483
0.05199189856648445
0.0499662384390831
0.04186360538005829
0.03916272893548012
0.03241053223609924
0.04186360538005829
0.028359217569231987
0.020256582647562024
0.01620526611804962
0.019581364467740055
0.03106009401381016
0.03578663244843483
0.03308575227856636
0.04186360538005829
0.05536799505352974
0.053342334926128394
0.06684672832489014
0.07427413761615753
0.09115462750196457
0.09318028390407562
0.09385550022125244
0.09115462750196457
0.08845374733209611
0.07967589795589447
0.09115462750196457
0.13369345664978027
0.15124915540218353
0.16272789239883423
0.17825792729854584
0.14719784259796143
0.11411208659410477
0.1073598936200142
0.10600945353507996
0.10668466985225676
0.10330857336521149
0.08642809092998505
0.09993247687816621
0.12424037605524064
0.12964212894439697
0.11208643019199371
0.11276164650917052
0.10330857336521149
0.0844024270772934
0.012153949588537216
0.05064145848155022
0.20324105024337769
0.47265359759330744
0.9250506162643432
1.0
0.5232950448989868
0.1843349039554596
0.14112086594104767
0.09925726056098938
0.1465226262807846
0.15192437171936035
0.13706955313682556
0.12424037605524064
0.13234300911426544
0.14044564962387085
0.15124915540218353
0.14922349154949188
0.1573261320590973
0.1694800853729248
0.16475354135036469
0.17555706202983856
0.19108709692955017
0.21809588372707367
0.22754895687103271
0.230925053358078
0.2498311996459961
0.24442943930625916
0.25050640106201166
0.0
0.0
0.0
0.0
0.0
0.0
0.0
0.0
0.0
0.0
0.0
0.0
0.0
0.0
0.0
0.0
0.0
0.0
0.0
0.0
0.0
0.0
0.0
0.0
0.0
0.0
0.0
0.0
0.0
0.0
0.0
0.0
0.0
0.0
0.0
0.0
0.0
0.0
0.0
0.0
0.0
0.0
0.0
0.0
0.0
0.0
0.0
0.0
0.0
0.0
0.0
