1.0
0.9983766078948975
0.5783278942108153
0.24472402036190033
0.0
0.01461038924753666
0.09334415942430496
0.16680194437503815
0.19115260243415833
0.19926947355270383
0.21469156444072723
0.2142857164144516
0.22524350881576535
0.2232142835855484
0.2317370176315308
0.23985388875007627
0.22930194437503812
0.23417207598686215
0.23701298236846924
0.23782467842102048
0.24675324559211728
0.2443181872367859
0.25487011671066284
0.26826298236846924
0.26907467842102045
0.27800324559211725
0.2954545319080353
0.3080357015132904
0.33400973677635193
0.35430195927619934
0.37175324559211725
0.3932629823684692
0.4281655848026276
0.4537337720394135
0.4874188303947449
0.511769473552704
0.5150162577629088
0.5255681872367859
0.5190746784210205
0.4963473975658417
0.46550324559211725
0.4155844151973724
0.37175324559211725
0.329951286315918
0.29586037993431086
0.2698863744735718
0.24634739756584167
0.23336039483547208
0.22443181276321408
0.21469156444072723
0.22118505835533145
0.20008116960525513
0.1988636404275894
0.20657467842102048
0.19926947355270383
0.21022726595401764
0.20900973677635193
0.2228084355592728
0.22524350881576535
0.22362013161182404
0.23295454680919647
0.23741883039474487
0.23376622796058652
0.23863635957241056
0.23863635957241056
0.2435064911842346
0.24025973677635193
0.2353896051645279
0.23823052644729611
0.23701298236846924
0.2390422075986862
0.23782467842102048
0.23133116960525513
0.22808441519737244
0.23498377203941345
0.24188311398029327
0.2276785671710968
0.23051947355270383
0.23254869878292084
0.22362013161182404
0.2321428507566452
0.22483766078948972
0.2264610379934311
0.22240260243415833
0.2183441519737244
0.21875
0.22077922523021695
0.225649356842041
0.2219967544078827
0.21266233921051023
0.225649356842041
0.22037337720394132
0.2232142835855484
0.21875
0.213879868388176
0.22889611124992368
0.2228084355592728
0.22483766078948972
0.21590909361839292
0.21996752917766568
0.22159090638160703
0.21347402036190033
0.21550324559211728
0.22240260243415833
0.2130681872367859
0.22118505835533145
0.21347402036190033
0.21996752917766568
0.225649356842041
0.21875
0.23336039483547208
0.21672077476978305
0.21996752917766568
0.22524350881576535
0.22240260243415833
0.22240260243415833
0.22402597963809967
0.23133116960525513
0.22362013161182404
0.2272727340459824
0.23295454680919647
0.23051947355270383
0.22930194437503812
0.225649356842041
0.22605518996715543
0.23133116960525513
0.2219967544078827
0.22849026322364807
0.22037337720394132
0.21550324559211728
0.22402597963809967
0.21469156444072723
0.22930194437503812
0.24756494164466855
0.26176947355270386
0.27962663769721985
0.2792207896709442
0.3177759647369385
0.3246753215789795
0.31331169605255127
0.2893668711185456
0.2532467544078827
0.2564935088157654
0.24188311398029327
0.22889611124992368
0.21915584802627563
0.21956168115139008
0.21996752917766568
0.22524350881576535
0.2232142835855484
0.21956168115139008
0.4115259647369385
0.6497564911842345
0.9935064911842345
0.9983766078948975
0.6258116960525513
0.2824675440788269
0.042207792401313775
0.04139610379934311
0.11525973677635191
0.19683441519737244
0.213879868388176
0.21956168115139008
0.23254869878292084
0.24675324559211728
0.2552759647369385
0.25284090638160706
0.2536526024341583
0.2524350583553314
0.25040584802627563
0.2711038887500763
0.2621753215789795
0.27150973677635193
0.2739447951316833
0.2650162279605865
0.27516233921051025
0.2702922224998474
0.30275973677635193
0.298701286315918
0.3088473975658417
0.3226461112499237
0.3380681872367859
0.361201286315918
0.0
0.0
0.0
0.0
