0.9135160446166992
1.0
0.32372400164604187
0.1058601140975952
0.10964082926511765
0.08742911368608473
0.09640831500291824
0.09310019016265869
0.08742911368608473
0.08459357172250748
0.08884687721729279
0.09262759983539581
0.09451796114444733
0.09688090533018112
0.10066162794828414
0.10018903762102128
0.10349716246128082
0.10680529475212096
0.11814744770526885
0.12759923934936523
0.13988657295703888
0.1526464968919754
0.1701323240995407
0.194706991314888
0.2211720198392868
0.2542532980442047
0.2854442298412323
0.31285443902015686
0.3435727655887604
0.37145557999610895
0.39224952459335327
0.39603024721145624
0.38610586524009693
0.3558601140975952
0.3142722249031067
0.2693761885166168
0.23109640181064603
0.19187144935131076
0.1616257131099701
0.14886578917503357
0.13610586524009705
0.12287334352731703
0.11578449606895445
0.11625708639621735
0.1172022670507431
0.1190926283597946
0.11767485737800598
0.11862003803253172
0.1190926283597946
0.121455579996109
0.12192816287279128
0.11814744770526885
0.11389414221048356
0.1190926283597946
0.11672967672348022
0.11247637122869492
0.10680529475212096
0.10302457213401794
0.0997164472937584
0.1039697527885437
0.10018903762102128
0.09782608598470688
0.08601134270429611
0.08553875237703323
0.08931946754455566
0.08270321041345596
0.07844990491867065
0.07183364778757095
0.07703213393688203
0.07939508557319641
0.07797731459140778
0.07561437040567398
0.07277882844209671
0.06521739065647125
0.06568998098373413
0.06616257131099701
0.06238185241818428
0.0595463141798973
0.0595463141798973
0.060964081436395645
0.05860113352537155
0.06805293262004852
0.0619092620909214
0.08412098139524461
0.08459357172250748
0.10727788507938384
0.12098298966884612
0.13752363622188568
0.14461247622966766
0.12287334352731703
0.11342155188322069
0.10633270442485808
0.08648393303155899
0.05103969573974609
0.04725898057222366
0.0354442335665226
0.03827977180480957
0.0420604906976223
0.03827977180480957
0.0
0.13846880197525024
0.43903592228889465
0.7873346209526062
0.9002835750579835
0.4584121108055114
0.09310019016265869
0.09688090533018112
0.046786390244960785
0.057655952870845795
0.05576559528708458
0.05434782430529594
0.055293004959821694
0.05576559528708458
0.05860113352537155
0.05860113352537155
0.05576559528708458
0.05860113352537155
0.0619092620909214
0.05812854319810867
0.0642722100019455
0.0685255229473114
0.08506616204977036
0.0907372385263443
0.0
0.0
0.0
0.0
0.0
0.0
0.0
0.0
0.0
0.0
0.0
0.0
0.0
0.0
0.0
0.0
0.0
0.0
0.0
0.0
0.0
0.0
0.0
0.0
0.0
0.0
0.0
0.0
0.0
0.0
0.0
0.0
0.0
0.0
0.0
0.0
0.0
0.0
0.0
0.0
0.0
0.0
0.0
0.0
0.0
0.0
0.0
0.0
0.0
0.0
0.0
0.0
0.0
0.0
0.0
0.0
0.0
0.0
0.0
0.0
0.0
0.0
0.0
0.0
