1.0
0.9380654096603392
0.5212247967720032
0.13709115982055664
0.0
0.21572721004486084
0.3368127942085266
0.34725120663642883
0.37160751223564154
0.3924843370914459
0.3917884528636932
0.40292274951934814
0.39874738454818726
0.400139182806015
0.40501043200492853
0.4203201234340668
0.43354210257530207
0.4411969482898712
0.45233124494552607
0.4669450223445892
0.4725121855735778
0.4906054139137268
0.5260960459709167
0.5476687550544739
0.5873347520828247
0.6360473036766052
0.6784968972206116
0.7258176803588867
0.7633959650993347
0.7954071164131165
0.81210857629776
0.8225469589233398
0.8037578463554382
0.7432150244712828
0.668058454990387
0.5838552713394165
0.5066109895706177
0.4391092658042908
0.4154488444328308
0.3897007703781128
0.369519829750061
0.36116909980773926
0.3569937348365784
0.3556019365787506
0.34725120663642883
0.34585943818092346
0.3368127942085266
0.32707029581069946
0.33194154500961304
0.3305497467517853
0.33194154500961304
0.3368127942085266
0.3368127942085266
0.3416840732097626
0.34725120663642883
0.3444676399230957
0.3493388891220093
0.3493388891220093
0.3528183698654175
0.35073068737983704
0.343771755695343
0.3493388891220093
0.34585943818092346
0.34585943818092346
0.3479471206665039
0.34864300489425654
0.3444676399230957
0.3402922749519348
0.3361169099807739
0.33194154500961304
0.3277661800384521
0.34725120663642883
0.3890048861503601
0.4196242094039917
0.43075853586196894
0.4453723132610321
0.4989561438560486
0.4989561438560486
0.5233124494552612
0.5128740668296814
0.4662491381168365
0.40988171100616455
0.3361169099807739
0.3145442008972168
0.3006263077259064
0.3034098744392395
0.2999304234981537
0.2901878952980041
0.29784274101257324
0.2901878952980041
0.287404328584671
0.361864984035492
0.4676409065723419
0.5163534879684448
0.7974947690963745
0.9951287508010864
0.7473903894424438
0.26791927218437195
0.037578288465738297
0.07167710363864899
0.27627000212669367
0.3194154500961304
0.33472511172294617
0.35142657160758967
0.3604732155799866
0.3750869929790497
0.39596381783485407
0.4008350670337677
0.40501043200492853
0.418928325176239
0.42449548840522766
0.425887256860733
0.4370215833187103
0.4572024941444397
0.4669450223445892
0.49617257714271545
0.5240083336830139
0.5351426601409912
0.0
0.0
0.0
0.0
0.0
0.0
0.0
0.0
0.0
0.0
0.0
0.0
0.0
0.0
0.0
0.0
0.0
0.0
0.0
0.0
0.0
0.0
0.0
0.0
0.0
0.0
0.0
0.0
0.0
0.0
0.0
0.0
0.0
0.0
0.0
0.0
0.0
0.0
0.0
0.0
0.0
0.0
0.0
0.0
0.0
0.0
0.0
0.0
0.0
0.0
0.0
0.0
0.0
0.0
0.0
0.0
0.0
0.0
0.0
0.0
0.0
0.0
0.0
0.0
0.0
0.0
0.0
0.0
0.0
