0.9483870863914488
0.8286738395690918
0.5946236848831177
0.20465949177742004
0.09390681236982344
0.1068100333213806
0.1745519787073135
0.26523298025131226
0.2921147048473358
0.28566306829452515
0.31863799691200256
0.31935483217239374
0.3189964294433594
0.3179211616516113
0.33225807547569275
0.32473117113113403
0.323655903339386
0.3121863901615143
0.34695339202880854
0.3121863901615143
0.3279569745063782
0.342293918132782
0.34516128897666926
0.34372758865356445
0.3698924779891968
0.3663082420825958
0.3896057307720184
0.3802867531776428
0.3684587776660919
0.3806451559066773
0.3774193525314331
0.3691756129264832
0.3691756129264832
0.3627240061759949
0.36559140682220453
0.3623656034469605
0.342293918132782
0.3383512496948242
0.3265233039855957
0.337634414434433
0.32508960366249084
0.3290322721004486
0.29534050822257996
0.32473117113113403
0.3211469650268554
0.3182795643806457
0.33225807547569275
0.3107526898384094
0.2874552011489868
0.28602150082588196
0.282437264919281
0.282437264919281
0.27885305881500244
0.27383512258529663
0.28064516186714167
0.2706093192100525
0.2655913829803467
0.24910394847393036
0.2655913829803467
0.2867383658885956
0.29534050822257996
0.3200716972351074
0.32078853249549866
0.3519713282585144
0.35340502858161926
0.3240143358707428
0.2960573434829712
0.259856641292572
0.2684587836265564
0.25089606642723083
0.23655913770198825
0.21577060222625727
0.22043010592460632
0.22795699536800385
0.24516129493713376
0.23584228754043576
0.2627240121364593
0.41326165199279785
0.6336917281150818
1.0
0.7168458700180054
0.39175626635551447
0.041218638420104974
0.0
0.05017921328544617
0.12186379730701447
0.17096774280071259
0.17275986075401306
0.18279570341110227
0.2028673887252808
0.20000000298023224
0.20967741310596463
0.19749103486537933
0.20716845989227292
0.2225806415081024
0.20931899547576904
0.2272401452064514
0.0
0.0
0.0
0.0
0.0
0.0
0.0
0.0
0.0
0.0
0.0
0.0
0.0
0.0
0.0
0.0
0.0
0.0
0.0
0.0
0.0
0.0
0.0
0.0
0.0
0.0
0.0
0.0
0.0
0.0
0.0
0.0
0.0
0.0
0.0
