1.0
0.5464174747467041
0.26791277527809143
0.0
0.07788161933422089
0.20623053610324857
0.24610592424869537
0.23177570104599
0.22367601096630096
0.23177570104599
0.22928348183631897
0.24174454808235168
0.2660436034202576
0.2510903477668762
0.2485981285572052
0.26479750871658325
0.28909656405448914
0.29221183061599726
0.27476635575294495
0.29657322168350214
0.2928348779678345
0.29781931638717646
0.34953272342681885
0.336448609828949
0.3514018654823303
0.38193145394325256
0.39688473939895624
0.4236760139465332
0.4373831748962402
0.46978193521499634
0.4735202491283417
0.4716510772705078
0.5034267902374268
0.5028037428855896
0.4996884763240814
0.48909658193588257
0.47538942098617554
0.4517133831977844
0.4112149477005005
0.4105919003486633
0.38006231188774103
0.34953272342681885
0.33146417140960693
0.3345794379711151
0.33271026611328125
0.30841121077537537
0.3433021903038025
0.33956387639045715
0.32398754358291626
0.33146417140960693
0.3333333432674408
0.33707165718078613
0.33956387639045715
0.34267911314964294
0.33146417140960693
0.34143301844596863
0.350155770778656
0.3464174568653106
0.33707165718078613
0.34267911314964294
0.32149532437324524
0.3077881634235382
0.3333333432674408
0.30155763030052185
0.30965733528137207
0.2971962690353393
0.3121495246887207
0.3208722770214081
0.28909656405448914
0.2928348779678345
0.30031153559684753
0.30280372500419617
0.30280372500419617
0.2828660309314728
0.30716511607170105
0.29781931638717646
0.2716510891914368
0.28473520278930664
0.31962618231773376
0.3289719521999359
0.33395639061927795
0.3676012456417084
0.38255453109741205
0.37445482611656183
0.39127725362777704
0.4143302142620087
0.4137071669101715
0.37445482611656183
0.32585668563842773
0.27912771701812744
0.23489096760749817
0.25358256697654724
0.23925234377384183
0.2199376970529556
0.2199376970529556
0.2161993831396103
0.2186915874481201
0.2286604344844818
0.22180685400962827
0.2230529636144638
0.19065420329570767
0.2822429835796356
0.39937695860862726
0.7046728730201721
1.0
0.6404984593391417
0.29657322168350214
0.00872274115681648
0.041744548827409744
0.1862928420305252
0.20000000298023224
0.1975077837705612
0.18504673242568967
0.20062305033206937
0.21308411657810208
0.20186915993690488
0.2174454778432846
0.23115265369415283
0.22367601096630096
0.22367601096630096
0.2230529636144638
0.24423676729202273
0.2510903477668762
0.24174454808235168
0.0
0.0
0.0
0.0
0.0
0.0
0.0
0.0
