0.8924825191497802
0.6066433787345886
0.14510490000247955
0.0
0.14510490000247955
0.1337412595748901
0.10576923191547392
0.1241258755326271
0.1110139861702919
0.12150349467992783
0.11538461595773696
0.1232517510652542
0.16695804893970487
0.139860138297081
0.13898602128028867
0.12937062978744507
0.1337412595748901
0.1643356680870056
0.15734265744686127
0.139860138297081
0.2071678340435028
0.20017482340335843
0.19930070638656616
0.2132867127656937
0.2229021042585373
0.24562937021255493
0.2482517510652542
0.22989509999752045
0.25699299573898315
0.2744755148887634
0.254370629787445
0.20804195106029513
0.2403846085071564
0.20891608297824857
0.18618881702423093
0.17395104467868805
0.16346153616905212
0.1643356680870056
0.15646852552890775
0.17569929361343384
0.1791958063840866
0.14947552978992462
0.1809440553188324
0.18706293404102323
0.20891608297824857
0.220279723405838
0.16346153616905212
0.2220279723405838
0.19143356382846832
0.20454545319080353
0.20367132127285004
0.279720276594162
0.23951049149036407
0.23076923191547397
0.235139861702919
0.21590909361839292
0.24213287234306333
0.21765734255313876
0.2377622425556183
0.2613636255264282
0.2639860212802887
0.22814685106277463
0.24300698935985565
0.25699299573898315
0.2508741319179535
0.2613636255264282
0.2631118893623352
0.21678321063518524
0.21153846383094788
0.23076923191547397
0.22552447021007535
0.22639860212802887
0.2482517510652542
0.29720279574394226
0.32430070638656616
0.3540209829807281
0.3881118893623352
0.37587413191795355
0.3854895234107971
0.4353146851062775
0.37412586808204645
0.34353145956993103
0.36276224255561834
0.26923078298568726
0.19930070638656616
0.17132867872714996
0.18356643617153168
0.2106643319129944
0.1617132872343063
0.17395104467868805
0.17832167446613312
0.18793706595897677
0.1652097851037979
0.14597901701927185
0.17657342553138733
0.31381118297576904
0.493881106376648
0.6153846383094788
0.816433548927307
1.0
0.6206293702125549
0.1940559446811676
0.16258741915225983
0.2508741319179535
0.19143356382846832
0.23251748085021967
0.2333916127681732
0.2272727340459824
0.23863635957241056
0.22552447021007535
0.27534964680671686
0.27010488510131836
0.28583917021751404
0.235139861702919
0.2744755148887634
0.24475523829460144
0.25874125957489014
0.0
0.0
0.0
0.0
0.0
0.0
0.0
0.0
0.0
0.0
0.0
0.0
0.0
0.0
0.0
