1.0
0.703125
0.1962890625
0.0
0.10546875
0.29296875
0.3662109375
0.3857421875
0.4052734375
0.4140625
0.4267578125
0.4443359375
0.4345703125
0.4716796875
0.4892578125
0.4794921875
0.462890625
0.484375
0.51953125
0.529296875
0.5380859375
0.5703125
0.564453125
0.626953125
0.6357421875
0.6474609375
0.7041015625
0.734375
0.8076171875
0.83984375
0.8505859375
0.876953125
0.8720703125
0.8779296875
0.8330078125
0.734375
0.650390625
0.5654296875
0.5390625
0.4873046875
0.44140625
0.4287109375
0.3935546875
0.404296875
0.4287109375
0.421875
0.392578125
0.38671875
0.42578125
0.451171875
0.412109375
0.419921875
0.376953125
0.3974609375
0.421875
0.37890625
0.3974609375
0.3681640625
0.388671875
0.41015625
0.3935546875
0.37109375
0.3564453125
0.42578125
0.4677734375
0.517578125
0.5146484375
0.5224609375
0.5576171875
0.5
0.435546875
0.4033203125
0.390625
0.4072265625
0.3837890625
0.3798828125
0.37109375
0.3388671875
0.353515625
0.3916015625
0.3408203125
0.2734375
0.2587890625
0.40234375
0.755859375
0.953125
0.3544921875
0.1484375
0.0048828125
0.197265625
0.294921875
0.3544921875
0.376953125
0.400390625
0.419921875
0.3740234375
0.40234375
0.392578125
0.4619140625
0.47265625
0.4375
0.45703125
0.0
0.0
0.0
0.0
0.0
0.0
0.0
0.0
0.0
0.0
0.0
0.0
0.0
0.0
0.0
0.0
0.0
0.0
0.0
0.0
0.0
0.0
0.0
0.0
0.0
0.0
0.0
0.0
0.0
0.0
