0.9865719079971312
0.3214849829673767
0.061611372977495193
0.0
0.11848340928554534
0.21563981473445887
0.2859399616718292
0.28830963373184204
0.29699841141700745
0.3364928960800171
0.34676146507263184
0.330963671207428
0.3120063245296478
0.3617693483829498
0.3688783645629882
0.379146933555603
0.3894154727458954
0.379146933555603
0.379146933555603
0.40916272997856146
0.40837281942367554
0.43206951022148127
0.4107424914836884
0.43680885434150696
0.4454976320266724
0.4597156345844269
0.49131122231483454
0.465244859457016
0.5094786882400513
0.533965229988098
0.548183262348175
0.5568720102310181
0.5592417120933533
0.5853080749511719
0.5860979557037354
0.6082148551940918
0.5947867035865784
0.5900474190711975
0.5868878364562988
0.5545023679733276
0.5308057069778441
0.5181674361228943
0.44312795996665955
0.4447077512741089
0.4162717163562775
0.40442338585853577
0.3925750255584717
0.36492890119552607
0.3680884540081024
0.3672985732555389
0.36966824531555176
0.3633491396903992
0.3625592291355133
0.3609794676303864
0.359399676322937
0.3680884540081024
0.3285939991474152
0.3388625681400299
0.3538704514503479
0.31753554940223694
0.3530805706977844
0.3420221209526062
0.3396524488925934
0.3285939991474152
0.330963671207428
0.31516587734222407
0.3301737904548645
0.37361767888069153
0.4060031473636627
0.39889416098594666
0.4123222827911377
0.4676145315170288
0.4494470655918121
0.4723538756370544
0.45734596252441406
0.3996840417385101
0.4178515076637268
0.35229068994522095
0.3451816737651825
0.296208530664444
0.3183254301548004
0.29225909709930414
0.28751975297927856
0.2930489778518677
0.28515008091926575
0.3033175468444824
0.29462873935699463
0.2780410647392273
0.2622433006763458
0.2685624063014984
0.3515007793903351
0.4375987350940704
0.5126382112503052
0.8025276660919188
1.0
0.31516587734222407
0.10268562287092207
0.010268562473356724
0.17772512137889862
0.2488151639699936
0.29936808347702026
0.34360188245773315
0.32069510221481323
0.3388625681400299
0.35229068994522095
0.3830963671207428
0.3933649361133576
0.3538704514503479
0.3775671422481537
0.38072669506073
0.3965244889259338
0.40363350510597223
0.3886255919933319
0.41864138841629034
0.42654028534889216
0.0
0.0
0.0
0.0
0.0
0.0
0.0
0.0
0.0
0.0
0.0
0.0
0.0
0.0
0.0
0.0
0.0
