1.0
0.6666666865348816
0.3233532905578613
0.25249502062797546
0.1646706610918045
0.09880239516496657
0.07984031736850737
0.12574850022792816
0.15369261801242828
0.16866266727447507
0.15968063473701477
0.17265468835830688
0.18363273143768313
0.1806387156248093
0.1796407252550125
0.18463073670864105
0.18662674725055692
0.1966067850589752
0.20758482813835144
0.2065868228673935
0.2045908123254776
0.20758482813835144
0.20858283340930936
0.19461077451705927
0.20159681141376493
0.20359280705451965
0.22854290902614596
0.22954091429710388
0.23253493010997767
0.242514967918396
0.2365269511938095
0.24550898373126984
0.24750499427318573
0.22355289757251737
0.19461077451705927
0.1666666716337204
0.15469062328338623
0.1526946127414703
0.15968063473701477
0.15668663382530212
0.15968063473701477
0.15668663382530212
0.16966067254543304
0.17365269362926483
0.17864271998405457
0.1666666716337204
0.1666666716337204
0.17365269362926483
0.1646706610918045
0.13872255384922028
0.12774451076984403
0.13672654330730438
0.16367265582084656
0.1716566830873489
0.1666666716337204
0.15768462419509888
0.15668663382530212
0.1526946127414703
0.15868262946605682
0.15069860219955444
0.1267465054988861
0.13373252749443054
0.14670658111572263
0.14171656966209412
0.13872255384922028
0.15069860219955444
0.17465069890022275
0.20858283340930936
0.23053891956806183
0.2894211709499359
0.27644711732864374
0.326347291469574
0.34930139780044556
0.3652694523334503
0.3772455155849457
0.3253493010997772
0.25249502062797546
0.1806387156248093
0.15768462419509888
0.13073852658271787
0.12774451076984403
0.12974052131175995
0.1457085758447647
0.13672654330730438
0.13572853803634644
0.14970059692859647
0.13872255384922028
0.15968063473701477
0.12574850022792816
0.11776447296142578
0.11976047605276108
0.12175648659467696
0.1477045863866806
0.14071856439113617
0.14171656966209412
0.13772454857826233
0.03393213450908661
0.0
0.1966067850589752
0.5978043675422668
0.8233532905578613
0.4251497089862824
0.2445109784603119
0.2125748544931412
0.14271457493305206
0.1267465054988861
0.0
0.0
0.0
0.0
0.0
0.0
0.0
0.0
0.0
0.0
0.0
0.0
0.0
0.0
0.0
0.0
0.0
0.0
0.0
0.0
0.0
0.0
0.0
0.0
0.0
0.0
