1.0
0.8511263728141784
0.4887365400791168
0.1929480880498886
0.16307541728019714
0.17042115330696103
0.03721841424703599
0.03721841424703599
0.03281097114086151
0.04260528832674026
0.054358471184968955
0.03770812973380089
0.04554358497262001
0.07149852812290192
0.043095003813505166
0.0514201745390892
0.07100881636142731
0.08276199549436569
0.07394710928201675
0.07982370257377625
0.08080313354730606
0.06219392642378807
0.059255633503198624
0.04652301594614983
0.029872674494981762
0.021547501906752583
0.049461312592029565
0.052889324724674225
0.06953966617584229
0.07541625946760178
0.08667972683906555
0.07835455238819121
0.1018609181046486
0.11018609255552292
0.11949069797992706
0.10773751139640808
0.12634672224521637
0.12585699558258057
0.16160626709461212
0.13222330808639526
0.11900097876787184
0.1351616084575653
0.14397649466991425
0.1273261457681656
0.116552397608757
0.13565132021903992
0.116552397608757
0.14544564485549927
0.1371204704046249
0.15230166912078855
0.20029382407665247
0.1904995143413544
0.2061704248189926
0.18413320183753967
0.18413320183753967
0.18462291359901428
0.15719883143901825
0.1547502428293228
0.16944172978401184
0.11116552352905272
0.08863858878612518
0.08374142646789551
0.07394710928201675
0.06513222306966782
0.0577864833176136
0.04897159710526466
0.0
0.002448579762130976
0.008814887143671513
0.11214495450258256
0.45445641875267034
0.9598432779312132
0.8393731713294984
0.575905978679657
0.2184133231639862
0.22624877095222476
0.19000978767871857
0.05190989375114441
0.039177276194095605
0.04750244691967964
0.06856023520231247
0.07443682849407197
0.06807051599025726
0.07247795909643173
0.07443682849407197
0.0
0.0
0.0
0.0
0.0
0.0
0.0
0.0
0.0
0.0
0.0
0.0
0.0
0.0
0.0
0.0
0.0
0.0
0.0
0.0
0.0
0.0
0.0
0.0
0.0
0.0
0.0
0.0
0.0
0.0
0.0
0.0
0.0
0.0
0.0
0.0
0.0
0.0
0.0
0.0
0.0
0.0
0.0
0.0
0.0
0.0
0.0
