0.9582577347755432
0.7241379022598265
0.6551724076271057
0.565335750579834
0.481851190328598
0.387477308511734
0.3611615300178528
0.24410162866115567
0.2504537105560303
0.2223230451345444
0.1860254108905792
0.13974592089653015
0.16333937644958496
0.13430127501487732
0.1551724076271057
0.11070780456066132
0.05444646254181862
0.07531760632991791
0.050816696137189865
0.03176043555140495
0.06896551698446274
0.1243194192647934
0.17422866821289062
0.2350272238254547
0.26860255002975464
0.35117965936660767
0.38929221034049993
0.3920145332813263
0.3901996314525604
0.3711433708667755
0.354809433221817
0.33938294649124146
0.3139745891094208
0.29491832852363586
0.2649727761745453
0.2087114304304123
0.21506352722644803
0.2422867566347122
0.19963702559471128
0.17967331409454343
0.1969147026538849
0.3566243052482605
0.3929219543933869
0.25680580735206604
0.0
0.2549909353256225
0.6361161470413208
0.9900181293487549
1.0
0.7286751270294188
0.6252268552780151
0.5235934853553772
0.4736842215061188
0.3947368562221527
0.31306713819503784
0.2486388385295868
0.0
0.0
0.0
0.0
0.0
0.0
0.0
0.0
0.0
0.0
0.0
0.0
0.0
0.0
0.0
0.0
0.0
0.0
0.0
0.0
0.0
0.0
0.0
0.0
0.0
0.0
0.0
0.0
0.0
0.0
0.0
0.0
0.0
0.0
0.0
0.0
0.0
0.0
0.0
0.0
0.0
0.0
0.0
0.0
0.0
0.0
0.0
0.0
0.0
0.0
0.0
0.0
0.0
0.0
0.0
0.0
0.0
0.0
0.0
0.0
0.0
0.0
0.0
0.0
0.0
0.0
0.0
0.0
0.0
0.0
0.0
0.0
0.0
0.0
0.0
0.0
