1.0
0.4797453582286834
0.2274305522441864
0.07638888806104659
0.14699074625968933
0.26967594027519226
0.3420138955116272
0.37557870149612427
0.3703703582286834
0.3692129552364349
0.3767361044883728
0.3709490597248077
0.34375
0.33564814925193787
0.3229166567325592
0.35185185074806213
0.3645833432674408
0.38773149251937866
0.4334490597248077
0.4334490597248077
0.4265046417713165
0.4311342537403106
0.4236111044883728
0.4299768507480621
0.46585649251937866
0.4774305522441864
0.4907407462596893
0.5057870149612427
0.5017361044883728
0.5075231194496155
0.5289351940155029
0.5462962985038757
0.5740740895271301
0.6082175970077515
0.6059027910232544
0.6180555820465088
0.6267361044883728
0.6209490895271301
0.6186342835426331
0.5914351940155029
0.5873842835426331
0.5567129850387573
0.5364583134651184
0.5144675970077515
0.5052083134651184
0.5086805820465088
0.484375
0.4878472089767456
0.4826388955116272
0.48148149251937866
0.4930555522441864
0.4878472089767456
0.5
0.5034722089767456
0.5040509104728699
0.5127314925193787
0.504629611968994
0.49884259700775146
0.4855324029922485
0.484375
0.471064805984497
0.4652777910232544
0.471064805984497
0.4490740597248077
0.4265046417713165
0.4473379552364349
0.45717594027519226
0.4670138955116272
0.4623842537403106
0.4444444477558136
0.43634259700775146
0.42939814925193787
0.45023149251937866
0.4473379552364349
0.4386574029922485
0.4438657462596893
0.43807870149612427
0.4375
0.4178240597248077
0.41898149251937866
0.3940972089767456
0.4056712985038757
0.392939805984497
0.37210649251937866
0.35648149251937866
0.3732638955116272
0.39641204476356506
0.3987268507480621
0.408564805984497
0.4184027910232544
0.4409722089767456
0.4311342537403106
0.43807870149612427
0.44502314925193787
0.4386574029922485
0.4322916567325592
0.4375
0.5486111044883728
0.6614583134651184
0.7008101940155029
0.801504611968994
0.774884283542633
0.30266204476356506
0.08333333581686019
0.0
0.10532407462596892
0.21759259700775144
0.29398149251937866
0.34664350748062134
0.3570601940155029
0.3784722089767456
0.3998842537403106
0.0
0.0
0.0
0.0
0.0
0.0
0.0
0.0
0.0
0.0
0.0
0.0
0.0
0.0
0.0
0.0
0.0
0.0
0.0
0.0
