1.0
0.5953565239906311
0.25649529695510864
0.025981204584240917
0.05140961706638336
0.10226644575595856
0.1713653951883316
0.28026533126831055
0.3090105056762696
0.33665007352828974
0.32283028960227966
0.3449419438838959
0.33665007352828974
0.3493642807006836
0.34383636713027954
0.3703703582286834
0.33278053998947144
0.3128800392150879
0.3642896711826325
0.37866225838661194
0.3598673343658447
0.38308456540107727
0.36373686790466314
0.37921503186225886
0.37921503186225886
0.36207848787307734
0.3443891704082489
0.33443892002105713
0.3079049289226532
0.2763957977294922
0.26589274406433105
0.24709784984588623
0.28800442814826965
0.27363184094429016
0.3106688857078552
0.32780542969703674
0.32614704966545105
0.31840795278549194
0.3399668335914612
0.3571033775806427
0.3703703582286834
0.36760640144348145
0.3781094551086426
0.419016033411026
0.4698728621006012
0.49972361326217646
0.5035931468009949
0.5013819932937622
0.5395246148109436
0.5417357683181763
0.5478164553642273
0.5406301617622375
0.5041459202766417
0.43946930766105646
0.41459369659423834
0.4051962494850159
0.37147596478462214
0.3156439960002899
0.31840795278549194
0.2852404713630676
0.3161967992782593
0.2990602552890777
0.31674957275390625
0.2968491017818451
0.2841348946094513
0.31011608242988586
0.3090105056762696
0.3449419438838959
0.5351022481918335
0.9264787435531616
0.917634069919586
0.4731896221637726
0.08347152918577194
0.0
0.051962409168481834
0.048645660281181335
0.1586511880159378
0.25981205701828
0.2636815905570984
0.28192371129989624
0.31177446246147156
0.30071863532066345
0.3195135295391083
0.326699823141098
0.0
0.0
0.0
0.0
0.0
0.0
0.0
0.0
0.0
0.0
0.0
0.0
0.0
0.0
0.0
0.0
0.0
0.0
0.0
0.0
0.0
0.0
0.0
0.0
0.0
0.0
0.0
0.0
0.0
0.0
0.0
0.0
0.0
0.0
0.0
0.0
0.0
0.0
0.0
0.0
0.0
0.0
0.0
0.0
0.0
0.0
0.0
0.0
