1.0
0.9182825684547424
0.811634361743927
0.7700831294059753
0.7590027451515197
0.6454293727874756
0.5373961329460144
0.5193905830383301
0.5775623321533203
0.6094182729721069
0.6592797636985779
0.6246537566184998
0.6108033061027527
0.559556782245636
0.31301939487457275
0.027700830250978466
0.0
0.4224376678466797
0.8476454019546509
0.4556786715984344
0.22714681923389435
0.07340720295906067
0.24930748343467712
0.440443217754364
0.613573431968689
0.7257617712020874
0.7049861550331116
0.6800553798675537
0.722991704940796
0.7188365459442139
0.7742382287979126
0.7590027451515197
0.7700831294059753
0.7631579041481018
0.7603878378868102
0.7797784209251405
0.7479224205017091
0.7770082950592042
0.7756232619285582
0.7742382287979126
0.826869785785675
0.7811634540557861
0.8254847526550293
0.8102493286132812
0.8227146863937379
0.8684210777282714
0.8601108193397523
0.8462603688240051
0.8337950110435485
0.7839335203170776
0.8421052694320679
0.7603878378868102
0.7797784209251405
0.7423822879791259
0.7174515128135681
0.7506925463676452
0.7119113802909851
0.7091412544250488
0.68282550573349
0.6163434982299805
0.6357340812683105
0.6218836307525635
0.6454293727874756
0.6454293727874756
0.5983379483222961
0.6398891806602478
0.6357340812683105
0.6260387897491455
0.6163434982299805
0.6260387897491455
0.6509695053100586
0.6468144059181212
0.6315789222717285
0.6759002804756165
0.628808856010437
0.68282550573349
0.6398891806602478
0.5872576236724854
0.5831024646759033
0.6038781404495239
0.6426593065261841
0.6121883392333984
0.5969529151916504
0.6011080145835876
0.5567867159843445
0.6717451810836792
0.6911357045173645
0.6066482067108153
0.6274238228797913
0.623268723487854
0.688365638256073
0.6897506713867188
0.7188365459442139
0.7465373873710632
0.7465373873710632
0.8227146863937379
0.0
0.0
0.0
0.0
0.0
0.0
0.0
0.0
0.0
0.0
0.0
0.0
0.0
0.0
0.0
0.0
0.0
0.0
0.0
0.0
0.0
0.0
0.0
0.0
0.0
0.0
0.0
0.0
0.0
0.0
0.0
0.0
0.0
0.0
0.0
0.0
