1.0
0.712982177734375
0.23724596202373505
0.07258398830890654
0.00497718807309866
0.019493985921144485
0.05350476875901222
0.06760679930448532
0.0817088335752487
0.08336789906024931
0.09000414609909058
0.08378266543149948
0.08627125620841981
0.09871422499418257
0.09664040058851242
0.1003732904791832
0.1012028232216835
0.10576524585485458
0.11364579200744628
0.1277478188276291
0.13231024146080017
0.14807133376598358
0.16673579812049863
0.1812525987625122
0.20489422976970673
0.225632518529892
0.253421813249588
0.28121110796928406
0.3106594681739807
0.32932391762733454
0.33844876289367676
0.3513064980506897
0.3591870665550232
0.3355454206466675
0.30070510506629944
0.26379096508026123
0.2065532952547073
0.1725425124168396
0.1381169706583023
0.11654914915561676
0.09829945862293245
0.1003732904791832
0.08668602257966995
0.07714641094207764
0.08129406720399857
0.08046453446149826
0.08046453446149826
0.0846121907234192
0.08212359994649887
0.06802156567573547
0.07714641094207764
0.08834508806467056
0.07465782016515732
0.08087930083274841
0.08875984698534013
0.09000414609909058
0.09746992588043213
0.09954375773668288
0.09829945862293245
0.10535047948360445
0.09788469225168227
0.10327664762735365
0.10286188125610352
0.09705516695976256
0.0792202427983284
0.0783907100558281
0.0817088335752487
0.07673164457082748
0.07673164457082748
0.08087930083274841
0.07673164457082748
0.09290751069784163
0.13521359860897064
0.14641228318214417
0.16300290822982788
0.13272501528263092
0.15429282188415527
0.1600995510816574
0.15802571177482605
0.12733305990695953
0.11157196015119553
0.09124844521284103
0.06304437667131424
0.036499377340078354
0.0360846109688282
0.03401078283786774
0.04064703360199928
0.028204064816236493
0.03318125382065773
0.02488593943417072
0.02861883118748665
0.04106179997324944
0.04023226723074913
0.03442554920911789
0.1277478188276291
0.32932391762733454
0.5823310017585753
0.9149730205535888
0.985068440437317
0.4400663673877716
0.11903774738311768
0.002073828363791108
0.0
0.016175860539078712
0.038158439099788666
0.046453755348920815
0.05516383424401283
0.05391953513026237
0.05143094062805176
0.05599336326122284
0.06387390941381454
0.06470344215631485
0.07465782016515732
0.07548735290765761
0.08087930083274841
0.07673164457082748
0.0
0.0
0.0
0.0
0.0
0.0
0.0
0.0
0.0
0.0
0.0
0.0
0.0
0.0
0.0
0.0
