1.0
0.68183696269989
0.41704592108726496
0.3024410307407379
0.23955316841602323
0.21307405829429624
0.2064542770385742
0.196110874414444
0.19197352230548856
0.19983451068401337
0.1990070343017578
0.2101779133081436
0.19776582717895508
0.2019031792879105
0.20852296054363248
0.202730655670166
0.19983451068401337
0.21431526541709897
0.21679767966270447
0.20852296054363248
0.2089366912841797
0.20852296054363248
0.1990070343017578
0.20562681555747983
0.1956971436738968
0.18287132680416107
0.16839057207107544
0.18949110805988312
0.17211419343948364
0.16673561930656433
0.16632188856601715
0.17211419343948364
0.16797682642936707
0.18452627956867215
0.19114604592323303
0.211005374789238
0.20769548416137693
0.20728175342082977
0.21762515604496
0.19735209643840787
0.20107571780681607
0.2093504369258881
0.20231692492961884
0.21348778903484344
0.2105916440486908
0.20438560843467712
0.20769548416137693
0.21348778903484344
0.20604054629802704
0.20479933917522433
0.21307405829429624
0.21141912043094635
0.20976416766643524
0.2180388867855072
0.2089366912841797
0.20024824142456052
0.202730655670166
0.2105916440486908
0.20810922980308527
0.21597021818161008
0.21555647253990173
0.20521306991577148
0.211005374789238
0.20852296054363248
0.20810922980308527
0.2184526324272156
0.2035581320524216
0.2035581320524216
0.21307405829429624
0.2101779133081436
0.21472899615764615
0.20852296054363248
0.2180388867855072
0.2201075702905655
0.21183285117149356
0.21928009390830996
0.2101779133081436
0.2105916440486908
0.21721142530441284
0.21348778903484344
0.21141912043094635
0.22672735154628756
0.23707075417041776
0.24369052052497864
0.24658668041229248
0.2383119612932205
0.2180388867855072
0.1932147294282913
0.19983451068401337
0.23127844929695127
0.20066197216510767
0.2035581320524216
0.19735209643840787
0.2093504369258881
0.20521306991577148
0.20397186279296875
0.21348778903484344
0.19652462005615237
0.0790235847234726
0.0
0.21679767966270447
0.5858502388000488
0.9139429330825805
0.9888291358947754
0.6855605840682983
0.43731898069381714
0.3177492618560791
0.2776168882846832
0.2693421542644501
0.2647910714149475
0.25072404742240906
0.25486138463020325
0.2412081062793732
0.24327678978443143
0.2577575445175171
0.2503103017807007
0.2527927160263061
0.2527927160263061
0.25072404742240906
0.25817129015922546
0.25196525454521174
0.2701696455478668
0.26810094714164734
0.0
0.0
0.0
0.0
0.0
0.0
0.0
0.0
0.0
