1.0
0.7059171795845032
0.6177514791488647
0.6136094927787781
0.5289940834045409
0.5307692289352417
0.502366840839386
0.5065088868141174
0.4911242723464966
0.4976331293582916
0.48875740170478815
0.4674556255340576
0.4591715931892395
0.4775148034095764
0.4757396578788757
0.45680472254753113
0.475147932767868
0.46331360936164856
0.4573964476585388
0.45798817276954645
0.4349112510681152
0.4402366876602173
0.4366863965988159
0.4201183319091797
0.41360947489738464
0.3852070868015289
0.4000000059604645
0.3792899549007416
0.4005917012691498
0.4065088629722595
0.4213017821311951
0.444970428943634
0.4402366876602173
0.4952662587165833
0.526627242565155
0.4798816442489624
0.4923076927661896
0.48165681958198553
0.4769230782985687
0.45798817276954645
0.49881657958030706
0.5076923370361328
0.4591715931892395
0.47810649871826166
0.48402366042137146
0.48165681958198553
0.48639053106307983
0.4875739514827728
0.49349111318588257
0.48343196511268616
0.4402366876602173
0.4597633183002472
0.4556213021278381
0.451479285955429
0.44319525361061096
0.4556213021278381
0.42840236425399775
0.444970428943634
0.44852072000503534
0.4704141914844513
0.46390533447265625
0.4745562076568604
0.451479285955429
0.4692307710647583
0.4899408221244812
0.49349111318588257
0.5213017463684082
0.5005916953086853
0.5011834502220154
0.4745562076568604
0.5355029702186584
0.5491124391555786
0.5733727812767029
0.5763313770294188
0.6142011880874634
0.5940828323364258
0.5887573957443237
0.5502958297729492
0.531360924243927
0.5201183557510376
0.4520710110664368
0.4573964476585388
0.4497041404247284
0.4295857846736908
0.47869822382926946
0.46272188425064087
0.3775147795677185
0.08579881489276886
0.0
0.29171597957611084
0.9218934774398804
0.9745562076568605
0.7189348936080933
0.5792899131774902
0.6289941072463989
0.5124260187149048
0.5680473446846008
0.49171596765518183
0.4958579838275909
0.475147932767868
0.46153846383094793
0.4674556255340576
0.4591715931892395
0.4775148034095764
0.4769230782985687
0.4970414340496063
0.47810649871826166
0.44260355830192566
0.45266273617744446
0.0
0.0
0.0
0.0
0.0
0.0
0.0
0.0
0.0
0.0
0.0
0.0
0.0
0.0
0.0
0.0
0.0
0.0
0.0
0.0
0.0
0.0
0.0
