1.0
0.0
0.393282026052475
0.07207837700843811
0.5927221775054932
0.9699090123176575
0.8264520764350891
0.765570342540741
0.7207837700843811
0.6871938705444336
0.6564030647277832
0.6787963509559631
0.7214835286140442
0.7102869153022766
0.7214835286140442
0.7179846167564392
0.703988790512085
0.7165850400924683
0.7256823182106018
0.7368789315223693
0.7648705244064331
0.7606717944145202
0.7907627820968629
0.7788663506507874
0.7823652625083923
0.8257522583007811
0.8152554035186766
0.8404478430747987
0.8257522583007811
0.8740378022193908
0.85024493932724
0.8803359270095825
0.9055283665657043
0.9209237098693848
0.890132963657379
0.8859342336654662
0.8705388307571411
0.8019593954086303
0.7550734877586365
0.7452763915061951
0.7284814715385437
0.702589213848114
0.7018894553184509
0.6962910890579224
0.7109867334365845
0.7130860686302185
0.7375787496566771
0.7620713710784912
0.7424772381782532
0.740377902984619
0.7340797781944275
0.7368789315223693
0.7368789315223693
0.7452763915061951
0.7585723996162415
0.7256823182106018
0.6787963509559631
0.7186843752861023
0.6969909071922302
0.7151854634284973
0.6801959276199341
0.703988790512085
0.6843946576118469
0.6976906657218933
0.6710986495018004
0.7018894553184509
0.6808957457542419
0.6934919357299805
0.6773967742919922
0.6787963509559631
0.6836948990821838
0.679496169090271
0.6703988909721376
0.6759971976280212
0.6662001609802246
0.6871938705444336
0.6675997376441956
0.6682994961738585
0.6780965924263
0.6717984676361084
0.6801959276199341
0.7193841934204102
0.7585723996162415
0.7578726410865783
0.7508747577667235
0.8369489312171936
0.8243526816368102
0.85024493932724
0.871938407421112
0.8243526816368102
0.766270101070404
0.6927921772003174
0.679496169090271
0.6710986495018004
0.6424072980880737
0.6522043347358704
0.6578026413917542
0.6501049399375916
0.6703988909721376
0.6689993143081665
0.6717984676361084
0.7200839519500732
0.8992302417755128
0.01539538148790598
0.27781665325164795
0.16585025191307068
0.06648005545139313
0.9657102823257446
0.8355493545532225
0.7382785081863403
0.7312806248664856
0.6648005843162537
0.6885934472084044
0.6850944757461548
0.682995080947876
0.6990903019905089
0.6962910890579224
0.7347795367240906
0.0
0.0
0.0
0.0
0.0
0.0
0.0
0.0
0.0
0.0
0.0
0.0
0.0
0.0
