1.0
0.8327254056930542
0.4309536218643189
0.13652944564819336
0.20114642381668088
0.1651902049779892
0.06253256648778915
0.03543512150645256
0.04742053151130676
0.05888483673334122
0.05992704629898071
0.05680041760206223
0.06618030369281769
0.06565919518470764
0.09536216408014296
0.08546117693185806
0.10213652998209
0.10317873954772948
0.11776967346668243
0.10995309799909592
0.10213652998209
0.097967691719532
0.1109953075647354
0.10838978737592696
0.11829077452421188
0.08233454823493956
0.0880667045712471
0.10786867886781693
0.10786867886781693
0.11672746390104292
0.13340280950069427
0.13548722863197327
0.13757164776325223
0.13131839036941528
0.15685252845287323
0.14851485192775726
0.14486712217330933
0.1631057858467102
0.1542470008134842
0.15789473056793213
0.1521625816822052
0.13861386477947235
0.14851485192775726
0.16623240709304807
0.1433037966489792
0.1532047986984253
0.1771756112575531
0.20114642381668088
0.20739968121051788
0.2360604554414749
0.26159459352493286
0.2511724829673767
0.23084940016269684
0.20635747909545896
0.208441898226738
0.19906200468540192
0.189161017537117
0.18551328778266904
0.1370505541563034
0.10578425973653792
0.12089630216360092
0.0911933332681656
0.08650338649749757
0.09588327258825302
0.08858780562877655
0.0
0.0750390812754631
0.05680041760206223
0.0500260554254055
0.31943720579147333
0.8890047073364259
0.9338197112083437
0.6743095517158508
0.30171963572502136
0.19489316642284396
0.2261594533920288
0.1479937434196472
0.07816570997238158
0.07816570997238158
0.0630536749958992
0.051589369773864746
0.06982803344726562
0.07034914195537567
0.08077123761177064
0.09640437364578248
0.0
0.0
0.0
0.0
0.0
0.0
0.0
0.0
0.0
0.0
0.0
0.0
0.0
0.0
0.0
0.0
0.0
0.0
0.0
0.0
0.0
0.0
0.0
0.0
0.0
0.0
0.0
0.0
0.0
0.0
0.0
0.0
0.0
0.0
0.0
0.0
0.0
0.0
0.0
0.0
0.0
0.0
0.0
0.0
0.0
0.0
0.0
