1.0
0.6031249761581421
0.2964843809604645
0.20195312798023224
0.22968749701976776
0.21445313096046448
0.18242187798023224
0.17734375596046448
0.18437500298023224
0.17070312798023224
0.18906250596046448
0.19101563096046448
0.19257812201976776
0.216796875
0.21132811903953552
0.22031250596046448
0.2265625
0.23671874403953552
0.2593750059604645
0.2535156309604645
0.2730468809604645
0.28398436307907104
0.3042968809604645
0.3226562440395355
0.3179687559604645
0.326171875
0.3179687559604645
0.314453125
0.310546875
0.3039062619209289
0.29570311307907104
0.2718749940395355
0.24726562201976776
0.23359374701976776
0.20703125
0.205078125
0.19257812201976776
0.17460937798023224
0.18242187798023224
0.16054686903953552
0.16757813096046448
0.15781250596046448
0.15468749403953552
0.15507812798023224
0.1484375
0.15976563096046448
0.14960937201976776
0.14921875298023224
0.15507812798023224
0.13593749701976776
0.13945312798023224
0.13359375298023224
0.13046875596046448
0.13007812201976776
0.11640624701976776
0.123046875
0.126953125
0.11796875298023224
0.11874999850988388
0.10468749701976776
0.11289062350988388
0.10312499850988388
0.10664062201976776
0.10039062798023224
0.09375
0.09648437798023225
0.09453125298023225
0.08632812649011613
0.10117187350988388
0.10039062798023224
0.12265624850988388
0.11679687350988388
0.142578125
0.16093750298023224
0.16523437201976776
0.19374999403953552
0.21835938096046448
0.189453125
0.15781250596046448
0.10000000149011612
0.07304687798023222
0.05234374850988388
0.044921875
0.0390625
0.021874999627470967
0.03554687649011612
0.015625
0.0
0.08515624701976776
0.2843750119209289
0.850390613079071
0.8324218988418579
0.40117186307907104
0.10859374701976776
0.08476562798023222
0.119140625
0.07968749850988387
0.06093750149011612
0.06328125298023224
0.05390625074505805
0.0625
0.072265625
0.07148437201976776
0.091796875
0.09531249850988387
0.11289062350988388
0.11367187649011612
0.126953125
0.13671875
0.13359375298023224
0.15703125298023224
0.16757813096046448
0.17226561903953552
0.18710938096046448
0.19414062798023224
0.21406249701976776
0.21835938096046448
0.22109374403953552
0.0
0.0
0.0
0.0
0.0
0.0
0.0
0.0
0.0
0.0
0.0
0.0
0.0
0.0
