1.0
0.5912343263626099
0.25491949915885925
0.12164579331874847
0.11180679500102995
0.10912343114614485
0.13685151934623718
0.1457960605621338
0.1502683311700821
0.1502683311700821
0.13774597644805908
0.151162788271904
0.13059033453464508
0.1449016034603119
0.1502683311700821
0.14311270415782928
0.13059033453464508
0.13774597644805908
0.1502683311700821
0.14221824705600739
0.14311270415782928
0.1574239730834961
0.1565295159816742
0.1636851578950882
0.1833631545305252
0.19499105215072632
0.22003577649593356
0.21914131939411163
0.24060823023319244
0.2737030386924744
0.277280867099762
0.302325576543808
0.31127011775970453
0.3443649411201477
0.361359566450119
0.3506261110305786
0.38193202018737793
0.3711985647678375
0.3479427695274353
0.3372093141078949
0.296958863735199
0.2799642086029053
0.23971377313137052
0.19856886565685272
0.190518781542778
0.1762075126171112
0.19141323864459991
0.1896243244409561
0.1762075126171112
0.1771019697189331
0.158318430185318
0.1726296991109848
0.1538461595773697
0.1565295159816742
0.158318430185318
0.1592128872871399
0.170840784907341
0.1690518856048584
0.170840784907341
0.1744185984134674
0.1574239730834961
0.1788908839225769
0.1663685142993927
0.1636851578950882
0.1565295159816742
0.1636851578950882
0.1574239730834961
0.1547406017780304
0.1457960605621338
0.15563505887985227
0.14311270415782928
0.15563505887985227
0.1404293328523636
0.12254025042057036
0.13864043354988098
0.12075134366750716
0.1457960605621338
0.12880143523216248
0.11806797981262208
0.11538461595773696
0.09123434871435165
0.10286225378513336
0.09570661932229997
0.10644007474184036
0.09749552607536319
0.07781752943992615
0.07781752943992615
0.12164579331874847
0.1466905176639557
0.22003577649593356
0.22987477481365204
0.2933810353279114
0.3246869444847107
0.3157424032688141
0.2683363258838653
0.26118066906929016
0.1967799663543701
0.12611806392669675
0.05903398990631104
0.06708408147096634
0.03756708279252052
0.046511627733707435
0.04203935712575912
0.04025044664740562
0.03398926556110382
0.03488372266292572
0.1636851578950882
0.25849732756614685
0.5214669108390808
0.8094812035560608
0.9033989310264589
0.446332722902298
0.2012522369623184
0.05277280882000923
0.013416815549135208
0.0
0.04025044664740562
0.04203935712575912
0.03130590170621872
0.03398926556110382
0.027728086337447166
0.04382826387882233
0.03220035880804062
0.028622539713978767
0.04382826387882233
0.022361360490322117
0.04472272098064423
0.0
0.0
0.0
0.0
0.0
