1.0
0.6334367990493774
0.3258339762687683
0.08107059448957443
0.1245151311159134
0.14119473099708557
0.12916989624500275
0.12529093027114868
0.14080682396888733
0.12024825811386108
0.1237393319606781
0.13498836755752563
0.11404189467430113
0.1346004605293274
0.12490302324295044
0.12723040580749512
0.13770364224910736
0.12916989624500275
0.139643132686615
0.12645462155342102
0.11675717681646348
0.11171450465917589
0.0977501943707466
0.1229635402560234
0.11675717681646348
0.11908455938100813
0.1380915492773056
0.13382467627525327
0.15593484044075012
0.17106284201145172
0.18114817142486567
0.19317300617694852
0.16291698813438416
0.17998448014259338
0.16640806198120117
0.14701318740844727
0.1594259142875671
0.15050426125526428
0.15709853172302246
0.15050426125526428
0.15283165872097015
0.1539953500032425
0.15011636912822723
0.17145073413848877
0.13886733353137967
0.16136540472507477
0.15903800725936887
0.13615205883979797
0.16136540472507477
0.1415826231241226
0.133048877120018
0.15089216828346252
0.12761831283569336
0.1547711342573166
0.14778898656368256
0.143134206533432
0.1547711342573166
0.15166795253753662
0.1749418079853058
0.19511249661445615
0.21334367990493772
0.2020946443080902
0.20946469902992249
0.22653219103813169
0.2187742441892624
0.2017067521810532
0.21605895459651947
0.1745539158582687
0.18735453486442563
0.17649340629577637
0.15709853172302246
0.13343676924705505
0.12529093027114868
0.13498836755752563
0.10667183995246889
0.08727695792913437
0.16718386113643646
0.37742435932159424
0.6877424120903015
0.818463921546936
0.518231213092804
0.20287044346332553
0.0
0.07292474806308745
0.08960434794425964
0.06633048504590988
0.08572536706924438
0.07486423850059509
0.08805275708436966
0.07331264764070512
0.07098525762557983
0.08494957536458969
0.07680372148752211
0.08068270236253737
0.07641582936048508
0.08378588408231734
0.08999224007129669
0.057796742767095566
0.08727695792913437
0.0640031024813652
0.08223429322242735
0.06710628420114517
0.06749418377876282
0.08960434794425964
0.09464701265096664
0.13266097009181976
0.0
0.0
0.0
0.0
0.0
0.0
0.0
0.0
0.0
0.0
0.0
0.0
0.0
0.0
0.0
0.0
0.0
0.0
0.0
0.0
0.0
0.0
0.0
0.0
0.0
0.0
