0.9956958293914795
0.8278335928916931
0.5853658318519592
0.5078909397125244
0.36011478304862976
0.36154949665069586
0.2309899628162384
0.10903874039649963
0.08751793205738068
0.030129125341773037
0.08464848995208739
0.05738880857825279
0.02582496404647827
0.10903874039649963
0.09756097197532652
0.07460545003414154
0.10329985618591309
0.09756097197532652
0.2008608281612396
0.06025825068354607
0.03730272501707077
0.08608321100473405
0.06312768906354904
0.06456241011619568
0.010043041780591013
0.021520802751183506
0.020086083561182026
0.017216643318533897
0.08177905529737473
0.06312768906354904
0.12625537812709808
0.1233859360218048
0.13199426233768463
0.18938307464122767
0.18938307464122767
0.2295552343130112
0.21377331018447876
0.13342897593975067
0.22238163650035855
0.16642755270004272
0.1836441904306412
0.27833572030067444
0.25107604265213007
0.3730272650718689
0.4261119067668914
0.5265423059463501
0.7216642498970031
0.5394548177719116
0.7489239573478698
0.7446197867393493
0.7187948226928711
0.5839311480522156
0.32855093479156494
0.25107604265213007
0.10616929829120636
0.08321377635002136
0.06312768906354904
0.05595408752560616
0.13199426233768463
0.04878048598766327
0.0
0.04734576866030693
0.1004304140806198
0.5939741730690001
0.659971296787262
0.4921090304851532
0.40746054053306574
0.2797704339027405
1.0
0.8436154723167419
0.0
0.0
0.0
0.0
0.0
0.0
0.0
0.0
0.0
0.0
0.0
0.0
0.0
0.0
0.0
0.0
0.0
0.0
0.0
0.0
0.0
0.0
0.0
0.0
0.0
0.0
0.0
0.0
0.0
0.0
0.0
0.0
0.0
0.0
0.0
0.0
0.0
0.0
0.0
0.0
0.0
0.0
0.0
0.0
0.0
0.0
0.0
0.0
0.0
0.0
0.0
0.0
0.0
0.0
0.0
0.0
0.0
0.0
0.0
0.0
0.0
0.0
