0.98764967918396
0.15232035517692563
0.06549400836229324
0.3057634830474853
0.49064370989799494
0.5205838084220886
0.5033682584762573
0.507485032081604
0.529940128326416
0.5232036113739014
0.527694582939148
0.5172155499458313
0.5269461274147034
0.5452844500541687
0.5340569019317627
0.5407934188842772
0.5205838084220886
0.5359281301498413
0.5381736755371094
0.5303143858909607
0.54378741979599
0.536302387714386
0.5430389046669006
0.5546407103538513
0.53742516040802
0.5527694821357727
0.5205838084220886
0.5164670944213867
0.4985029995441437
0.4696856141090393
0.45658683776855463
0.4348802268505096
0.416167676448822
0.408682644367218
0.39109280705451965
0.40269461274147034
0.39782935380935674
0.4229041934013367
0.456961065530777
0.4461077749729157
0.466317355632782
0.4790419042110443
0.4966317415237426
0.5067365169525145
0.5119760632514954
0.5202096104621887
0.5119760632514954
0.5291916131973267
0.542664647102356
0.526197612285614
0.535179615020752
0.5205838084220886
0.526197612285614
0.53143709897995
0.519835352897644
0.5232036113739014
0.5157185792922974
0.5172155499458313
0.5202096104621887
0.538547933101654
0.5677395462989807
0.5520209670066833
0.5909430980682373
0.5830838084220886
0.5377994179725647
0.5318113565444945
0.5014970302581787
0.5153443217277527
0.5370509028434753
0.5209580659866333
0.529940128326416
0.49438622593879694
0.49700599908828735
0.5014970302581787
0.48353293538093567
0.4977544844150543
0.48353293538093567
0.5059880018234253
0.5089820623397827
0.572604775428772
0.6953592896461487
0.7597305178642274
1.0
0.811377227306366
0.0
0.11302395164966585
0.345059871673584
0.5220808386802673
0.5381736755371094
0.5130987763404846
0.5265718698501587
0.519835352897644
0.5396706461906433
0.5377994179725647
0.528817355632782
0.5415419340133666
0.5333083868026732
0.544910192489624
0.5441616773605347
0.532559871673584
0.0
0.0
0.0
0.0
0.0
0.0
0.0
0.0
0.0
0.0
0.0
0.0
0.0
0.0
0.0
0.0
0.0
0.0
0.0
0.0
0.0
0.0
0.0
0.0
0.0
0.0
0.0
0.0
0.0
0.0
0.0
0.0
