0.949191689491272
1.0
0.7336412668228148
0.24634334444999692
0.0
0.21785989403724673
0.42263278365135193
0.5388760566711426
0.5796766877174377
0.5635104179382324
0.59430330991745
0.5750577449798584
0.5889145731925964
0.5904542207717896
0.5796766877174377
0.6189376711845398
0.5873749256134033
0.5950731039047241
0.6289453506469728
0.6250962018966675
0.6127790808677673
0.6266358494758606
0.6289453506469728
0.6635873913764954
0.64742112159729
0.6712856292724608
0.6697459816932678
0.64742112159729
0.6889915466308594
0.6882216930389404
0.7020785212516785
0.6882216930389404
0.6889915466308594
0.6874518990516664
0.645111620426178
0.6435719728469849
0.6050808429718018
0.5619707703590393
0.5719784498214722
0.5635104179382324
0.5935335159301758
0.55735182762146
0.5373364090919496
0.5588914752006531
0.542725145816803
0.5265588760375977
0.531177818775177
0.5157813429832457
0.5327174663543701
0.5219399333000183
0.542725145816803
0.545034646987915
0.5180908441543579
0.5273287296295166
0.5188606381416321
0.545034646987915
0.5280985236167908
0.5157813429832457
0.5411854982376099
0.5088529586791992
0.531947672367096
0.5211701393127441
0.5150115489959717
0.5373364090919496
0.568129301071167
0.5981523990631104
0.5958429574966431
0.709776759147644
0.795996904373169
0.795996904373169
0.7644341588020324
0.6759045124053955
0.645111620426178
0.5896843671798706
0.5419553518295288
0.531177818775177
0.4919168651103973
0.487297922372818
0.4949961602687836
0.4711316525936127
0.49268668889999384
0.0
0.0
0.0
0.0
0.0
0.0
0.0
0.0
0.0
0.0
0.0
0.0
0.0
0.0
0.0
0.0
0.0
0.0
0.0
0.0
0.0
0.0
0.0
0.0
0.0
0.0
0.0
0.0
0.0
0.0
0.0
0.0
0.0
0.0
0.0
0.0
0.0
0.0
0.0
0.0
0.0
0.0
0.0
0.0
0.0
0.0
0.0
0.0
0.0
0.0
0.0
