1.0
0.6504424810409546
0.2566371560096741
0.15191739797592163
0.1504424810409546
0.26401180028915405
0.30678465962409973
0.2969518303871155
0.31415930390357966
0.29154375195503235
0.31710913777351374
0.3220255672931671
0.33087512850761414
0.33480826020240784
0.32300883531570435
0.34119960665702814
0.3382497429847717
0.34660765528678894
0.34660765528678894
0.33087512850761414
0.34660765528678894
0.36725664138793945
0.3638151288032532
0.3879055976867676
0.3839724659919738
0.39036381244659424
0.422320544719696
0.419370710849762
0.4380531013011932
0.41887906193733215
0.4311701059341431
0.4183874130249024
0.404621422290802
0.39921337366104126
0.3647984266281128
0.3441494703292846
0.3333333432674408
0.31071779131889343
0.3126843571662903
0.2679449319839477
0.30039331316947937
0.29596853256225586
0.29891839623451233
0.31120944023132324
0.3082595765590668
0.30678465962409973
0.3220255672931671
0.3008849620819092
0.3062930107116699
0.29498526453971863
0.29154375195503235
0.2999016642570496
0.2817109227180481
0.29891839623451233
0.2807276248931885
0.28023597598075867
0.29891839623451233
0.28810226917266846
0.2861357033252716
0.27581119537353516
0.27236971259117126
0.29547688364982605
0.28416913747787476
0.2895771861076355
0.2782694101333618
0.2699114978313446
0.2935103178024292
0.28367748856544495
0.2920354008674621
0.2944936156272888
0.3185840845108032
0.37069812417030334
0.334316611289978
0.3303834795951843
0.37512290477752686
0.332841694355011
0.33185839653015137
0.30432644486427307
0.3215339183807373
0.2767944931983948
0.26745328307151794
0.27581119537353516
0.2679449319839477
0.25909537076950073
0.25516223907470703
0.19272369146347043
0.04965585097670555
0.0
0.2546705901622772
0.6288102269172668
0.9867256879806519
0.5973451137542725
0.2227138578891754
0.15683382749557495
0.15732546150684357
0.27187806367874146
0.30432644486427307
0.3087512254714966
0.30334317684173584
0.3048180937767029
0.31956735253334045
0.323992133140564
0.33136677742004395
0.3338249623775482
0.33874139189720154
0.3372664749622345
0.3525073826313019
0.35201573371887207
0.3402163088321686
0.3657817244529724
0.0
0.0
0.0
0.0
0.0
0.0
0.0
0.0
0.0
0.0
0.0
0.0
0.0
0.0
0.0
0.0
0.0
0.0
0.0
0.0
0.0
0.0
