0.9238342046737671
0.5419689416885376
0.03367875516414642
0.10000000149011612
0.17409326136112213
0.13160622119903564
0.1347150206565857
0.09170984476804733
0.10155440121889114
0.08549223095178604
0.08290155231952667
0.09585492312908173
0.04559585452079773
0.08911917358636856
0.05336787551641464
0.05751295387744904
0.0803108811378479
0.023834196850657463
0.06476683914661407
0.06943005323410034
0.047668393701314926
0.1326424926519394
0.09637305885553361
0.1689119189977646
0.1668393760919571
0.18186528980731964
0.2652849853038788
0.22849741578102112
0.2725388705730438
0.2720207273960113
0.2595854997634888
0.2906735837459564
0.2015544027090073
0.21813471615314484
0.2176165729761124
0.20466321706771848
0.22279793024063113
0.17720207571983335
0.21450777351856232
0.1989637315273285
0.19585491716861725
0.1984456032514572
0.17616580426692963
0.2207253873348236
0.20829015970230105
0.2352331578731537
0.298963725566864
0.23782382905483243
0.295854926109314
0.27772021293640137
0.30051812529563904
0.31139895319938654
0.1844559609889984
0.18549223244190216
0.15129533410072327
0.09637305885553361
0.12435232847929
0.07253886014223097
0.13316062092781067
0.10155440121889114
0.11709844321012496
0.10518134385347366
0.04196891188621521
0.0077720205299556255
0.19948185980319977
0.4461140036582946
1.0
0.822797954082489
0.3601036369800568
0.0
0.1160621792078018
0.16839377582073212
0.07720207422971725
0.10000000149011612
0.09689119458198547
0.06943005323410034
0.0803108811378479
0.03937823697924613
0.07564766705036163
0.05336787551641464
0.0
0.0
0.0
0.0
0.0
0.0
0.0
0.0
0.0
0.0
0.0
0.0
0.0
0.0
0.0
0.0
0.0
0.0
0.0
0.0
0.0
0.0
0.0
0.0
0.0
0.0
0.0
0.0
0.0
0.0
0.0
0.0
0.0
0.0
0.0
0.0
0.0
0.0
0.0
0.0
0.0
0.0
0.0
0.0
0.0
0.0
0.0
0.0
0.0
0.0
0.0
0.0
