1.0
0.9629421830177309
0.738910734653473
0.5092644691467285
0.4430095553398132
0.3054463863372803
0.2386299818754196
0.21336327493190765
0.21841661632061005
0.24031442403793332
0.23413813114166257
0.2509825825691223
0.24761369824409485
0.22683885693550107
0.2509825825691223
0.243683323264122
0.25996631383895874
0.25715890526771545
0.2565974295139313
0.2784952223300934
0.26951152086257935
0.2829870879650116
0.2930937707424164
0.3149915635585785
0.3458731174468994
0.3413812518119812
0.36215609312057495
0.3745087087154389
0.38236945867538447
0.41774284839630127
0.4070746898651123
0.41549691557884216
0.41437393426895136
0.40145984292030334
0.4138124585151672
0.3722627758979797
0.35541829466819763
0.3340819776058197
0.31779900193214417
0.3228523433208465
0.2925322949886322
0.2908478379249573
0.28411003947257996
0.2711959481239319
0.28972488641738886
0.27961820363998413
0.27961820363998413
0.27681079506874084
0.2740033566951752
0.2998315691947937
0.2784952223300934
0.288040429353714
0.27344188094139094
0.27344188094139094
0.29758563637733454
0.2835485637187958
0.28411003947257996
0.2706344723701477
0.25715890526771545
0.2779337465763092
0.26501965522766113
0.2610892653465271
0.25266703963279724
0.24817518889904025
0.2700729966163635
0.2582818567752838
0.2661426067352295
0.2509825825691223
0.24705222249031064
0.26558113098144526
0.24985963106155396
0.2610892653465271
0.25210556387901306
0.24312184751033783
0.2638966739177704
0.2448062896728516
0.23413813114166257
0.23582257330417636
0.23413813114166257
0.26052778959274286
0.2386299818754196
0.23076923191547397
0.20999439060688016
0.21785514056682584
0.2397529482841492
0.2335766404867172
0.2813026309013366
0.29590117931365967
0.3273441791534424
0.3385738432407379
0.3396967947483063
0.3812464773654938
0.3441886603832245
0.3458731174468994
0.31330713629722595
0.29421672224998474
0.26558113098144526
0.2021336257457733
0.18641212582588196
0.18641212582588196
0.16507579386234283
0.16114541888237
0.15160022675991058
0.15328466892242432
0.16732172667980194
0.14037057757377625
0.1268949955701828
0.07018528878688812
0.0
0.10892757028341292
0.366086483001709
0.7989893555641174
0.932060658931732
0.8528916239738464
0.7012913823127747
0.47501403093338007
0.3997754156589508
0.27344188094139094
0.1813587844371796
0.1903425008058548
0.16900618374347687
0.1813587844371796
0.16956765949726105
0.16676025092601776
0.194834366440773
0.18865805864334104
0.19820325076580048
0.19202695786952967
0.19932621717453
0.22122402489185333
0.22740033268928528
0.23582257330417636
