0.9847991466522216
0.7947883009910582
0.9381107687950134
1.0
0.7133550643920897
0.4364820718765258
0.4093376696109772
0.2942453920841217
0.2779587507247925
0.2964169383049011
0.27035829424858093
0.2768729627132416
0.31270357966423035
0.2942453920841217
0.31053203344345087
0.3561346232891083
0.3268186748027801
0.3040173649787903
0.3170467019081116
0.3365906476974488
0.3061889111995697
0.3756785988807678
0.30184581875801086
0.36482083797454834
0.35504886507987976
0.248642772436142
0.3756785988807678
0.31270357966423035
0.288816511631012
0.2942453920841217
0.22258414328098297
0.28773072361946106
0.19326817989349365
0.1585233509540558
0.049945712089538574
0.03148751333355904
0.16938111186027527
0.0
0.061889249831438065
0.0662323534488678
0.08577632904052734
0.1476655751466751
0.11400651186704636
0.16938111186027527
0.19543974101543424
0.12920738756656647
0.1606948971748352
0.15418024361133575
0.19326817989349365
0.19001086056232447
0.15418024361133575
0.19435396790504453
0.16395223140716553
0.15309445559978485
0.19218240678310397
0.13355049490928647
0.19109663367271423
0.17046688497066495
0.0
0.0
0.0
0.0
0.0
0.0
0.0
0.0
0.0
0.0
0.0
0.0
0.0
0.0
0.0
0.0
0.0
0.0
0.0
0.0
0.0
0.0
0.0
0.0
0.0
0.0
0.0
0.0
0.0
0.0
0.0
0.0
0.0
0.0
0.0
0.0
0.0
0.0
0.0
0.0
0.0
0.0
0.0
0.0
0.0
0.0
0.0
0.0
0.0
0.0
0.0
0.0
0.0
0.0
0.0
0.0
0.0
0.0
0.0
0.0
0.0
0.0
0.0
0.0
0.0
0.0
0.0
0.0
0.0
0.0
0.0
0.0
0.0
0.0
