1.0
0.5718321204185486
0.12631154060363767
0.04398708790540695
0.009685230441391468
0.029459241777658463
0.06739305704832077
0.07384987920522691
0.08878127485513686
0.08958838135004044
0.08757062256336211
0.09362389147281647
0.09402744472026825
0.10250201821327208
0.10209846496582033
0.1045197769999504
0.1190476194024086
0.11259079724550249
0.12913639843463895
0.12187247723340988
0.1545601338148117
0.1646489053964615
0.17191283404827115
0.1924939453601837
0.2195318788290024
0.2461662590503693
0.27966102957725525
0.30024212598800654
0.32041969895362854
0.34140434861183167
0.34382566809654236
0.35391443967819214
0.3482647240161896
0.32405164837837214
0.28934624791145325
0.2469733655452728
0.1997578740119934
0.17514124512672424
0.12994350492954254
0.12711864709854123
0.10250201821327208
0.10855528712272644
0.10411622375249863
0.09523809701204303
0.08555286377668381
0.09079903364181519
0.08192090690135956
0.08434221148490906
0.0879741758108139
0.0782889425754547
0.09927360713481904
0.10169491171836852
0.09443099051713943
0.10774818062782288
0.1045197769999504
0.11541565507650375
0.11945117264986038
0.1117836982011795
0.11743341386318205
0.11097659170627593
0.1093623861670494
0.11460855603218079
0.0996771603822708
0.10330911725759506
0.0996771603822708
0.11259079724550249
0.15294592082500455
0.17433413863182068
0.16384181380271912
0.21347860991954803
0.22074253857135767
0.17675544321537015
0.15092816948890686
0.1234866827726364
0.12227603048086166
0.08353511244058609
0.0742534324526787
0.05972558632493019
0.05407586693763733
0.05972558632493019
0.055690072476863854
0.04963680356740952
0.04882970079779625
0.06820016354322433
0.06981436908245087
0.06255044043064117
0.0714285746216774
0.20621469616889956
0.3845843374729157
0.7167070508003235
0.9741727113723754
0.7719935178756714
0.32728007435798645
0.0883777216076851
0.0
0.024213075637817383
0.04882970079779625
0.06981436908245087
0.07909604161977768
0.08071024715900421
0.07949959486722946
0.09402744472026825
0.0980629548430443
0.10330911725759506
0.09564164280891417
0.10169491171836852
0.1049233227968216
0.11460855603218079
0.0
0.0
0.0
0.0
0.0
0.0
0.0
0.0
0.0
0.0
0.0
0.0
0.0
0.0
0.0
0.0
0.0
0.0
0.0
0.0
0.0
0.0
0.0
0.0
