0.9229471087455747
0.42069742083549494
0.29133859276771545
0.14904387295246124
0.14341957867145538
0.16535432636737823
0.14735658466815948
0.15410573780536652
0.15410573780536652
0.15635545551776883
0.14735658466815948
0.14960630238056183
0.16366703808307648
0.16760404407978055
0.17210349440574646
0.16029246151447296
0.17210349440574646
0.18053993582725525
0.20022496581077573
0.1996625363826752
0.20359955728054047
0.21203599870204923
0.21259842813014984
0.213723286986351
0.24071991443634036
0.2559055089950561
0.2435320615768433
0.24915635585784912
0.2587176561355591
0.24634420871734616
0.23172102868556976
0.213723286986351
0.1996625363826752
0.1743532121181488
0.1692913323640823
0.15973003208637235
0.16141732037067413
0.15691788494586945
0.15691788494586945
0.1631046086549759
0.15241844952106476
0.1512935906648636
0.15973003208637235
0.1631046086549759
0.1586051732301712
0.18053993582725525
0.1788526475429535
0.17322835326194763
0.1737907826900482
0.17941507697105408
0.17547807097434995
0.1692913323640823
0.17322835326194763
0.1861642301082611
0.17266592383384705
0.17322835326194763
0.15410573780536652
0.1664791852235794
0.18953880667686465
0.2277840226888657
0.238470196723938
0.25703036785125727
0.2553430795669556
0.254780650138855
0.21203599870204923
0.1901012361049652
0.18672665953636167
0.14004498720169067
0.14116986095905304
0.13667041063308716
0.13329583406448364
0.11529808491468428
0.10911136120557784
0.12204724550247192
0.0753655806183815
0.0
0.16872890293598175
0.7030371427536011
1.0
0.4623171985149384
0.32283464074134827
0.15410573780536652
0.14341957867145538
0.14679415524005887
0.1462317258119583
0.14398200809955597
0.14173229038715363
0.1501687318086624
0.14566929638385773
0.15410573780536652
0.15691788494586945
0.17154105007648468
0.16422946751117706
0.0
0.0
0.0
0.0
0.0
0.0
0.0
0.0
0.0
0.0
0.0
0.0
0.0
0.0
0.0
0.0
0.0
0.0
0.0
0.0
0.0
0.0
0.0
0.0
0.0
0.0
0.0
0.0
0.0
0.0
0.0
0.0
0.0
0.0
0.0
0.0
0.0
0.0
0.0
