0.9302038550376893
0.7696108818054198
0.35083383321762085
0.058678194880485535
0.0315009281039238
0.13712167739868164
0.17665225267410278
0.21432983875274655
0.2192711532115936
0.220506489276886
0.22174181044101715
0.21865348517894745
0.23038913309574127
0.2260654717683792
0.24150709807872767
0.23780110478401184
0.246448427438736
0.24830141663551328
0.25262507796287537
0.2680667042732239
0.26250770688056946
0.2674490511417389
0.276714026927948
0.2958616316318512
0.30450895428657526
0.3180975914001465
0.34095120429992676
0.3458925187587738
0.3526868522167206
0.35948115587234497
0.3736874759197235
0.3810994327068329
0.38171711564064026
0.3928350806236267
0.3835701048374176
0.3829524517059326
0.3915997445583344
0.3810994327068329
0.3613341450691223
0.3397158682346344
0.33539220690727234
0.32242125272750854
0.30450895428657526
0.30080297589302063
0.2903026640415192
0.27794936299324036
0.277331680059433
0.2668313682079315
0.2668313682079315
0.2643607258796692
0.2637430429458618
0.2520074248313904
0.2544780671596527
0.2581840753555298
0.25386041402816767
0.25386041402816767
0.26003706455230713
0.24397777020931244
0.2470660954713821
0.2655960321426392
0.2594193816184997
0.2569487392902374
0.2470660954713821
0.246448427438736
0.25015440583229065
0.24397777020931244
0.24768374860286713
0.2470660954713821
0.24830141663551328
0.26930204033851624
0.27053737640380854
0.2569487392902374
0.2575663924217224
0.26621371507644653
0.2643607258796692
0.2649783790111542
0.2668313682079315
0.26312538981437683
0.2594193816184997
0.2618900537490845
0.2581840753555298
0.2618900537490845
0.2668313682079315
0.2742433547973633
0.26930204033851624
0.276714026927948
0.28968498110771174
0.3113032877445221
0.3106856048107147
0.3014206290245056
0.3051266074180603
0.3187152445316314
0.3582458198070526
0.3489808440208435
0.3533045053482056
0.3403335511684418
0.3341569006443024
0.3273625671863556
0.31562691926956177
0.28103768825531006
0.26065471768379206
0.2643607258796692
0.251389741897583
0.2569487392902374
0.25262507796287537
0.27053737640380854
0.24891908466815948
0.26003706455230713
0.25633105635643005
0.26250770688056946
0.2637430429458618
0.21062384545803073
0.12044472247362135
0.29771465063095087
0.7319332957267761
1.0
0.5521926879882812
0.246448427438736
0.0
0.11982705444097518
0.1890055537223816
0.2273008078336716
0.2711550295352936
0.2637430429458618
0.2736257016658783
0.28412601351737976
0.2804200053215027
0.2903026640415192
0.277331680059433
0.2828906774520874
0.0
0.0
