1.0
0.8495393991470338
0.36335721611976624
0.051177073270082474
0.0
0.24667349457740784
0.3582395017147064
0.3817809522151947
0.4022517800331116
0.3654043078422546
0.39406347274780273
0.4360286593437194
0.4401228129863739
0.4370521903038025
0.43193450570106506
0.46980553865432734
0.4974411427974701
0.468781977891922
0.4872057437896729
0.48925280570983887
0.5414534211158752
0.5752303004264832
0.5916069746017456
0.5772773623466492
0.5997952818870544
0.6755373477935791
0.7277379631996154
0.774820864200592
0.8055271506309509
0.8505629301071168
0.9160696268081664
0.9498464465141296
0.9344933629035949
0.8935517072677612
0.8433981537818909
0.7922210693359374
0.7062435746192932
0.6253838539123535
0.5148413777351379
0.49232342839241033
0.5404298901557921
0.5240532159805298
0.4626407325267792
0.44728761911392206
0.4483111500740051
0.48004093766212463
0.4790174067020416
0.466734915971756
0.482088029384613
0.46161720156669617
0.47185260057449346
0.4769703149795532
0.46775844693183893
0.4759467840194702
0.4411463737487793
0.4769703149795532
0.4851586520671845
0.4882292747497559
0.4759467840194702
0.454452395439148
0.4933469891548157
0.4994882345199585
0.5097236633300781
0.5557830333709717
0.5844421982765198
0.6223132014274597
0.6366428136825562
0.6305015087127686
0.5762538313865662
0.5025588274002075
0.545547604560852
0.5138177871704102
0.5025588274002075
0.45957010984420776
0.42784032225608826
0.4882292747497559
0.4994882345199585
0.47185260057449346
0.4564994871616364
0.4298874139785767
0.39918115735054016
0.0
0.0
0.0
0.0
0.0
0.0
0.0
0.0
0.0
0.0
0.0
0.0
0.0
0.0
0.0
0.0
0.0
0.0
0.0
0.0
0.0
0.0
0.0
0.0
0.0
0.0
0.0
0.0
0.0
0.0
0.0
0.0
0.0
0.0
0.0
0.0
0.0
0.0
0.0
0.0
0.0
0.0
0.0
0.0
0.0
0.0
0.0
0.0
0.0
0.0
0.0
