0.9915140867233276
0.5707905292510985
0.31978562474250793
0.18624386191368103
0.1134435012936592
0.0379633754491806
0.051362216472625725
0.030370701104402546
0.021884769201278687
0.012952210381627083
0.015185350552201273
0.019651630893349648
0.02054488658905029
0.020098257809877396
0.021884769201278687
0.01563197933137417
0.018758375197649
0.018758375197649
0.020098257809877396
0.019651630893349648
0.02277802675962448
0.02501116506755352
0.026351049542427063
0.023671282455325127
0.025457793846726418
0.026351049542427063
0.030370701104402546
0.04198302701115608
0.04287628456950188
0.04600267857313156
0.06029477342963219
0.06386779993772507
0.075033500790596
0.08977221697568893
0.10227780044078826
0.11880303919315338
0.12996873259544373
0.153640016913414
0.1715051382780075
0.18133094906806943
0.1755247861146927
0.15765966475009918
0.14694060385227203
0.12862884998321533
0.1129968762397766
0.10942385345697402
0.09915141016244888
0.09200535714626312
0.09066547453403474
0.08709245175123215
0.09334523975849152
0.09870477765798567
0.10004466027021408
0.0964716374874115
0.0969182699918747
0.0969182699918747
0.0964716374874115
0.09781152009963988
0.09781152009963988
0.09781152009963988
0.09423849731683731
0.09334523975849152
0.09379187226295473
0.09200535714626312
0.08619919419288635
0.08173291385173796
0.06833408027887344
0.06074140220880509
0.0576150082051754
0.055381868034601205
0.04823581874370575
0.057168379426002496
0.056721750646829605
0.05448861047625542
0.05046895891427994
0.05046895891427994
0.04600267857313156
0.04868244752287865
0.05404198169708252
0.05493523925542832
0.06208128482103348
0.05359535664319992
0.05582849308848381
0.05225547030568122
0.05225547030568122
0.0576150082051754
0.058508262038230896
0.05582849308848381
0.05225547030568122
0.056275121867656715
0.05895489081740379
0.05895489081740379
0.06386779993772507
0.06610094010829926
0.06744082272052765
0.07235372811555862
0.07190710306167603
0.06610094010829926
0.07324698567390442
0.07101384550333023
0.08709245175123215
0.09825815260410307
0.10272443294525146
0.12326931953430176
0.13041536509990692
0.16033942997455597
0.1755247861146927
0.15989281237125397
0.14024117588996887
0.11076373606920242
0.07146047055721283
0.058061633259058
0.04510942474007607
0.04242965579032897
0.04242965579032897
0.04242965579032897
0.05046895891427994
0.05180884152650833
0.055381868034601205
0.05493523925542832
0.06252791732549667
0.06878070533275604
0.07146047055721283
0.06476105749607086
0.0
0.04242965579032897
0.14470745623111725
0.3943724930286408
0.7820455431938171
1.0
0.578829824924469
0.3774006366729736
