0.9058079123497008
0.9981384873390196
0.578927755355835
0.3179449141025543
0.24162323772907257
0.15227103233337402
0.08972449600696564
0.07967237383127213
0.07892777025699614
0.06887564808130264
0.0621742382645607
0.06589724868535995
0.05621742457151413
0.07036485522985457
0.06589724868535995
0.06813105195760727
0.08897989243268967
0.07185405492782593
0.07930007576942445
0.09940432012081146
0.10573343187570572
0.13104988634586334
0.11094564199447632
0.13365599513053894
0.155621737241745
0.1731198877096176
0.19955323636531827
0.2144452780485153
0.25018614530563354
0.2714073061943054
0.29113924503326416
0.31124347448349
0.3134772777557373
0.32799702882766724
0.33581534028053284
0.3160834014415741
0.29858526587486267
0.24981385469436643
0.23119880259037015
0.19620253145694727
0.1649292558431625
0.1492926329374313
0.12285926938056944
0.1243484765291214
0.11429635435342787
0.10833954066038132
0.11169024556875227
0.09084139764308928
0.10126582533121108
0.10238272696733473
0.10387192666530608
0.11317945271730422
0.09717051684856415
0.10536113381385805
0.09940432012081146
0.11541325598955154
0.10312733054161072
0.0882352963089943
0.10052122175693512
0.08897989243268967
0.09233060479164125
0.09642591327428816
0.07855547219514848
0.07892777025699614
0.07892777025699614
0.07110945880413055
0.07855547219514848
0.055845122784376144
0.06254653632640839
0.0673864483833313
0.05733432620763779
0.06626954674720764
0.050632912665605545
0.07036485522985457
0.04877140745520592
0.042814593762159354
0.05026061087846756
0.032017871737480164
0.04355919733643532
0.043931495398283005
0.04244229197502136
0.04579300060868263
0.03425167500972748
0.03499627858400345
0.03983618691563606
0.03834698349237441
0.043931495398283005
0.03164556995034218
0.03983618691563606
0.04690990224480629
0.04802680388092995
0.07892777025699614
0.08004467934370042
0.0930752083659172
0.10908413678407668
0.13440059125423431
0.15636634826660156
0.12546537816524503
0.14705882966518402
0.12025316804647444
0.09605360776185987
0.04765450581908225
0.01973194256424904
0.027177959680557248
0.013402829878032207
0.01600893586874008
0.012285927310585976
0.0
0.0059568132273852825
0.016381235793232914
0.014892032369971275
0.021965747699141502
0.08897989243268967
0.28406551480293274
0.6049888134002686
1.0
0.9032017588615416
0.501116931438446
0.29672375321388245
0.20402084290981287
0.1113179475069046
0.08004467934370042
0.0647803395986557
0.06031273305416107
0.054355919361114495
0.04690990224480629
0.053239017724990845
0.042814593762159354
0.04988830909132957
0.05807892605662346
0.05361131951212882
0.06291884183883667
