1.0
0.532475471496582
0.19056372344493863
0.07720588147640227
0.08394607901573181
0.0888480395078659
0.19546568393707275
0.1991421580314636
0.21629901230335236
0.21691176295280457
0.2156862765550613
0.23161764442920685
0.2346813678741455
0.2352941185235977
0.25183823704719543
0.25857841968536377
0.26654410362243647
0.28370097279548645
0.31066176295280457
0.3174019753932953
0.2959558963775635
0.3676470518112183
0.4080882370471954
0.41237744688987726
0.4362744987010956
0.4626225531101226
0.4975490272045136
0.5165441036224365
0.5257353186607361
0.5367646813392639
0.5116421580314636
0.46446079015731806
0.4037990272045136
0.33946079015731806
0.28921568393707275
0.26225489377975464
0.22181372344493863
0.2034313678741455
0.17279411852359772
0.15502451360225675
0.16053920984268188
0.18137255311012268
0.1715686321258545
0.18014705181121823
0.17463235557079315
0.1764705926179886
0.1948529481887817
0.17953431606292725
0.2034313678741455
0.1875
0.21384803950786593
0.1844362765550613
0.1844362765550613
0.2040441185235977
0.18995098769664764
0.15073528885841367
0.1660539209842682
0.15931372344493863
0.1636029481887817
0.16299019753932953
0.16911764442920685
0.15625
0.15196079015731812
0.1305147111415863
0.1348039209842682
0.13174019753932953
0.1556372493505478
0.1452205926179886
0.15073528885841367
0.13419117033481595
0.13174019753932953
0.125
0.14399509131908417
0.17892156541347504
0.21507352590560916
0.250612735748291
0.26838234066963196
0.29350489377975464
0.2861519753932953
0.24387255311012268
0.2604166567325592
0.22426471114158633
0.1409313678741455
0.13112744688987732
0.12438725680112837
0.09375
0.1145833358168602
0.10845588147640228
0.07536764442920685
0.09865196049213408
0.08578431606292723
0.09129901975393297
0.1354166716337204
0.3590686321258545
0.4479166567325592
0.5098039507865906
0.9705882072448729
0.716911792755127
0.2248774468898773
0.0
0.02818627469241619
0.06495098024606705
0.14399509131908417
0.14215686917304993
0.15625
0.16299019753932953
0.1764705926179886
0.1832107901573181
0.19730392098426816
0.1844362765550613
0.1776960790157318
0.2340686321258545
0.2291666716337204
0.23651960492134091
0.24448528885841367
0.2591911852359772
0.0
0.0
0.0
0.0
0.0
0.0
0.0
0.0
0.0
0.0
0.0
0.0
0.0
0.0
0.0
0.0
