1.0
0.9051094651222227
0.510948896408081
0.3105839490890503
0.21970802545547485
0.1288321167230606
0.09817518293857574
0.08321167528629304
0.07883211970329283
0.0729926973581314
0.0656934306025505
0.07189781218767166
0.06167883053421974
0.06861314177513123
0.07664233446121216
0.07226277142763139
0.08138686418533325
0.06678832322359085
0.08430656790733337
0.09343065321445464
0.10875912755727768
0.131386861205101
0.12299270182847977
0.14452554285526276
0.15948905050754547
0.1748175173997879
0.2109488993883133
0.21021898090839383
0.25656935572624207
0.27518248558044434
0.2872262895107269
0.31934306025505066
0.30620437860488886
0.32116788625717163
0.30948904156684875
0.2883211672306061
0.2675182521343231
0.22189781069755557
0.19598540663719177
0.16861313581466675
0.13978102803230283
0.13102190196514127
0.10000000149011612
0.09635036438703537
0.10255474597215652
0.09197080135345459
0.0948905125260353
0.07080291956663132
0.08759123831987381
0.08613138645887376
0.070437952876091
0.08941605687141417
0.07664233446121216
0.08576641976833342
0.09817518293857574
0.08941605687141417
0.10109489411115646
0.0751824826002121
0.08175182342529295
0.08175182342529295
0.07846715301275253
0.07664233446121216
0.06350365281105042
0.0729926973581314
0.070437952876091
0.06131386756896973
0.07189781218767166
0.05948905274271965
0.05729927122592927
0.05766423419117928
0.05145985260605812
0.06532846391201019
0.05072992667555809
0.05948905274271965
0.06167883053421974
0.054014597088098526
0.058394160121679306
0.04416058212518692
0.04927007481455802
0.060583941638469696
0.046715326607227325
0.05729927122592927
0.03759124130010605
0.05291970819234848
0.03248175233602524
0.02956204302608967
0.045985400676727295
0.028467154130339622
0.0437956191599369
0.06021897867321968
0.07153284549713135
0.09197080135345459
0.09160584211349489
0.11459854245185852
0.15328466892242432
0.13467153906822205
0.14233577251434326
0.10510949045419692
0.10072992742061614
0.05145985260605812
0.02189780957996845
0.020802918821573257
0.0
0.004014598671346903
0.008759124204516409
0.0007299269782379269
0.006569343153387308
0.0010948905255645511
0.001459853956475854
0.006934306584298611
0.04124087467789649
0.21678832173347476
0.46934306621551514
0.8671532869338989
0.9572992920875549
0.590146005153656
0.3306569457054138
0.0
0.0
0.0
0.0
0.0
0.0
0.0
0.0
0.0
0.0
0.0
0.0
0.0
0.0
0.0
