0.9704356789588928
0.8366182446479796
0.47510373592376715
0.1488589197397232
0.15923236310482025
0.1348547786474228
0.04045643284916878
0.04512448236346245
0.04045643284916878
0.04097510501742362
0.05497925356030464
0.03630705550312996
0.03838174417614937
0.05705394223332405
0.03630705550312996
0.0565352700650692
0.04927385970950127
0.05446058139204978
0.06172199174761772
0.05497925356030464
0.06068464741110802
0.05134854838252068
0.04979253187775612
0.06535270065069199
0.033195022493600845
0.024896265938878056
0.026452282443642616
0.05342323705554008
0.04616182669997215
0.07883817702531815
0.08869294822216035
0.09076763689517975
0.11099585145711897
0.1052904576063156
0.11566390097141264
0.13122406601905823
0.12188796699047089
0.13070540130138397
0.14834025502204895
0.15560166537761688
0.15197095274925232
0.141078844666481
0.16649377346038818
0.15197095274925232
0.15456432104110715
0.170643150806427
0.1685684621334076
0.1945020705461502
0.1913900375366211
0.20383816957473755
0.2401452213525772
0.22147302329540247
0.19709543883800504
0.1779045611619949
0.18724066019058228
0.16597510874271393
0.1716804951429367
0.17375518381595612
0.14211618900299072
0.09906639158725737
0.08246888220310211
0.0803941935300827
0.08402489870786665
0.0752074718475342
0.07417012751102446
0.002074688905850053
0.0005186722264625132
0.04771784320473671
0.0
0.221991702914238
0.6654564142227173
1.0
0.7951244711875916
0.3915975093841553
0.16545642912387848
0.23080912232398984
0.18516597151756287
0.08765560388565062
0.05912863090634345
0.07313278317451477
0.05342323705554008
0.06275933980941772
0.05497925356030464
0.06690871715545654
0.07002075016498566
0.0
0.0
0.0
0.0
0.0
0.0
0.0
0.0
0.0
0.0
0.0
0.0
0.0
0.0
0.0
0.0
0.0
0.0
0.0
0.0
0.0
0.0
0.0
0.0
0.0
0.0
0.0
0.0
0.0
0.0
0.0
0.0
0.0
0.0
0.0
0.0
0.0
0.0
0.0
0.0
0.0
0.0
0.0
0.0
0.0
0.0
0.0
