0.8524762988090515
0.8693361282348634
0.8008430004119873
0.6322444677352905
0.4225500524044037
0.2813487946987152
0.2813487946987152
0.0
0.18018966913223264
0.6269757747650145
0.8145416378974913
0.868282377719879
0.8419388532638551
0.7376185655593872
0.7302423715591431
0.7197049260139465
0.6954689025878905
0.7017913460731505
0.679662823677063
0.7133824825286865
0.7007375955581665
0.7091675400733948
0.7207586765289306
0.711275041103363
0.7513172030448914
0.761854588985443
0.8103266358375549
0.8609062433242797
0.8861960172653198
0.95574289560318
0.9704952836036682
0.994731307029724
1.0
0.9641728401184082
0.95574289560318
0.8830347657203673
0.7818756699562072
0.6965226531028748
0.6217070817947388
0.5827186703681946
0.5289778709411621
0.5237091779708862
0.5953635573387146
0.5858798623085022
0.6480506062507628
0.667017936706543
0.717597484588623
0.7776606678962708
0.7787144184112548
0.793466806411743
0.8145416378974913
0.7955743074417113
0.7650157809257507
0.717597484588623
0.7154899835586548
0.7291886210441588
0.7334035634994506
0.7323498129844666
0.7102212905883789
0.7197049260139465
0.0
0.0
0.0
0.0
0.0
0.0
0.0
0.0
0.0
0.0
0.0
0.0
0.0
0.0
0.0
0.0
0.0
0.0
0.0
0.0
0.0
0.0
0.0
0.0
0.0
0.0
0.0
0.0
0.0
0.0
0.0
0.0
0.0
0.0
0.0
0.0
0.0
0.0
0.0
0.0
0.0
0.0
0.0
0.0
0.0
0.0
0.0
0.0
0.0
0.0
0.0
0.0
0.0
0.0
0.0
0.0
0.0
0.0
0.0
0.0
0.0
0.0
0.0
0.0
0.0
0.0
0.0
0.0
0.0
0.0
0.0
0.0
