1.0
0.9528071880340576
0.9869812726974488
0.9650121927261353
0.9454841613769532
0.9381611347198486
0.9202603697776793
0.8600488305091859
0.7892595529556273
0.7331163287162781
0.7762408256530762
0.7575264573097229
0.6704638004302979
0.6786004900932312
0.6802278161048889
0.6729047894477844
0.7095199227333069
0.7485761046409608
0.6769731640815735
0.6493083834648132
0.6615134477615356
0.7331163287162781
0.6192026138305664
0.621643602848053
0.6029292345046997
0.6460537314414978
0.6289666295051575
0.5191212296485901
0.5866557955741881
0.49308380484580994
0.4418226182460785
0.5012205243110657
0.5622457265853882
0.6013018488883972
0.5907241702079773
0.6110659241676331
0.6672090888023376
0.7485761046409608
0.737184703350067
0.7249796390533446
0.7445077300071715
0.7078925967216492
0.7314890027046204
0.6777868270874025
0.6574450731277466
0.6509357094764708
0.6590723991394042
0.6753458380699158
0.6419853568077089
0.6265256404876709
0.6281529664993286
0.6151342391967772
0.6143205761909485
0.5817738175392151
0.5768917798995972
0.5980471968650818
0.5549226999282837
0.5191212296485901
0.2961757481098175
0.1326281577348709
0.06672091037034988
0.1627339273691177
0.0
0.131000816822052
0.3628966510295868
0.4873881340026856
0.5915378332138062
0.5834011435508728
0.5296989679336548
0.5012205243110657
0.48006510734558105
0.4768104255199432
0.47111472487449646
0.45728233456611633
0.432058572769165
0.40683481097221375
0.3702196776866913
0.40764850378036493
0.3848657310009002
0.39625713229179377
0.4377542734146118
0.5280715823173523
0.5890968441963196
0.6354759931564331
0.6761595010757446
0.7729861736297606
0.8250610232353209
0.8429617285728455
0.8177379965782164
0.806346595287323
0.7412530779838562
0.6769731640815735
0.6208299398422241
0.5736371278762816
0.5581773519515991
0.5443450212478638
0.5215622186660768
0.5256305932998657
0.4938974678516388
0.5028478503227234
0.48982912302017206
0.47192838788032526
0.4735557436943054
0.4458909630775452
0.4580960273742676
0.4458909630775452
0.4418226182460785
0.45321398973464966
0.434499591588974
0.43856793642044073
0.4410089552402496
0.43043124675750727
0.43938159942626953
0.4279902279376984
0.0
0.0
0.0
0.0
0.0
0.0
0.0
0.0
0.0
0.0
0.0
0.0
0.0
0.0
0.0
0.0
0.0
0.0
