1.0
0.6464354395866394
0.2678227424621582
0.0
0.10693641752004623
0.3102119565010071
0.373795747756958
0.4084778428077698
0.38921001553535456
0.43448939919471746
0.43641617894172663
0.4354527890682221
0.460500955581665
0.4335260093212128
0.47976878285408014
0.4865125119686127
0.4710982739925385
0.4971098303794861
0.48458573222160334
0.5327553153038025
0.5568400621414185
0.5491329431533812
0.5818882584571838
0.5944123268127441
0.6522157788276672
0.6994219422340393
0.7514451146125793
0.7870905399322509
0.8015414476394653
0.8535645604133606
0.918111741542816
0.9238920807838441
0.9344894289970398
0.9017341136932371
0.8439306616783142
0.7687861323356627
0.6647399067878723
0.5992292761802673
0.5308285355567932
0.5356454849243164
0.5269749760627747
0.485549122095108
0.4739884436130524
0.41329479217529297
0.42581889033317566
0.4672447144985199
0.45857417583465576
0.43448939919471746
0.41522157192230225
0.4470134973526001
0.45086705684661865
0.4412331283092498
0.4219653308391571
0.40269750356674194
0.44797688722610474
0.4595375657081604
0.438342958688736
0.4277456700801849
0.4055876731872559
0.4450867176055908
0.4566473960876465
0.4296724498271942
0.4325626194477081
0.0
0.0
0.0
0.0
0.0
0.0
0.0
0.0
0.0
0.0
0.0
0.0
0.0
0.0
0.0
0.0
0.0
0.0
0.0
0.0
0.0
0.0
0.0
0.0
0.0
0.0
0.0
0.0
0.0
0.0
0.0
0.0
0.0
0.0
0.0
0.0
0.0
0.0
0.0
0.0
0.0
0.0
0.0
0.0
0.0
0.0
0.0
0.0
0.0
0.0
0.0
0.0
0.0
0.0
0.0
0.0
0.0
0.0
0.0
0.0
0.0
0.0
0.0
0.0
0.0
0.0
0.0
0.0
0.0
