0.9526795744895936
0.6351197361946106
0.08380843698978424
0.0
0.09007981419563293
0.08551881462335585
0.13397946953773499
0.12314709275960922
0.13968072831630707
0.13226909935474396
0.11459521204233168
0.149372860789299
0.16761687397956848
0.15735462307929993
0.15963512659072876
0.14025086164474487
0.16419611871242523
0.1624857485294342
0.1550741195678711
0.17445838451385498
0.15336373448371887
0.20581528544425964
0.20980615913867953
0.1818700134754181
0.22177879512310028
0.17844925820827484
0.25655645132064814
0.24116306006908417
0.2502850592136383
0.25427594780921936
0.26567843556404114
0.2901938557624817
0.27822121977806086
0.285062700510025
0.31356897950172424
0.27309009432792664
0.29304447770118713
0.24857468903064728
0.18757127225399017
0.19270239770412445
0.1488027423620224
0.16761687397956848
0.15678448975086212
0.12428734451532364
0.16989737749099731
0.1351197212934494
0.1499429941177368
0.14025086164474487
0.1351197212934494
0.1442417353391647
0.1482326090335846
0.15393386781215668
0.1499429941177368
0.13283921778202057
0.17730900645256042
0.12485747039318083
0.17958950996398923
0.1693272590637207
0.15279361605644226
0.149372860789299
0.13797035813331604
0.16077536344528198
0.1499429941177368
0.18415051698684687
0.202964648604393
0.2086659073829651
0.27251994609832764
0.2371721714735031
0.25256556272506714
0.24629418551921844
0.1619156152009964
0.18871150910854337
0.14652223885059357
0.12314709275960922
0.09692132472991943
0.030786773189902306
0.10490307956933977
0.10547320544719696
0.06271379441022873
0.09122006595134736
0.06499429792165756
0.039338655769824975
0.030216647312045097
0.2103762775659561
0.7166476845741272
1.0
0.6778791546821593
0.0820980593562126
0.026225769892334935
0.10490307956933977
0.09179019182920457
0.11858608573675156
0.09863170236349104
0.09236031770706175
0.11060433089733124
0.09692132472991943
0.10034207254648209
0.07810718566179276
0.09692132472991943
0.12713797390460968
0.10433295369148254
0.13340935111045835
0.0
0.0
0.0
0.0
0.0
0.0
0.0
0.0
0.0
0.0
0.0
0.0
0.0
0.0
0.0
0.0
0.0
0.0
0.0
0.0
0.0
0.0
0.0
0.0
0.0
0.0
0.0
0.0
0.0
0.0
