0.9733796119689939
0.8032407164573668
0.41203704476356506
0.21122685074806213
0.2390046268701553
0.16203702986240387
0.07928241044282913
0.12789352238178253
0.12442129850387572
0.11342592537403107
0.17824074625968933
0.17418982088565826
0.1892361044883728
0.2100694477558136
0.2008101791143417
0.22280092537403104
0.2204861044883728
0.20601852238178253
0.2390046268701553
0.21875
0.25578704476356506
0.23495370149612424
0.24421297013759613
0.20543982088565824
0.18287037312984464
0.22453702986240384
0.20543982088565824
0.19675925374031064
0.20891202986240384
0.19560185074806213
0.2135416716337204
0.19155092537403104
0.2100694477558136
0.22164352238178253
0.21238425374031064
0.22974537312984464
0.20196759700775144
0.2199074029922485
0.22858797013759613
0.17418982088565826
0.20891202986240384
0.1753472238779068
0.1851851791143417
0.19675925374031064
0.18460647761821744
0.22511574625968933
0.26793980598449707
0.30266204476356506
0.32523149251937866
0.2748842537403106
0.30324074625968933
0.25752314925193787
0.26620370149612427
0.24189814925193784
0.22453702986240384
0.2239583283662796
0.1539351791143417
0.1493055522441864
0.12210648506879807
0.10706018656492232
0.15162037312984467
0.14872685074806213
0.1319444477558136
0.0590277761220932
0.08217592537403105
0.0
0.09317129850387572
0.5271990895271301
1.0
0.9403935074806211
0.5266203880310059
0.2378472238779068
0.3402777910232544
0.2604166567325592
0.15856482088565826
0.2135416716337204
0.1921296268701553
0.22685185074806213
0.2517361044883728
0.25
0.26793980598449707
0.0
0.0
0.0
0.0
0.0
0.0
0.0
0.0
0.0
0.0
0.0
0.0
0.0
0.0
0.0
0.0
0.0
0.0
0.0
0.0
0.0
0.0
0.0
0.0
0.0
0.0
0.0
0.0
0.0
0.0
0.0
0.0
0.0
0.0
0.0
0.0
0.0
0.0
0.0
0.0
0.0
0.0
0.0
0.0
0.0
0.0
0.0
0.0
0.0
0.0
0.0
