1.0
0.6381025314331055
0.33511859178543085
0.11782708764076232
0.02677888236939907
0.08722265064716339
0.2471308410167694
0.42157614231109614
0.4973221123218536
0.4850803315639496
0.5156847834587097
0.5210405588150024
0.534812569618225
0.5141545534133911
0.5110940933227539
0.5210405588150024
0.5141545534133911
0.5363427400588989
0.5026779174804688
0.5118592381477356
0.5432287454605104
0.5080336928367615
0.5462892055511475
0.5302218794822693
0.5118592381477356
0.5340474247932434
0.4950267672538757
0.4988523423671722
0.4674827754497528
0.4506503343582153
0.449885219335556
0.4254016876220703
0.47130835056304926
0.4881407916545868
0.4934965670108795
0.548584520816803
0.5401683449745177
0.5684774518013
0.5394032001495361
0.5462892055511475
0.5661820769309998
0.5271614193916321
0.548584520816803
0.5508798956871033
0.5133894681930542
0.5478194355964661
0.5325171947479248
0.5462892055511475
0.534812569618225
0.5095638632774353
0.5409334301948547
0.5447589755058289
0.5646518468856812
0.5432287454605104
0.5394032001495361
0.5447589755058289
0.5516449809074402
0.5684774518013
0.5478194355964661
0.5340474247932434
0.5462892055511475
0.5095638632774353
0.5623565316200256
0.5516449809074402
0.5363427400588989
0.543993890285492
0.5363427400588989
0.5807192325592041
0.5340474247932434
0.514919638633728
0.5631216764450073
0.5409334301948547
0.5646518468856812
0.5241010189056396
0.5263963341712952
0.5661820769309998
0.5371078848838806
0.5547054409980774
0.5294567942619324
0.5256311893463135
0.5462892055511475
0.5386381149291992
0.556235671043396
0.5493496656417847
0.5814843177795409
0.6381025314331055
0.6327467560768129
0.6602907180786133
0.7184391617774963
0.698546290397644
0.7061973810195923
0.6365723013877869
0.5975516438484192
0.5921958684921265
0.5784238576889038
0.5501147508621216
0.45983168482780457
0.5080336928367615
0.5003825426101685
0.48048967123031616
0.4322876930236816
0.13695485889911652
0.1775057315826416
0.5508798956871033
0.8569242358207703
0.606732964515686
0.3121652603149414
0.09946442395448685
0.0
0.027543993666768078
0.21805661916732788
0.36725324392318726
0.45906656980514526
0.4537107944488525
0.4483550190925598
0.4973221123218536
0.45753633975982666
0.5042080879211426
0.4781943261623383
0.4613618850708008
0.5042080879211426
0.4781943261623383
0.4881407916545868
0.4820199012756348
0.45600610971450806
0.483550101518631
0.4973221123218536
0.0
0.0
0.0
0.0
0.0
