0.9665871262550354
1.0
0.680190920829773
0.5226730108261108
0.13762927055358887
0.03659506887197495
0.06762132048606873
0.20604613423347476
0.4041368365287781
0.4574383497238159
0.49085122346878046
0.5330151319503784
0.500397801399231
0.5218774676322937
0.5155131220817566
0.5282418727874756
0.5688146352767944
0.5521081686019897
0.5473349094390869
0.530628502368927
0.5425616502761841
0.560859203338623
0.5489259958267212
0.5640413761138916
0.5274463295936584
0.5274463295936584
0.5338106751441956
0.5139220356941223
0.49164676666259766
0.47016707062721247
0.4192521870136261
0.43277645111083984
0.34924423694610596
0.37072393298149114
0.38822594285011286
0.4383452534675598
0.4852824211120605
0.5210819244384766
0.5839300155639648
0.5799522399902344
0.5632458329200745
0.5831344723701477
0.5648369193077089
0.5688146352767944
0.5266507267951965
0.5568814873695374
0.5576770305633545
0.5560859441757202
0.5322195887565613
0.5282418727874756
0.530628502368927
0.5560859441757202
0.5369928479194641
0.5449482798576354
0.5059666037559509
0.5441527366638184
0.5338106751441956
0.517899751663208
0.5560859441757202
0.5155131220817566
0.5226730108261108
0.5529037117958069
0.5115354061126709
0.5457438230514526
0.5083532333374025
0.5226730108261108
0.5298329591751099
0.5266507267951965
0.5330151319503784
0.4884645938873291
0.49164676666259766
0.49880668520927435
0.5059666037559509
0.5202863812446593
0.4852824211120605
0.5171042084693909
0.5330151319503784
0.5163086652755737
0.5401750206947327
0.5202863812446593
0.5990453362464905
0.661893367767334
0.6038185954093933
0.6953063011169434
0.692919671535492
0.6714399456977844
0.6849641799926758
0.5799522399902344
0.5863166451454163
0.6054096817970276
0.5393794775009155
0.517899751663208
0.4470962584018707
0.43914079666137695
0.4558472633361816
0.4240254461765289
0.39459028840065
0.12092283368110655
0.22991248965263367
0.8090692162513733
0.934765338897705
0.6865552663803101
0.3731105923652649
0.1392203718423843
0.0031821797601878643
0.0
0.21797931194305417
0.3683373034000397
0.45266506075859064
0.4423229992389679
0.4781225025653839
0.4741447865962982
0.4518695175647736
0.5027844309806824
0.4653937816619873
0.49403342604637146
0.49880668520927435
0.4717581570148468
0.4980111420154572
0.4677804410457611
0.0
0.0
0.0
0.0
0.0
0.0
0.0
0.0
0.0
0.0
0.0
0.0
