1.0
0.8589251637458801
0.5047984719276428
0.22936660051345825
0.2207293659448624
0.17226487398147583
0.08349328488111496
0.05182341486215592
0.05134357139468193
0.047984644770622246
0.07773512601852417
0.07053742557764053
0.06525911390781403
0.08685220777988435
0.06909789144992828
0.11900191754102706
0.10556621849536896
0.0796545073390007
0.11324375867843628
0.07485604286193846
0.08877159655094145
0.0604606531560421
0.09021113067865373
0.03886756300926208
0.06094050034880638
0.05998080596327782
0.0604606531560421
0.0796545073390007
0.0604606531560421
0.09836852550506592
0.11036468297243118
0.123320534825325
0.11948176473379137
0.10796545445919035
0.1511516273021698
0.15451055765151975
0.11660268902778624
0.1348368525505066
0.12571977078914642
0.1453934758901596
0.1535508632659912
0.15019193291664124
0.13963530957698822
0.1309980750083923
0.1540307104587555
0.1343570053577423
0.16314779222011566
0.1727447211742401
0.16554702818393707
0.19049903750419617
0.2298464477062225
0.23896352946758273
0.24136276543140409
0.19961611926555636
0.1976967304944992
0.19577735662460327
0.17370441555976868
0.15451055765151975
0.19049903750419617
0.10556621849536896
0.1070057600736618
0.09165067225694656
0.09596928954124449
0.1127639189362526
0.09213051944971085
0.05374280363321304
0.0
0.048464491963386536
0.05518234148621559
0.16698656976222992
0.5134357213973999
0.9937620162963868
0.8675623536109923
0.5364683270454407
0.23464491963386533
0.21161228418350217
0.18714012205600736
0.12140115350484848
0.08157389611005783
0.06813819706439972
0.06957773864269257
0.07053742557764053
0.07821497321128845
0.09740883111953735
0.09788867831230164
0.0
0.0
0.0
0.0
0.0
0.0
0.0
0.0
0.0
0.0
0.0
0.0
0.0
0.0
0.0
0.0
0.0
0.0
0.0
0.0
0.0
0.0
0.0
0.0
0.0
0.0
0.0
0.0
0.0
0.0
0.0
0.0
0.0
0.0
0.0
0.0
0.0
0.0
0.0
0.0
0.0
0.0
0.0
0.0
0.0
0.0
0.0
