0.959999978542328
1.0
0.7763265371322631
0.4065306186676025
0.2595918476581573
0.14122448861598969
0.1077551022171974
0.11510203778743744
0.11346938461065292
0.07510203868150711
0.062040816992521286
0.08244898170232771
0.07102040946483612
0.07265306264162062
0.08081632852554321
0.09142857044935225
0.07428571581840515
0.07673469185829161
0.1118367314338684
0.08408163487911224
0.09795918315649033
0.07673469185829161
0.08653061091899872
0.08653061091899872
0.09387755393981932
0.07673469185829161
0.08081632852554321
0.0693877562880516
0.04326530545949936
0.02530612237751484
0.026938775554299355
0.01224489789456129
0.0
0.013061224482953548
0.008163264952600002
0.04408163204789162
0.03591836616396904
0.0636734664440155
0.08163265138864517
0.07836734503507614
0.10448979586362837
0.08734694123268126
0.13387754559516907
0.12408163398504256
0.11346938461065292
0.14448979496955872
0.1428571492433548
0.1469387710094452
0.11020407825708388
0.12897959351539612
0.1330612301826477
0.12408163398504256
0.11265306174755096
0.11836734414100646
0.11755102127790452
0.10693877190351486
0.11999999731779099
0.13469387590885162
0.1387755125761032
0.1697959154844284
0.14448979496955872
0.13795918226242063
0.22938776016235352
0.19755102694034576
0.20408163964748385
0.21551020443439484
0.16897958517074585
0.15102040767669675
0.11102040857076644
0.04408163204789162
0.08163265138864517
0.09959183633327484
0.0963265299797058
0.08897959440946579
0.10857142508029936
0.11510203778743744
0.14448979496955872
0.2106122374534607
0.47510203719139094
0.6873469352722168
0.69551020860672
0.882448971271515
0.973061203956604
1.0
0.98612242937088
0.6473469138145447
0.33469387888908386
0.22530612349510193
0.1697959154844284
0.19755102694034576
0.2081632614135742
0.1926530599594116
0.15020407736301422
0.16081632673740387
0.1485714316368103
0.17387755215168
0.17142857611179352
0.182040810585022
0.17469388246536255
0.0
0.0
0.0
0.0
0.0
0.0
0.0
0.0
0.0
0.0
0.0
0.0
0.0
0.0
0.0
0.0
0.0
0.0
0.0
0.0
0.0
0.0
0.0
0.0
0.0
0.0
0.0
0.0
0.0
0.0
0.0
0.0
0.0
