1.0
0.68438321352005
0.0984251946210861
0.0
0.15944881737232208
0.14763779938220975
0.17519685626029968
0.1384514421224594
0.1384514421224594
0.14041994512081146
0.1423884481191635
0.17322835326194763
0.14041994512081146
0.158792644739151
0.15682414174079895
0.14107611775398254
0.1916010528802872
0.15026246011257172
0.1666666716337204
0.15551181137561798
0.1463254541158676
0.2060367465019226
0.1391076147556305
0.17782151699066162
0.16076114773750305
0.1423884481191635
0.1916010528802872
0.18372704088687897
0.20209974050521848
0.20078739523887637
0.21653543412685397
0.2690288722515106
0.2316273003816605
0.2539370059967041
0.2342519611120224
0.22769029438495636
0.25196850299835205
0.2230971157550812
0.25
0.2375328093767166
0.19685038924217224
0.24081364274024963
0.20144356787204745
0.21522310376167297
0.2073490768671036
0.20472441613674164
0.2591863572597504
0.2139107584953308
0.22834645211696625
0.22900262475013727
0.21128608286380768
0.2532808482646942
0.2716535329818725
0.29986876249313354
0.3090551197528839
0.33989500999450684
0.37992125749588007
0.3497375249862671
0.38845145702362066
0.40354329347610474
0.35958003997802734
0.35039371252059937
0.25262466073036194
0.218503937125206
0.21194225549697876
0.17585301399230957
0.21981626749038696
0.2139107584953308
0.1916010528802872
0.17060367763042447
0.17585301399230957
0.19488188624382016
0.0433070883154869
0.1824146956205368
0.5459317564964294
0.7644357085227966
0.992782175540924
0.5052493214607239
0.03608923777937889
0.09973753243684769
0.19947506487369537
0.190288707613945
0.1620734930038452
0.1699475049972534
0.1916010528802872
0.16141732037067413
0.21522310376167297
0.1699475049972534
0.1916010528802872
0.18372704088687897
0.0
0.0
0.0
0.0
0.0
0.0
0.0
0.0
0.0
0.0
0.0
0.0
0.0
0.0
0.0
0.0
0.0
0.0
0.0
0.0
0.0
0.0
0.0
0.0
0.0
0.0
0.0
0.0
0.0
0.0
0.0
0.0
0.0
0.0
0.0
0.0
0.0
0.0
0.0
0.0
0.0
0.0
