1.0
0.7365638613700866
0.4511013329029083
0.09779735654592514
0.014096916653215883
0.1356828212738037
0.1656387597322464
0.22290748357772827
0.21409691870212555
0.2026431709527969
0.2035242319107056
0.1903083771467209
0.22202643752098083
0.2185022085905075
0.20792952179908752
0.20881056785583496
0.20440529286861417
0.22995594143867487
0.21762114763259888
0.21145375072956085
0.22995594143867487
0.22290748357772827
0.22819383442401883
0.24493391811847687
0.21938325464725492
0.25903084874153137
0.2563876509666443
0.27488985657691956
0.2784141004085541
0.30925109982490534
0.31629955768585205
0.3127753436565399
0.3480176329612732
0.3603524267673493
0.35154184699058527
0.39118942618370056
0.3524228930473328
0.38325992226600647
0.3674008846282959
0.34625551104545593
0.35418501496315
0.3171806037425995
0.325110137462616
0.2925110161304474
0.26960352063179016
0.2651982307434082
0.24229075014591217
0.2643171846866608
0.2519823908805847
0.25550660490989685
0.2528634369373321
0.2370043992996216
0.26167401671409607
0.25022026896476746
0.24052862823009488
0.2493392080068588
0.2370043992996216
0.2599118947982788
0.24581497907638547
0.24669604003429407
0.2687224745750427
0.24405285716056824
0.23876652121543884
0.27224668860435486
0.2511013150215149
0.25814977288246155
0.2370043992996216
0.2528634369373321
0.25903084874153137
0.2431718111038208
0.23964758217334747
0.22378854453563687
0.24140968918800357
0.2325991243124008
0.2158590257167816
0.23612335324287412
0.21938325464725492
0.24405285716056824
0.24052862823009488
0.266079306602478
0.30748897790908813
0.3136563897132873
0.3656387627124786
0.3427312672138214
0.4017621278762817
0.4634361267089844
0.4317180514335632
0.4255506694316864
0.3876652121543884
0.3427312672138214
0.32158589363098145
0.2519823908805847
0.2493392080068588
0.20704846084117887
0.20000000298023224
0.2026431709527969
0.1629955917596817
0.1929515451192856
0.20440529286861417
0.1903083771467209
0.21674008667469025
0.18502202630043027
0.37180617451667786
0.3682819306850433
0.6757709383964539
0.9665198326110842
0.8185021877288817
0.5268722176551819
0.3154185116291046
0.0
0.1903083771467209
0.177092507481575
0.2378854602575302
0.23612335324287412
0.2185022085905075
0.22995594143867487
0.21409691870212555
0.23171806335449216
0.23436123132705688
0.22819383442401883
0.24493391811847687
0.2475770860910416
0.2704845666885376
0.2651982307434082
0.24405285716056824
0.28546255826950073
0.0
0.0
0.0
0.0
0.0
0.0
