0.9959555268287658
0.5985844135284424
0.13852375745773315
0.0
0.12639029324054718
0.3124368190765381
0.37917086482048035
0.3741152584552765
0.41759353876113886
0.4135490357875824
0.43377149105072016
0.46107178926467896
0.44590494036674494
0.48634985089302063
0.47724974155426025
0.49848333001136774
0.5197168588638306
0.5379170775413513
0.5813953280448914
0.5824064612388611
0.6228513717651367
0.6491405367851257
0.6511628031730652
0.7259858250617982
0.7158746123313904
0.7674418687820433
0.8240647315979005
0.8321536779403687
0.8948432803153991
0.8978766202926636
0.9352881908416749
0.9706774353981018
0.9686552286148072
1.0
0.9271991848945615
0.8473204970359801
0.7775530815124511
0.6683518886566162
0.6268958449363708
0.5429726839065552
0.5257835984230042
0.512639045715332
0.4671385288238525
0.4691607654094696
0.45500504970550537
0.4499494433403015
0.46410515904426575
0.4266936182975769
0.47623863816261286
0.46107178926467896
0.4661273956298828
0.4752275049686432
0.4509605765342712
0.4529828131198883
0.4489383101463318
0.4277047514915466
0.4509605765342712
0.419615775346756
0.463094025850296
0.43983823060989374
0.46410515904426575
0.5146612524986267
0.49747219681739807
0.5409504771232605
0.0
0.0
0.0
0.0
0.0
0.0
0.0
0.0
0.0
0.0
0.0
0.0
0.0
0.0
0.0
0.0
0.0
0.0
0.0
0.0
0.0
0.0
0.0
0.0
0.0
0.0
0.0
0.0
0.0
0.0
0.0
0.0
0.0
0.0
0.0
0.0
0.0
0.0
0.0
0.0
0.0
0.0
0.0
0.0
0.0
0.0
0.0
0.0
0.0
0.0
0.0
0.0
0.0
0.0
0.0
0.0
0.0
0.0
0.0
0.0
0.0
0.0
0.0
0.0
0.0
0.0
0.0
0.0
