1.0
0.9572546482086179
0.5996387600898743
0.301625519990921
0.3034316599369049
0.26911500096321106
0.15833835303783417
0.1493076533079147
0.1571342498064041
0.14689946174621582
0.14750149846076965
0.16074654459953308
0.13546057045459747
0.1571342498064041
0.12522576749324799
0.14990969002246857
0.18723660707473755
0.180012047290802
0.1547260731458664
0.1462974101305008
0.1733895242214203
0.17700180411338806
0.16857315599918363
0.17278747260570526
0.16195063292980194
0.15773630142211914
0.16255268454551697
0.1842263638973236
0.15653221309185028
0.15773630142211914
0.13485851883888245
0.17037929594516754
0.16676700115203855
0.1926550269126892
0.18061408400535583
0.1673690527677536
0.21071644127368927
0.20409391820430756
0.20048163831233975
0.1757977157831192
0.20469596982002256
0.20650210976600647
0.20710416138172147
0.19987958669662476
0.18242022395133967
0.19747141003608704
0.19867549836635587
0.16556291282176971
0.16375677287578583
0.1896447986364365
0.18783865869045255
0.16676700115203855
0.1776038557291031
0.17218543589115143
0.15773630142211914
0.16134858131408691
0.16857315599918363
0.1733895242214203
0.16676700115203855
0.15352196991443634
0.16616496443748474
0.18663455545902247
0.15954244136810303
0.16676700115203855
0.18242022395133967
0.18482841551303864
0.1733895242214203
0.18242022395133967
0.21673691272735596
0.2546658515930176
0.29801324009895325
0.30885007977485657
0.27934980392456055
0.2293798923492432
0.19807344675064087
0.16255268454551697
0.18061408400535583
0.19084888696670527
0.19867549836635587
0.21432872116565704
0.19807344675064087
0.1571342498064041
0.1505117416381836
0.14148104190826416
0.14388921856880188
0.16375677287578583
0.15833835303783417
0.09151113778352736
0.0355207696557045
0.08067429065704346
0.0
0.213726669549942
0.7049970030784607
0.9807344675064088
0.7844671607017517
0.38591209053993225
0.2576760947704315
0.2528597116470337
0.16435882449150083
0.1402769386768341
0.10836845636367796
0.13064418733119965
0.1173991560935974
0.1300421506166458
0.11137868463993073
0.12101143598556519
0.12883804738521576
0.13666465878486633
0.13546057045459747
0.13064418733119965
0.12883804738521576
0.1493076533079147
0.0
0.0
0.0
0.0
0.0
0.0
0.0
0.0
0.0
0.0
0.0
0.0
0.0
0.0
0.0
0.0
0.0
0.0
0.0
0.0
