0.977411448955536
1.0
0.9554334282875059
0.9120879173278807
0.8156288266181946
0.7368742227554321
0.7032967209815979
0.6367521286010742
0.6721611618995667
0.6349206566810608
0.6324786543846129
0.6452991366386414
0.6385836601257324
0.6385836601257324
0.7191697359085083
0.8247863054275512
0.9157509207725525
0.8742368817329407
0.89682537317276
0.8547008633613585
0.30219781398773193
0.0
0.16117216646671295
0.4065934121608734
0.5366300344467163
0.5555555820465088
0.5726495981216431
0.5586080551147461
0.5976800918579102
0.6050060987472534
0.583638608455658
0.5958486199378967
0.593406617641449
0.598901093006134
0.6117216348648071
0.6019536256790161
0.6367521286010742
0.6105006337165833
0.6434676647186279
0.6398046612739562
0.6336996555328369
0.66300368309021
0.6153846383094788
0.6526251435279846
0.6721611618995667
0.6709401607513428
0.6794871687889099
0.6568986773490906
0.688034176826477
0.6910867094993591
0.668498158454895
0.6709401607513428
0.6538461446762085
0.6532356739044188
0.642246663570404
0.6318681240081787
0.6605616807937622
0.6452991366386414
0.6465201377868652
0.6514041423797609
0.6318681240081787
0.6544566750526428
0.639194130897522
0.6581196784973145
0.6733821630477905
0.6282051205635071
0.6373626589775084
0.6507936716079712
0.0
0.0
0.0
0.0
0.0
0.0
0.0
0.0
0.0
0.0
0.0
0.0
0.0
0.0
0.0
0.0
0.0
0.0
0.0
0.0
0.0
0.0
0.0
0.0
0.0
0.0
0.0
0.0
0.0
0.0
0.0
0.0
0.0
0.0
0.0
0.0
0.0
0.0
0.0
0.0
0.0
0.0
0.0
0.0
0.0
0.0
0.0
0.0
0.0
0.0
0.0
0.0
0.0
0.0
0.0
0.0
0.0
0.0
0.0
0.0
0.0
0.0
0.0
0.0
