0.9220104217529296
0.924321174621582
0.3509531915187836
0.14355863630771637
0.10456383228302
0.0751010999083519
0.058636624366045
0.04592720791697502
0.04130560532212257
0.03928365185856819
0.03552859649062157
0.046504911035299294
0.041594453155994415
0.03697284683585167
0.04274985566735268
0.04332755506038666
0.041016753762960434
0.056614674627780914
0.05314847081899642
0.06325823068618774
0.05257076770067215
0.0615251287817955
0.05950317904353142
0.07134604454040527
0.08087810873985289
0.09676487743854521
0.1094742938876152
0.12045060843229292
0.14009243249893188
0.15511265397071838
0.17042171955108643
0.190063551068306
0.20306181907653809
0.19266320765018463
0.2218370884656906
0.2128827273845673
0.2073945701122284
0.18139803409576416
0.15193529427051544
0.1216060072183609
0.1016753315925598
0.08376660943031311
0.06816869229078293
0.049682263284921646
0.049104563891887665
0.05199306830763817
0.04737146198749542
0.04506065696477889
0.05430386960506439
0.057192374020814896
0.05054881423711777
0.05748122557997704
0.05632582306861877
0.05950317904353142
0.05921432748436928
0.04708261042833328
0.05574812367558479
0.06123628094792367
0.05921432748436928
0.05314847081899642
0.06268053501844406
0.06499133259057999
0.057192374020814896
0.05777007341384888
0.0629693791270256
0.05170421674847602
0.05401502177119255
0.05690352246165276
0.06325823068618774
0.05343731865286827
0.041594453155994415
0.04737146198749542
0.04823801293969154
0.04823801293969154
0.05488157272338867
0.042172156274318695
0.038994800299406045
0.04419410601258278
0.058636624366045
0.05632582306861877
0.06383593380451201
0.07712305337190627
0.06643558293581009
0.08549971133470534
0.07770074903964995
0.08578856289386749
0.08694396167993546
0.05777007341384888
0.06672443449497223
0.05343731865286827
0.05372617021203041
0.04072790220379829
0.015020219609141348
0.0271519348025322
0.02339688129723072
0.020508376881480217
0.02657423540949821
0.03581744804978371
0.018197573721408844
0.0
0.15915656089782715
0.41305604577064514
0.7544772028923034
0.9407856464385985
1.0
0.4558058977127075
0.1380704790353775
0.1036972850561142
0.07885615527629852
0.05603697150945664
0.05892547592520714
0.04390525817871094
0.04332755506038666
0.04881571233272552
0.04563836008310317
0.038994800299406045
0.050259966403245926
0.04419410601258278
0.05112651735544205
0.04477180913090706
0.04390525817871094
0.041594453155994415
0.0
0.0
0.0
0.0
0.0
0.0
0.0
0.0
0.0
0.0
