1.0
0.747947871685028
0.3775953650474548
0.08401738107204437
0.12119749188423155
0.16803476214408875
0.20811201632022855
0.295026570558548
0.3524867296218872
0.3669724762439728
0.39159825444221497
0.3804925084114074
0.387252539396286
0.3964268565177917
0.3930468261241913
0.3993239998817444
0.4099468886852264
0.39739257097244257
0.4307098090648651
0.44036698341369623
0.43602123856544495
0.44036698341369623
0.4365040957927704
0.4534041583538056
0.46064701676368713
0.4664413332939148
0.4529213011264801
0.4369869530200958
0.4278126657009125
0.41429260373115534
0.37373250722885126
0.3993239998817444
0.3698696196079254
0.3698696196079254
0.37711250782012934
0.3804925084114074
0.3775953650474548
0.3949782848358154
0.4162240326404572
0.4282955229282379
0.39787542819976807
0.4253983497619629
0.4282955229282379
0.4331240952014923
0.43119266629219055
0.4476098418235778
0.4640270471572876
0.4727185070514679
0.5147271752357483
0.5644615888595581
0.549010157585144
0.565427303314209
0.5992274284362793
0.5692902207374573
0.6185417771339417
0.6084017157554625
0.593433141708374
0.5760502219200134
0.4954128563404083
0.47464993596076965
0.4461612701416016
0.40946403145790095
0.4113954603672028
0.3920811116695404
0.3848382532596588
0.37228393554687506
0.39256396889686573
0.38532111048698425
0.36021244525909424
0.39256396889686573
0.37373250722885126
0.431675523519516
0.5296958088874817
0.8102365732192993
0.9719942212104796
0.6243360638618469
0.2781265079975128
0.0
0.03138580545783043
0.1390632539987564
0.19169484078884125
0.29695799946784973
0.37035247683525085
0.36407533288002014
0.41042974591255194
0.40028971433639526
0.0
0.0
0.0
0.0
0.0
0.0
0.0
0.0
0.0
0.0
0.0
0.0
0.0
0.0
0.0
0.0
0.0
0.0
0.0
0.0
0.0
0.0
0.0
0.0
0.0
0.0
0.0
0.0
0.0
0.0
0.0
0.0
0.0
0.0
0.0
0.0
0.0
0.0
0.0
0.0
0.0
0.0
0.0
0.0
0.0
0.0
