0.9703872203826904
0.8633257150650024
0.4768413007259369
0.1503416895866394
0.2217160165309906
0.3166286945343017
0.24525436758995056
0.1799544394016266
0.15793469548225403
0.15869399905204773
0.15261958539485931
0.14047077298164368
0.15869399905204773
0.15945330262184143
0.17539863288402557
0.1822323501110077
0.18678815662860873
0.21564160287380216
0.2247532308101654
0.23386484384536743
0.25436598062515253
0.2528473734855652
0.2892938554286957
0.3181473016738892
0.34927865862846375
0.40091115236282343
0.4198937118053436
0.4768413007259369
0.5079726576805115
0.5512528419494629
0.587699294090271
0.5968109369277954
0.6195899844169617
0.6021260619163513
0.555808663368225
0.4905087351799011
0.4016704559326172
0.34776005148887634
0.28170084953308105
0.24905087053775787
0.2270311266183853
0.19438116252422327
0.19286257028579712
0.17539863288402557
0.1822323501110077
0.1807137429714203
0.16552771627902985
0.181473046541214
0.16704632341861725
0.18375094234943387
0.1890660524368286
0.153378888964653
0.18982535600662231
0.181473046541214
0.19514046609401703
0.20197418332099917
0.1875474601984024
0.19438116252422327
0.1875474601984024
0.1921032667160034
0.19286257028579712
0.17388002574443817
0.18299165368080136
0.17160212993621826
0.17691724002361295
0.18375094234943387
0.16324980556964874
0.17008352279663083
0.16704632341861725
0.16856491565704343
0.16780561208724976
0.1457858830690384
0.1617312133312225
0.1564161032438278
0.1617312133312225
0.15413819253444672
0.13591495156288147
0.153378888964653
0.14654517173767087
0.15261958539485931
0.15869399905204773
0.12984055280685425
0.1518602818250656
0.1450265794992447
0.153378888964653
0.15869399905204773
0.13591495156288147
0.1564161032438278
0.153378888964653
0.1518602818250656
0.15869399905204773
0.13819286227226257
0.1480637788772583
0.18982535600662231
0.2201974242925644
0.2528473734855652
0.2611996829509735
0.27638572454452515
0.32194381952285767
0.38344722986221313
0.38800305128097534
0.3925588428974152
0.33712983131408686
0.27562642097473145
0.2520880699157715
0.17767654359340668
0.11693242192268372
0.111617311835289
0.10933940857648848
0.09719058126211166
0.10174639523029327
0.08807896822690964
0.09111617505550385
0.08883827179670332
0.08807896822690964
0.10326499491930008
0.08656036108732222
0.07061503082513809
0.0
0.20652998983860013
0.41230067610740656
0.7767653465270995
1.0
0.8701594471931458
0.4411541521549225
0.2824601233005524
0.2809415459632873
0.3743356168270111
0.2642368972301483
0.19514046609401703
0.1822323501110077
0.16249050199985504
