0.9821052551269532
0.9252631664276125
0.785263180732727
0.8063157796859741
0.46105262637138367
0.5905263423919678
0.4305263161659241
0.445263147354126
0.42736843228340154
0.4231579005718231
0.4484210610389709
0.3915789425373077
0.41157895326614374
0.410526305437088
0.40526315569877613
0.46421054005622864
0.41157895326614374
0.4126315712928772
0.4126315712928772
0.3915789425373077
0.4389473795890808
0.3821052610874176
0.3926315903663635
0.39578947424888605
0.35473683476448054
0.38736841082572937
0.31473684310913086
0.3273684084415436
0.31684210896492004
0.25789472460746765
0.2663157880306244
0.1768421083688736
0.1463157832622528
0.10947368294000624
0.06105263158679008
0.07894736528396606
0.0
0.008421052247285843
0.0147368423640728
0.0147368423640728
0.07263158261775969
0.08210526406764984
0.12526315450668335
0.1747368425130844
0.20842105150222776
0.3126315772533417
0.3210526406764984
0.3557894825935364
0.406315803527832
0.4284210503101349
0.48631578683853144
0.47894737124443054
0.4947368502616882
0.5010526180267334
0.4842105209827423
0.5336841940879822
0.4894736707210541
0.5
0.524210512638092
0.4957894682884216
0.5452631711959839
0.49894738197326655
0.5136842131614685
0.5021052360534668
0.4852631688117981
0.5400000214576721
0.4842105209827423
0.48105263710021967
0.49894738197326655
0.4694736897945404
0.4947368502616882
0.4673684239387512
0.4589473605155945
0.4736842215061188
0.4221052527427673
0.4842105209827423
0.4389473795890808
0.45263159275054926
0.46421054005622864
0.445263147354126
0.4936842024326325
0.46421054005622864
0.46210527420043945
0.47263157367706293
0.43368420004844666
0.47894737124443054
0.4505263268947601
0.46421054005622864
0.479999989271164
0.45473682880401606
0.5105262994766235
0.475789487361908
0.4747368395328522
0.4778947234153748
0.44947367906570435
0.503157913684845
0.47894737124443054
0.46105262637138367
0.47684210538864136
0.46210527420043945
0.5052631497383118
0.4821052551269531
0.5
0.5673684477806091
0.5189473628997803
0.6010526418685913
0.5768421292304993
0.5989473462104796
0.62421053647995
0.6126315593719481
0.6694737076759337
0.6105263233184814
0.5768421292304993
0.5073684453964232
0.44210526347160334
0.4778947234153748
0.41578948497772217
0.4189473688602448
0.4252631664276123
0.3947368562221527
0.4000000059604645
0.205263152718544
0.1768421083688736
0.3673684298992157
0.8494736552238464
1.0
0.6936842203140259
0.7536842226982116
0.5410526394844055
0.5757894515991211
0.5168421268463135
0.4389473795890808
