0.9543839097023009
0.7624407410621643
0.4383886158466339
0.3222748935222626
0.2488151639699936
0.26718008518218994
0.2766587734222412
0.26658767461776733
0.2588862478733063
0.2736966907978058
0.2725118398666382
0.2707346081733704
0.29324644804000854
0.29502370953559875
0.296208530664444
0.29502370953559875
0.30568718910217285
0.29561612010002136
0.28080567717552185
0.30746445059776306
0.29502370953559875
0.30450236797332764
0.2979857921600342
0.29087677597999567
0.2944312691688537
0.2855450212955475
0.2742891013622284
0.2731042802333832
0.24585308134555817
0.24289099872112277
0.2245260626077652
0.22748814523220065
0.2233412265777588
0.21504738926887512
0.24526067078113556
0.24703791737556455
0.2719194293022156
0.28850710391998285
0.29561612010002136
0.31812795996665955
0.3127962052822113
0.30864930152893066
0.33293840289115906
0.31753554940223694
0.324644535779953
0.3204976320266724
0.3258293867111206
0.33827012777328486
0.3127962052822113
0.3264217972755432
0.30864930152893066
0.3139810562133789
0.3199052214622497
0.3127962052822113
0.3139810562133789
0.30450236797332764
0.3116113841533661
0.3098341226577759
0.30687204003334045
0.3104265332221985
0.28850710391998285
0.3027251064777374
0.3353080451488495
0.3524881601333618
0.3868483304977417
0.41943126916885376
0.495853066444397
0.4609004855155945
0.41646918654441833
0.39632701873779297
0.35545024275779724
0.33056873083114624
0.30746445059776306
0.2725118398666382
0.2849526107311249
0.2731042802333832
0.26718008518218994
0.27132701873779297
0.1415876746177673
0.0
0.13447867333889008
0.5936018824577332
0.9863743782043456
1.0
0.6937204003334044
0.41646918654441833
0.3281990587711334
0.2594786584377289
0.26954975724220276
0.28021326661109924
0.26658767461776733
0.29146918654441833
0.2879146933555603
0.26836493611335754
0.2861374318599701
0.29087677597999567
0.30568718910217285
0.3104265332221985
0.0
0.0
0.0
0.0
0.0
0.0
0.0
0.0
0.0
0.0
0.0
0.0
0.0
0.0
0.0
0.0
0.0
0.0
0.0
0.0
0.0
0.0
0.0
0.0
0.0
0.0
0.0
0.0
0.0
0.0
0.0
0.0
0.0
0.0
