1.0
0.7662236094474792
0.5277560353279114
0.0969507396221161
0.0
0.009773259982466696
0.09773260354995728
0.17005473375320435
0.19311963021755216
0.2052384614944458
0.19741985201835632
0.2056293934583664
0.20211102068424225
0.1982017159461975
0.19741985201835632
0.1798279881477356
0.18178264796733856
0.17161844670772552
0.16536356508731842
0.18217357993125916
0.16966380178928375
0.1782642751932144
0.19390147924423215
0.20758405327796936
0.2177482396364212
0.22556684911251068
0.23846755921840668
0.2509773373603821
0.25175920128822327
0.2560594081878662
0.24980454146862033
0.24550430476665497
0.24003127217292783
0.23885847628116608
0.24120406806468964
0.23690383136272433
0.23690383136272433
0.2427677810192108
0.2513682544231415
0.2646598815917969
0.2560594081878662
0.2591868638992309
0.27130571007728577
0.27873337268829346
0.27795153856277466
0.27873337268829346
0.27834245562553406
0.2814699113368988
0.29046130180358887
0.2806880474090576
0.27912431955337524
0.2748240828514099
0.2763878107070923
0.27130571007728577
0.2556684911251068
0.2548866271972656
0.2419859319925308
0.2560594081878662
0.2451133728027344
0.25684127211570734
0.26153245568275446
0.2720875740051269
0.296716183423996
0.32603597640991205
0.32447224855422974
0.3401094675064087
0.38506644964218134
0.40148553252220154
0.37685692310333246
0.3467552661895752
0.29945269227027893
0.3080531656742096
0.29945269227027893
0.2705238461494446
0.2556684911251068
0.2572322189807892
0.26661455631256104
0.26700547337532043
0.2638780176639557
0.2505863904953003
0.42611414194107056
0.6485535502433777
0.99257230758667
0.9530883431434632
0.5269742012023926
0.14972634613513947
0.004691164940595627
0.05863956362009048
0.15050821006298065
0.21970289945602417
0.23534010350704196
0.2580140829086304
0.269351065158844
0.27130571007728577
0.27795153856277466
0.27834245562553406
0.281078964471817
0.27990618348121643
0.2763878107070923
0.0
0.0
0.0
0.0
0.0
0.0
0.0
0.0
0.0
0.0
0.0
0.0
0.0
0.0
0.0
0.0
0.0
0.0
0.0
0.0
0.0
0.0
0.0
0.0
0.0
0.0
0.0
0.0
0.0
0.0
0.0
0.0
0.0
