0.9963964223861694
0.7823423147201538
0.46918919682502747
0.3106306195259094
0.23387387394905088
0.13081081211566925
0.09801802039146423
0.0832432433962822
0.06558558344841003
0.06234234198927879
0.07099099457263947
0.06882882863283157
0.06558558344841003
0.06666667014360428
0.07063063234090805
0.0720720738172531
0.06630630791187286
0.0742342323064804
0.08504504710435867
0.0944144129753113
0.10018017888069151
0.11675675958395004
0.1160360351204872
0.13153153657913208
0.1531531512737274
0.16540540754795074
0.19567567110061643
0.22090090811252597
0.24468468129634857
0.27603602409362793
0.30630630254745483
0.342342346906662
0.3466666638851166
0.36180180311203
0.3693693578243256
0.38234233856201166
0.3589189052581787
0.32288289070129395
0.29477477073669434
0.25297296047210693
0.20756757259368896
0.17765766382217407
0.1387387365102768
0.11027026921510696
0.09693693369627
0.10018017888069151
0.07675676047801971
0.06558558344841003
0.06342342495918274
0.06270270049571991
0.0670270249247551
0.07243243604898451
0.05909910053014755
0.05513513460755348
0.06918919086456299
0.07603603601455688
0.06846846640110016
0.08216216415166855
0.06774774938821793
0.07351351529359818
0.07891891896724702
0.08432432264089584
0.06522522866725922
0.06918919086456299
0.07243243604898451
0.08684684336185454
0.07567567378282547
0.06270270049571991
0.06522522866725922
0.05765765905380249
0.05117117241024971
0.06090090051293373
0.05873873829841614
0.054774776101112366
0.04972973093390465
0.06198198348283768
0.05909910053014755
0.05225225165486336
0.0439639650285244
0.04360360279679298
0.05189189314842224
0.061621621251106255
0.04972973093390465
0.0486486479640007
0.0439639650285244
0.03891891986131668
0.041801802814006805
0.04468468576669693
0.03639639541506767
0.04072071984410285
0.047567568719387054
0.03171171247959137
0.04684684798121452
0.04828828945755959
0.06270270049571991
0.07927928119897841
0.08756756782531738
0.0944144129753113
0.10594594478607176
0.1293693631887436
0.13801801204681396
0.10918918997049332
0.11171171069145203
0.10270269960165024
0.06558558344841003
0.04252252355217934
0.02018018066883087
0.003963964059948921
0.0010810811072587967
0.006126126274466515
0.011531531810760498
0.012252252548933027
0.0
0.00648648664355278
0.013693694025278091
0.015135135501623152
0.06774774938821793
0.2151351422071457
0.4929729700088501
0.8922522664070129
1.0
0.6349549293518065
0.34702703356742853
0.3145945966243744
0.17765766382217407
0.12828828394412994
0.11783783882856368
0.0972972959280014
0.08720720559358595
0.0832432433962822
0.08468468487262726
0.07891891896724702
