0.9481320381164551
0.5458831787109375
0.03808487579226494
0.05114254727959633
0.16539716720581055
0.18099384009838104
0.344577431678772
0.40732681751251215
0.4697134494781494
0.4718897342681885
0.4795067012310028
0.4773304462432861
0.48567283153533936
0.48639824986457825
0.48567283153533936
0.48059484362602234
0.4871236979961395
0.5016322135925293
0.49582880735397333
0.5056220293045044
0.5103373527526855
0.5179542899131775
0.5342763662338257
0.5411679148674011
0.5545883178710938
0.5709103941917419
0.5774392485618591
0.5719985365867615
0.5719985365867615
0.5647442936897278
0.545157790184021
0.5397170782089232
0.5339136719703673
0.5219441652297974
0.5161407589912416
0.5183169841766356
0.5128763318061829
0.5212187170982361
0.5107000470161438
0.5165034532546997
0.5161407589912416
0.516866147518158
0.5045338869094849
0.5034458041191101
0.5121508836746216
0.5139644742012024
0.511062741279602
0.5259339809417725
0.5487849116325377
0.5654697418212891
0.5578527450561523
0.5763511061668396
0.5585781931877136
0.5404425263404846
0.5096119046211243
0.4874863922595978
0.5063474774360657
0.511062741279602
0.49945592880249023
0.5038084983825684
0.505259335041046
0.500906765460968
0.5005440711975098
0.508886456489563
0.5128763318061829
0.5067101716995239
0.5161407589912416
0.5556764602661133
0.74174827337265
0.8258976936340333
0.7834602594375609
1.0
0.8153790235519409
0.38592672348022466
0.0
0.12513601779937744
0.20747189223766327
0.24990932643413544
0.35908597707748413
0.4236488938331604
0.46209648251533514
0.464998185634613
0.4588320553302765
0.46245920658111567
0.45484220981597906
0.0
0.0
0.0
0.0
0.0
0.0
0.0
0.0
0.0
0.0
0.0
0.0
0.0
0.0
0.0
0.0
0.0
0.0
0.0
0.0
0.0
0.0
0.0
0.0
0.0
0.0
0.0
0.0
0.0
0.0
0.0
0.0
0.0
0.0
0.0
0.0
0.0
0.0
0.0
0.0
0.0
0.0
0.0
0.0
0.0
0.0
0.0
