0.979809284210205
0.7128435373306273
0.4604598879814148
0.29332584142684937
0.22658440470695493
0.1777902394533157
0.15928210318088531
0.15535613894462583
0.16601233184337616
0.16769489645957947
0.15199102461338043
0.1289960741996765
0.14021311700344083
0.14694336056709287
0.13572630286216736
0.12955692410469055
0.1362871527671814
0.13572630286216736
0.12955692410469055
0.1256309598684311
0.13516545295715332
0.11273135244846344
0.11104879528284071
0.13572630286216736
0.1289960741996765
0.13909141719341278
0.1323611885309219
0.13180033862590787
0.12675265967845917
0.10656197369098663
0.09646663069725037
0.07739764451980592
0.0605720691382885
0.07459338009357452
0.04318564385175705
0.02131239511072636
0.005047672428190708
0.0
0.011777902022004128
0.02131239511072636
0.04711160808801651
0.0560852512717247
0.07795849442481993
0.1060011237859726
0.12058328837156296
0.13460460305213928
0.13404375314712524
0.14806506037712097
0.15647785365581512
0.16096466779708862
0.15703870356082916
0.15423443913459775
0.14750421047210693
0.16432978212833405
0.15872125327587128
0.17330342531204224
0.1839596182107925
0.20302860438823697
0.2058328688144684
0.20527201890945437
0.22265844047069547
0.218171626329422
0.2243410050868988
0.2378014624118805
0.2619181275367737
0.30398204922676086
0.28883904218673706
0.27313515543937683
0.29332584142684937
0.29725182056427
0.3331463932991028
0.28715649247169495
0.31856420636177063
0.24004486203193665
0.24060572683811188
0.24509254097938535
0.187324732542038
0.16545148193836212
0.19798092544078824
0.2013460397720337
0.20246775448322296
0.1289960741996765
0.2002243399620056
0.2714526057243347
0.7734155654907225
1.0
0.7072349786758423
0.5238362550735474
0.36679753661155695
0.2742568850517273
0.2478968054056168
0.2243410050868988
0.22490185499191284
0.23724061250686643
0.2305103689432144
0.22714525461196897
0.218171626329422
0.20863713324069977
0.21312394738197327
0.19068984687328336
0.18564218282699585
0.17610768973827362
0.0
0.0
0.0
0.0
0.0
0.0
0.0
0.0
0.0
0.0
0.0
0.0
0.0
0.0
0.0
0.0
0.0
0.0
0.0
0.0
0.0
0.0
0.0
0.0
0.0
0.0
0.0
0.0
0.0
0.0
