1.0
0.6755813956260681
0.25852712988853455
0.10813953727483748
0.038372091948986047
0.0612403117120266
0.09341084957122801
0.098837211728096
0.10852713137865067
0.10813953727483748
0.11860465258359908
0.11550387740135191
0.11937984824180604
0.11627907305955885
0.12170542776584624
0.13333334028720856
0.1290697604417801
0.14379845559597015
0.14806202054023743
0.1600775122642517
0.1678294539451599
0.18333333730697632
0.19689922034740448
0.21124030649662015
0.23062016069889069
0.25465115904808044
0.2798449695110321
0.29767441749572754
0.32248061895370483
0.33139535784721375
0.35116279125213623
0.3449612259864807
0.3465116322040558
0.3337209224700928
0.30465117096900934
0.26395347714424133
0.22790697216987607
0.18643410503864288
0.15271317958831787
0.14031007885932922
0.12403100728988647
0.11240310221910477
0.10465116053819656
0.10503876209259032
0.09922480583190917
0.09186046570539473
0.09186046570539473
0.09302325546741484
0.08565891534090042
0.09341084957122801
0.09806201606988905
0.09573643654584883
0.09844961017370225
0.10620155185461044
0.1093023270368576
0.11899224668741226
0.12558139860630035
0.1170542612671852
0.1224806234240532
0.11860465258359908
0.1224806234240532
0.11279069632291792
0.1042635664343834
0.09922480583190917
0.09302325546741484
0.10736434161663055
0.12868216633796692
0.16201549768447876
0.17054264247417447
0.1732558161020279
0.21666666865348813
0.19651162624359128
0.16899225115776062
0.13449612259864807
0.12519380450248718
0.10581395030021667
0.08062015473842621
0.05891472846269608
0.05503876134753227
0.06666667014360428
0.062403101474046714
0.04922480508685112
0.055813953280448914
0.059302326291799545
0.05542635545134544
0.05620155110955238
0.06627906858921051
0.07015503942966461
0.22170542180538175
0.36085271835327143
0.6992248296737671
0.9531008005142213
0.7038759589195251
0.2655038833618164
0.06976744532585144
0.0
0.029844962060451508
0.04806201532483101
0.06976744532585144
0.07984495908021927
0.08333333581686019
0.08217054605484007
0.08798449486494064
0.0949612408876419
0.08953488618135452
0.096124030649662
0.112015500664711
0.10891472548246384
0.1224806234240532
0.1248062029480934
0.13372093439102173
0.14651162922382355
0.1550387591123581
0.1678294539451599
0.19031007587909696
0.20968991518020627
0.0
0.0
0.0
0.0
0.0
0.0
0.0
0.0
0.0
0.0
0.0
0.0
0.0
0.0
0.0
0.0
