0.9006176590919495
0.8950027823448181
0.5637282133102417
0.2161706835031509
0.29590117931365967
0.2762492895126343
0.14037057757377625
0.1706906259059906
0.18416619300842285
0.15216170251369476
0.20381808280944824
0.17686693370342255
0.21392476558685303
0.1880965679883957
0.19876474142074585
0.2560359239578247
0.23919147253036496
0.24031442403793332
0.2706344723701477
0.2706344723701477
0.33071309328079224
0.26670411229133606
0.2813026309013366
0.2835485637187958
0.27344188094139094
0.2711959481239319
0.2779337465763092
0.30376192927360535
0.302638977766037
0.3200449049472809
0.2784952223300934
0.3127456605434418
0.3722627758979797
0.36215609312057495
0.3335205018520355
0.33576643466949463
0.28411003947257996
0.3071308135986328
0.258843332529068
0.2807411551475525
0.26501965522766113
0.19427287578582764
0.2689500153064728
0.22122402489185333
0.22796182334423065
0.22627736628055567
0.25435149669647217
0.3054463863372803
0.3032004535198212
0.2762492895126343
0.23582257330417636
0.24592925608158112
0.2700729966163635
0.2083099335432053
0.19595733284950256
0.2296462655067444
0.14430095255374908
0.16002245247364044
0.09264457970857619
0.08871420472860336
0.11959573626518248
0.12240314483642578
0.16844469308853147
0.04660303145647049
0.03874227777123451
0.0
0.0948905125260353
0.5008422136306763
1.0
0.8405390381813049
0.4357102811336517
0.13756316900253296
0.3076923191547394
0.12296462804079056
0.1117349788546562
0.12857945263385773
0.1583380103111267
0.15440763533115387
0.13700167834758759
0.13419426977634427
0.2111173570156097
0.0
0.0
0.0
0.0
0.0
0.0
0.0
0.0
0.0
0.0
0.0
0.0
0.0
0.0
0.0
0.0
0.0
0.0
0.0
0.0
0.0
0.0
0.0
0.0
0.0
0.0
0.0
0.0
0.0
0.0
0.0
0.0
0.0
0.0
0.0
0.0
0.0
0.0
0.0
0.0
0.0
0.0
0.0
0.0
0.0
0.0
0.0
0.0
0.0
0.0
0.0
