1.0
0.6717062592506409
0.42116630077362066
0.13390928506851196
0.24694024026393888
0.2800576090812683
0.2210223227739334
0.16702663898468015
0.1259899139404297
0.15334773063659668
0.14758819341659543
0.15046796202659607
0.1497480273246765
0.13534916937351227
0.15838733315467834
0.16702663898468015
0.1706263571977615
0.18286536633968356
0.18070554733276367
0.21598272025585172
0.2332613319158554
0.2591792643070221
0.2786177098751068
0.2865370810031891
0.33549314737319946
0.3686105012893677
0.42116630077362066
0.4542836546897888
0.4787617027759552
0.5334773063659668
0.5716342926025392
0.5838732719421387
0.5853132009506226
0.5500360131263733
0.5176385641098022
0.43340533971786493
0.37077033519744873
0.3110151290893554
0.24694024026393888
0.2087832987308502
0.19150468707084653
0.18574513494968412
0.16702663898468015
0.15046796202659607
0.17206624150276184
0.15838733315467834
0.16414687037467957
0.15406768023967743
0.15478761494159698
0.16486680507659912
0.16702663898468015
0.16270698606967926
0.16846652328968048
0.16918645799160004
0.1879049688577652
0.1706263571977615
0.1864650845527649
0.18070554733276367
0.17494601011276245
0.18286536633968356
0.17638589441776276
0.1771058291196823
0.17998559772968292
0.15982721745967865
0.16414687037467957
0.16486680507659912
0.16486680507659912
0.16486680507659912
0.136069118976593
0.1555075645446777
0.21382290124893188
0.15334773063659668
0.15334773063659668
0.13102951645851135
0.14902807772159576
0.13822893798351288
0.1468682438135147
0.15046796202659607
0.12670986354351044
0.13534916937351227
0.13678905367851257
0.1425485908985138
0.14326854050159454
0.1331893503665924
0.14470842480659485
0.14398847520351407
0.1411087065935135
0.14614830911159515
0.1411087065935135
0.15334773063659668
0.1425485908985138
0.14758819341659543
0.1468682438135147
0.14398847520351407
0.21958243846893313
0.23182144761085513
0.2620590329170227
0.2606191635131836
0.3102951645851135
0.3549315929412842
0.37149026989936823
0.36717063188552856
0.30525559186935425
0.2534197270870209
0.21670266985893247
0.13390928506851196
0.11951044201850893
0.11159107089042664
0.09359250962734222
0.1043916493654251
0.1058315336704254
0.09431245177984236
0.09647228568792345
0.09431245177984236
0.11159107089042664
0.10151188075542449
0.11375089734792708
0.09215262532234192
0.0
0.22534197568893433
0.42332613468170166
0.784737229347229
0.9640029072761536
0.8624910116195679
0.49604031443595886
0.1864650845527649
0.2541396617889404
0.3441324830055237
0.2764578759670257
0.21454283595085144
0.1936645060777664
0.1943844556808472
