0.9743190407752991
0.47859922051429754
0.21400777995586395
0.026459144428372383
0.1533073931932449
0.20933851599693296
0.287937730550766
0.30894941091537476
0.3385213911533356
0.3322957158088684
0.3564202189445496
0.36420232057571406
0.34085604548454285
0.35719844698905945
0.35875487327575684
0.38988327980041504
0.40155643224716187
0.3805447518825531
0.39844357967376715
0.41712063550949097
0.41789883375167847
0.44124513864517206
0.425680935382843
0.4319066107273102
0.4319066107273102
0.46147859096527094
0.4964980483055114
0.4840466976165771
0.49805447459220886
0.5136186480522156
0.5431906580924988
0.5610895156860352
0.5564202070236206
0.6038910746574402
0.6077821254730225
0.6210116744041443
0.6311284303665161
0.6373540759086609
0.6108949184417725
0.6046692728996277
0.5789883136749268
0.5431906580924988
0.5112840533256531
0.48171207308769226
0.4490272402763367
0.43501946330070496
0.4210116863250733
0.4038910567760468
0.3906614780426025
0.3852140009403229
0.3797665238380432
0.3797665238380432
0.37042802572250366
0.38754862546920776
0.3774318993091583
0.35719844698905945
0.34863814711570734
0.34241244196891785
0.34863814711570734
0.3385213911533356
0.3517509698867798
0.36575874686241144
0.34085604548454285
0.34396886825561523
0.3322957158088684
0.34319067001342773
0.33696499466896057
0.3385213911533356
0.35486382246017456
0.33151751756668085
0.3214007914066314
0.34241244196891785
0.3494163453578949
0.34630349278450007
0.3579766452312469
0.39610895514488226
0.41789883375167847
0.3852140009403229
0.4420233368873596
0.4575875401496887
0.4513618648052216
0.47392997145652765
0.4389105141162872
0.3891050517559052
0.3665369749069214
0.3299610912799835
0.32840466499328613
0.2856031060218811
0.27937743067741394
0.2723735272884369
0.29571983218193054
0.2684824764728546
0.27159532904624933
0.2809338569641113
0.26614785194396967
0.27548637986183167
0.29182878136634827
0.2762645781040192
0.3198443651199341
0.40233463048934937
0.5206225514411926
0.7665369510650634
1.0
0.32373541593551636
0.09027237445116044
0.0
0.15642023086547852
0.1898832619190216
0.29727625846862793
0.3058365881443024
0.3050583600997925
0.32607004046440125
0.329182893037796
0.32762646675109863
0.34319067001342773
0.34630349278450007
0.3797665238380432
0.34630349278450007
0.3501945436000824
0.36031126976013184
0.36575874686241144
0.4311284124851226
0.39143967628479
0.0
0.0
0.0
0.0
0.0
0.0
0.0
0.0
0.0
