0.9601263403892515
0.7441768646240233
0.47729963064193726
0.270430326461792
0.005527043249458075
0.003158310195431113
0.04105803370475769
0.11922621726989746
0.2724042534828186
0.4421634376049042
0.4982234537601471
0.5278326272964478
0.5262534618377686
0.5436241626739502
0.542044997215271
0.5416502356529236
0.5487564206123352
0.5452033281326294
0.5495460033416748
0.5499407649040222
0.5487564206123352
0.5554678440093994
0.5550730228424072
0.5586261153221129
0.5566521883010864
0.5554678440093994
0.561389684677124
0.551125168800354
0.5566521883010864
0.5606001019477844
0.5586261153221129
0.5641531944274902
0.557441771030426
0.5586261153221129
0.5602052807807921
0.5570470094680786
0.5629687905311584
0.5566521883010864
0.5558626055717468
0.5550730228424072
0.5519147515296936
0.556257426738739
0.5606001019477844
0.563758373260498
0.567311465740204
0.572838544845581
0.5763916373252869
0.5720489621162416
0.5732333064079285
0.5740228891372681
0.5645479559898376
0.567706286907196
0.5661271214485168
0.5653375387191772
0.5661271214485168
0.5606001019477844
0.5578365325927734
0.5578365325927734
0.5606001019477844
0.561389684677124
0.5582313537597656
0.5590209364891052
0.557441771030426
0.5546782612800598
0.562574028968811
0.5558626055717468
0.561389684677124
0.5578365325927734
0.5566521883010864
0.562574028968811
0.5546782612800598
0.562574028968811
0.5570470094680786
0.5582313537597656
0.5621792078018188
0.5542834401130676
0.5530990958213806
0.5586261153221129
0.5609948635101318
0.562574028968811
0.5594156980514526
0.5641531944274902
0.5598105192184448
0.5665218830108643
0.5641531944274902
0.5609948635101318
0.5653375387191772
0.5669167041778564
0.562574028968811
0.5669167041778564
0.5669167041778564
0.5767863988876343
0.5716541409492493
0.572838544845581
0.5736281275749208
0.5744177103042603
0.5748124718666077
0.5756020545959473
0.5748124718666077
0.5724437236785889
0.5712593793869019
0.5811290740966797
0.5771812200546265
0.5771812200546265
0.5787603855133057
0.5767863988876343
0.5736281275749208
0.5771812200546265
0.5795499682426453
0.5819186568260193
0.585471749305725
0.5811290740966797
0.6016581058502197
0.6257402300834656
0.6281089782714844
0.6407421827316284
0.639163076877594
0.6131069660186768
0.6375839114189148
0.6020529270172119
0.5949466824531555
0.6087642908096313
0.6000789403915405
0.5921831727027893
0.5763916373252869
0.5578365325927734
0.553493857383728
0.548361599445343
0.5432294011116028
0.5507303476333617
0.5523095130920409
0.5550730228424072
