0.914057731628418
1.0
0.8643339276313781
0.5420503616333008
0.3928790688514709
0.29772865772247314
0.30877840518951416
0.33578881621360773
0.32842233777046204
0.32535296678543085
0.31675875186920166
0.33394721150398254
0.33701658248901367
0.3308778405189514
0.33517494797706604
0.33578881621360773
0.35236340761184687
0.35911601781845087
0.3683241307735443
0.37814611196517933
0.3855125904083252
0.4076120257377625
0.411909133195877
0.42111724615097046
0.429097592830658
0.4327808618545532
0.4475138187408447
0.46777164936065674
0.4432167112827301
0.4591774046421051
0.4782074987888336
0.4683855175971985
0.4481276869773865
0.4272559881210327
0.4248004853725433
0.4192756414413452
0.4174340069293976
0.3879680931568146
0.3873541951179504
0.3738489747047424
0.3701657354831696
0.3670963644981384
0.35604664683341974
0.34929403662681574
0.3413136899471283
0.3413136899471283
0.3480663001537323
0.3511356711387634
0.34868016839027405
0.34561079740524286
0.35604664683341974
0.3535911738872528
0.36218538880348206
0.3413136899471283
0.34929403662681574
0.3572744131088257
0.3640270233154297
0.3548189103603363
0.3572744131088257
0.35666051506996155
0.3548189103603363
0.30018416047096247
0.3634131252765656
0.34868016839027405
0.3443830609321594
0.3247390985488892
0.3247390985488892
0.3400859534740448
0.3186003565788269
0.3173726201057434
0.31368938088417053
0.30018416047096247
0.3143032491207123
0.3020257949829101
0.31553101539611816
0.3143032491207123
0.31675875186920166
0.3333333432674408
0.3210558593273163
0.32166972756385803
0.32044199109077454
0.31798648834228516
0.31798648834228516
0.3130755126476288
0.31921425461769104
0.34254142642021174
0.38428482413291926
0.422344982624054
0.47206875681877136
0.5162676572799683
0.4874155819416046
0.44137507677078247
0.4192756414413452
0.3505218029022217
0.3173726201057434
0.29650092124938965
0.287906676530838
0.2958870530128479
0.27747082710266113
0.2707182466983795
0.21178637444972992
0.06384284794330597
0.0
0.37446287274360657
0.8317986726760864
0.9367710351943968
0.7980356216430664
0.5162676572799683
0.3873541951179504
0.2676488757133484
0.2744014859199524
0.25905463099479675
0.26457950472831726
0.2676488757133484
0.0
0.0
0.0
0.0
0.0
0.0
0.0
0.0
0.0
0.0
0.0
0.0
0.0
0.0
0.0
0.0
0.0
0.0
