1.0
0.8269794583320618
0.6631231904029846
0.33687683939933777
0.25
0.21444281935691836
0.15909090638160703
0.14552785456180573
0.13892962038516998
0.12426686286926268
0.12719941139221191
0.10923753678798676
0.125
0.13086509704589844
0.1341642290353775
0.13233137130737305
0.1348973661661148
0.13856305181980133
0.1341642290353775
0.15909090638160703
0.1484604179859161
0.16129031777381897
0.17595307528972623
0.17888562381267548
0.19721408188343048
0.21004398167133329
0.23350439965724945
0.2415689080953598
0.25513195991516113
0.2617301940917969
0.26429617404937744
0.27272728085517883
0.2730938494205475
0.24963343143463132
0.2415689080953598
0.2225073277950287
0.20784457027912137
0.17815248668193817
0.1653225868940353
0.15835776925086975
0.14516128599643707
0.1433284431695938
0.1348973661661148
0.1469941288232803
0.13159823417663574
0.11840175837278366
0.11986803263425828
0.12316715717315672
0.12096773833036421
0.12719941139221191
0.11986803263425828
0.1173020526766777
0.10923753678798676
0.12133431434631348
0.11400293558835985
0.09677419066429138
0.09897360950708387
0.11143694818019866
0.10557185113430025
0.11070381104946136
0.10520527511835098
0.1004398837685585
0.09237536787986755
0.08834310621023178
0.09640762209892273
0.10227272659540176
0.09237536787986755
0.08980938047170639
0.08211144059896469
0.09604105353355408
0.08321114629507066
0.07991202175617218
0.07404691725969313
0.07624633610248564
0.08651026338338853
0.08211144059896469
0.07661290466785432
0.07661290466785432
0.0736803486943245
0.0659824013710022
0.07441349327564238
0.07258064299821852
0.06414955854415894
0.08504398912191392
0.09384164214134216
0.10997067391872406
0.11180351674556732
0.11326979100704192
0.12756597995758057
0.1594574749469757
0.1484604179859161
0.11473607271909712
0.0659824013710022
0.07404691725969313
0.08724340051412582
0.04398826882243157
0.03739003092050552
0.03665689006447792
0.025659823790192604
0.034457478672266006
0.023826979100704197
0.015395894646644592
0.024926686659455296
0.021994134411215786
0.04288856312632561
0.0
0.11253665387630463
0.28225806355476374
0.5025659799575806
0.8610703945159912
0.7624633312225341
0.6282991170883179
0.36546921730041504
0.14516128599643707
0.14552785456180573
0.059017594903707504
0.038856305181980126
0.036290321499109275
0.023826979100704197
0.011363636702299118
0.02675953134894371
0.016129031777381897
0.010263930074870586
0.017961876466870308
0.025659823790192604
0.0
0.0
0.0
0.0
0.0
0.0
0.0
