1.0
0.8153077960014342
0.4181919097900391
0.2096505761146545
0.2773155868053436
0.5524126291275024
0.642817497253418
0.6766500473022461
0.6838602423667908
0.6943982243537903
0.6977260112762451
0.6960621476173401
0.6905158162117004
0.6966167688369751
0.6993899345397949
0.6921796798706055
0.7121464014053345
0.6905158162117004
0.7165834903717041
0.7138103246688843
0.7093732953071593
0.7132557034492493
0.7049362063407898
0.7237936854362487
0.7043815851211548
0.7110371589660645
0.7149195671081543
0.7110371589660645
0.7110371589660645
0.7221297621726989
0.7232390642166138
0.7437604069709779
0.740987241268158
0.7493067383766174
0.7459789514541627
0.7226844429969788
0.7520798444747924
0.7188019752502441
0.7215751409530639
0.7038269639015198
0.662229597568512
0.6528008580207825
0.6322795152664185
0.6161952018737793
0.6217415332794188
0.6089850068092345
0.6034387350082396
0.6178591251373291
0.6117581725120544
0.6344980597496033
0.6300610303878784
0.6461452841758728
0.6433721780776978
0.6611203551292419
0.6466999650001526
0.6589018106460571
0.6733222603797913
0.6672213077545166
0.662229597568512
0.6661120057106018
0.6433721780776978
0.6489184498786926
0.6455906629562378
0.6539101600646973
0.6478092074394226
0.642817497253418
0.6405990123748779
0.6522462368011475
0.6450360417366028
0.6350526809692383
0.6306156516075134
0.6278424859046936
0.622296154499054
0.6272878646850586
0.6261785626411438
0.6234054565429688
0.6173045039176941
0.6328341364860535
0.6173045039176941
0.6161952018737793
0.6200776696205139
0.6139767169952393
0.6089850068092345
0.6089850068092345
0.6123127937316896
0.6012201905250549
0.6017748117446899
0.6139767169952393
0.5934553742408752
0.5995562672615051
0.5951192378997803
0.5967831611633301
0.6051025986671448
0.5917914509773254
0.5940099954605104
0.5901275873184204
0.5912368297576904
0.5890182852745056
0.5956738591194153
0.602329432964325
0.5834720134735107
0.5967831611633301
0.5801442265510559
0.5973377823829651
0.5912368297576904
0.5851358771324158
0.5923460721969604
0.5790349245071411
0.5818080902099608
0.5956738591194153
0.5723793506622313
0.5806988477706909
0.582917332649231
0.5696061849594116
0.5707154870033264
0.5895729064941406
0.5751525163650513
0.582917332649231
0.5806988477706909
0.6350526809692383
0.6378258466720581
0.6461452841758728
0.6483638286590576
0.6783139109611511
0.7077093720436096
0.6749861240386963
0.6539101600646973
0.6511369943618774
0.5873544216156006
0.5673877000808716
0.5662783980369568
0.5590682029724121
