0.9287410974502563
0.7292161583900452
0.3551068902015686
0.0
0.13301663100719452
0.22565320134162903
0.28147268295288086
0.2802850306034088
0.30878859758377075
0.3456057012081146
0.3004750609397888
0.3277909755706787
0.32897862792015076
0.32897862792015076
0.35154393315315247
0.3372921645641327
0.3610451221466064
0.37529692053794866
0.40736341476440424
0.39429929852485657
0.42874109745025635
0.44418051838874817
0.45843231678009033
0.490498811006546
0.490498811006546
0.5261282920837401
0.5961995124816896
0.5950118899345398
0.6425178050994873
0.7125890851020813
0.7375296950340272
0.777909755706787
0.7636579275131226
0.8028503656387329
0.7446556091308594
0.6983373165130615
0.6543943285942078
0.5973871946334839
0.5344418287277222
0.46674585342407227
0.44655582308769226
0.45130640268325806
0.42280283570289606
0.40855106711387634
0.39311164617538447
0.3990498781204224
0.4406175911426544
0.42161521315574646
0.4109263718128204
0.42517814040184015
0.4097387194633484
0.4121140241622925
0.3800475001335144
0.4192399084568024
0.40380048751831055
0.41330167651176447
0.4311164021492004
0.39429929852485657
0.40380048751831055
0.3919239938259125
0.4026128351688385
0.41686460375785833
0.40498811006546015
0.38717338442802424
0.3812351524829865
0.3693586587905884
0.39429929852485657
0.3954869210720062
0.38836103677749634
0.3551068902015686
0.3895486891269684
0.4121140241622925
0.3978622257709503
0.3764845728874207
0.37173396348953247
0.3646080791950226
0.3788598477840424
0.3277909755706787
0.35154393315315247
0.3574821949005127
0.3372921645641327
0.35154393315315247
0.3396674692630768
0.35629454255104065
0.3824228048324585
0.37529692053794866
0.3824228048324585
0.37410926818847656
0.3634204268455505
0.35629454255104065
0.3408551216125488
0.38479810953140253
0.38361045718193054
0.3622327744960785
0.3503562808036804
0.3646080791950226
0.38361045718193054
0.3859857618808746
0.45843231678009033
0.49524942040443426
0.5
0.5356294512748718
0.6211401224136353
0.7232779264450073
0.7339667677879332
0.6638954877853394
0.5938242077827454
0.490498811006546
0.42636579275131226
0.37529692053794866
0.3206650912761688
0.3539192378520965
0.3539192378520965
0.31116390228271484
0.3194774389266968
0.3325415551662445
0.3479810059070587
0.3325415551662445
0.9038004875183104
1.0
0.8266033530235289
0.5071259140968323
0.10095012187957764
0.10807600617408752
0.2434679269790649
0.26484560966491694
0.3574821949005127
0.3669833838939666
0.3657957315444946
0.3420427441596985
0.3634204268455505
0.3919239938259125
