1.0
0.4298480749130249
0.16264522075653076
0.0
0.24843610823154447
0.38784629106521606
0.40840035676956177
0.445040225982666
0.43521001935005194
0.4700625538825989
0.468275249004364
0.4378909766674042
0.46470063924789434
0.47184985876083374
0.5165325999259949
0.5370866656303406
0.5245755314826965
0.5442359447479248
0.5299374461174011
0.5924932956695557
0.6175156235694885
0.6166219711303711
0.6461126208305359
0.6514745354652405
0.6952636241912842
0.7372654080390929
0.7765862345695494
0.8141197562217712
0.8498659729957581
0.8748883008956909
0.9016979336738585
0.9043788909912108
0.902591586112976
0.864164412021637
0.8194816708564758
0.7515639066696168
0.6595174074172974
0.5853440761566162
0.5451295971870422
0.5308310985565186
0.5201072096824646
0.4977658689022064
0.48704200983047485
0.47542449831962585
0.46559429168701166
0.5245755314826965
0.49240392446517933
0.47363716363906866
0.4557640850543976
0.4664879441261292
0.5129579901695251
0.4772118031978607
0.4709562063217163
0.468275249004364
0.48525470495224
0.5013405084609985
0.49240392446517933
0.4807864129543304
0.4477211833000183
0.4611259996891022
0.46916890144348145
0.5013405084609985
0.5290437936782837
0.0
0.0
0.0
0.0
0.0
0.0
0.0
0.0
0.0
0.0
0.0
0.0
0.0
0.0
0.0
0.0
0.0
0.0
0.0
0.0
0.0
0.0
0.0
0.0
0.0
0.0
0.0
0.0
0.0
0.0
0.0
0.0
0.0
0.0
0.0
0.0
0.0
0.0
0.0
0.0
0.0
0.0
0.0
0.0
0.0
0.0
0.0
0.0
0.0
0.0
0.0
0.0
0.0
0.0
0.0
0.0
0.0
0.0
0.0
0.0
0.0
0.0
0.0
0.0
0.0
0.0
0.0
0.0
0.0
