0.9780534505844115
1.0
0.9074427485466003
0.8034350872039795
0.6440839767456055
0.47137403488159174
0.375
0.24809160828590396
0.19465649127960205
0.14694656431674957
0.09541984647512437
0.10877862572669982
0.07538168132305145
0.07919847220182419
0.07729007303714752
0.05248091742396355
0.08683206140995026
0.05629770830273628
0.07729007303714752
0.07729007303714752
0.05534351244568825
0.08969465643167494
0.06583969295024872
0.08110687136650085
0.08396946638822556
0.06011450290679932
0.0963740423321724
0.07251908630132675
0.08396946638822556
0.08396946638822556
0.05820610746741295
0.08969465643167494
0.07729007303714752
0.06774809211492537
0.06011450290679932
0.038167938590049744
0.06965649127960205
0.03912213817238808
0.05534351244568825
0.05534351244568825
0.027671756222844124
0.05534351244568825
0.02958015352487564
0.04198473319411278
0.041030533611774445
0.017175571992993355
0.04866412281990051
0.024809161201119423
0.03530534356832504
0.03244274854660034
0.012404580600559711
0.04198473319411278
0.019083969295024872
0.028625953942537308
0.02671755664050579
0.004770992323756218
0.03244274854660034
0.009541984647512438
0.027671756222844124
0.024809161201119423
0.003816793905571103
0.03435114398598671
0.005725190974771976
0.022900763899087902
0.020038167014718052
0.0
0.033396948128938675
0.006679389160126448
0.03530534356832504
0.11164122074842452
0.12595419585704803
0.18034350872039795
0.1479007601737976
0.19179388880729675
0.19847328960895536
0.20801526308059687
0.2185114473104477
0.10591603070497511
0.0
0.0
0.0
0.0
0.0
0.0
0.0
0.0
0.0
0.0
0.0
0.0
0.0
0.0
0.0
0.0
0.0
0.0
0.0
0.0
0.0
0.0
0.0
0.0
0.0
0.0
0.0
0.0
0.0
0.0
0.0
0.0
0.0
0.0
0.0
0.0
0.0
0.0
0.0
0.0
0.0
0.0
0.0
0.0
0.0
0.0
0.0
0.0
0.0
0.0
0.0
0.0
0.0
0.0
