1.0
0.5341823101043701
0.2245308309793472
0.0
0.13270777463912964
0.23458445072174072
0.23592492938041687
0.23793566226959229
0.2446380704641342
0.2593833804130554
0.2533512115478516
0.24731902778148648
0.2680965065956116
0.27144771814346313
0.27815014123916626
0.2821715772151947
0.29959785938262934
0.2801608443260193
0.30093833804130554
0.3029490709304809
0.33042895793914795
0.3491957187652588
0.34785524010658264
0.3827077746391296
0.3840482532978058
0.41018766164779663
0.452412873506546
0.44705092906951904
0.49932974576950073
0.5087131261825562
0.527479887008667
0.554959774017334
0.5395442247390747
0.5281501412391664
0.5522788166999817
0.5375335216522217
0.5073726773262024
0.48726540803909296
0.4584450423717498
0.4343163669109344
0.41018766164779663
0.3766756057739258
0.3706434369087219
0.3706434369087219
0.3592493236064911
0.3619302809238434
0.37399464845657354
0.3605898022651672
0.35254693031311035
0.3518766760826111
0.3733243942260742
0.3672922253608704
0.3605898022651672
0.35991957783699036
0.35991957783699036
0.3652814924716949
0.37198391556739807
0.3706434369087219
0.3887399435043335
0.3733243942260742
0.3558981120586395
0.35254693031311035
0.34316354990005493
0.3585790991783142
0.3485254645347595
0.3190348446369171
0.33243969082832336
0.33042895793914795
0.3411528170108795
0.33981233835220337
0.32841822504997253
0.3344503939151764
0.3197050988674164
0.3344503939151764
0.32305631041526794
0.3237265348434448
0.3545576333999634
0.3867292106151581
0.40214475989341736
0.41353887319564814
0.41756030917167664
0.4349865913391113
0.42962467670440674
0.4778820276260376
0.4745308458805084
0.44638070464134216
0.3733243942260742
0.3170241415500641
0.290214478969574
0.2754691541194916
0.2808310985565185
0.26876676082611084
0.255361944437027
0.26139411330223083
0.23860590159893036
0.2453083097934723
0.2446380704641342
0.23994638025760648
0.202412873506546
0.24932976067066193
0.4028150141239166
0.5864611268043518
0.9524128437042236
0.8612600564956666
0.4738605916500092
0.13941018283367157
0.004021447617560625
0.1756032109260559
0.2680965065956116
0.25603216886520386
0.229892760515213
0.24798928201198575
0.26876676082611084
0.26608580350875854
0.2815013527870178
0.26407507061958313
0.28485253453254694
0.290214478969574
0.28552278876304626
0.29155495762825007
0.2868632674217224
0.31099194288253784
0.30831098556518555
0.3243967890739441
0.3270777463912964
0.3458445072174072
0.0
0.0
0.0
0.0
0.0
0.0
