1.0
0.7954830527305603
0.41907152533531195
0.18276871740818024
0.19531576335430145
0.2271016240119934
0.24508573114871976
0.24508573114871976
0.23253868520259857
0.2379757463932037
0.2388122081756592
0.2388122081756592
0.2446675002574921
0.24006691575050357
0.2459222078323364
0.2379757463932037
0.2375575006008148
0.22961103916168207
0.24383103847503665
0.24634043872356412
0.2505227923393249
0.25470513105392456
0.25679633021354675
0.2680886685848236
0.2680886685848236
0.28565454483032227
0.3007110059261322
0.3011292219161988
0.30782100558280945
0.31409451365470886
0.3253868818283081
0.3245503902435303
0.3191133439540863
0.312421590089798
0.3023839294910431
0.29234629869461054
0.2701798379421234
0.2580510377883911
0.24926808476448056
0.2312839776277542
0.21162693202495572
0.21790045499801636
0.2208281010389328
0.21831870079040527
0.2040987014770508
0.20535340905189517
0.21204516291618347
0.20786282420158383
0.21873693168163297
0.2082810550928116
0.21037222445011136
0.2015892863273621
0.2015892863273621
0.20535340905189517
0.20200753211975095
0.2028439939022064
0.19782517850399017
0.1986616551876068
0.19489753246307373
0.18485988676548004
0.18318694829940796
0.177749902009964
0.17691342532634735
0.17524048686027527
0.17105813324451447
0.1639481335878372
0.15683814883232117
0.15683814883232117
0.15683814883232117
0.1472187340259552
0.15014638006687164
0.15851108729839325
0.17524048686027527
0.1961522400379181
0.1915516555309296
0.20242576301097867
0.20660811662673953
0.21539105474948883
0.2028439939022064
0.1714763641357422
0.1873693019151688
0.1739857792854309
0.15223756432533264
0.13174404203891754
0.1145964041352272
0.09368465095758438
0.1041405275464058
0.09326641261577606
0.0857381820678711
0.0941028892993927
0.09242994338274002
0.09368465095758438
0.051024675369262695
0.0
0.01756587252020836
0.23923045396804807
0.5880385041236876
0.8159765601158142
0.4399832785129547
0.1041405275464058
0.0
0.0
0.0
0.0
0.0
0.0
0.0
0.0
0.0
0.0
0.0
0.0
0.0
0.0
0.0
0.0
0.0
0.0
0.0
0.0
0.0
0.0
0.0
0.0
0.0
0.0
0.0
0.0
0.0
0.0
0.0
0.0
