1.0
0.5134020447731018
0.23092783987522125
0.1037800684571266
0.05704467371106148
0.09759449958801267
0.09003436565399171
0.09003436565399171
0.1037800684571266
0.08728522062301636
0.11546391993761063
0.10103093087673189
0.10790377855300903
0.12164948135614397
0.12096220254898073
0.13539518415927887
0.14089347422122955
0.13539518415927887
0.16426116228103635
0.1381443291902542
0.1780068725347519
0.18144330382347104
0.18075601756572723
0.2281786948442459
0.2061855643987656
0.23505154252052307
0.25223368406295776
0.24810996651649475
0.2756013870239258
0.25567010045051575
0.24604810774326324
0.25773194432258606
0.23986254632472992
0.24054983258247373
0.2061855643987656
0.20206186175346372
0.1800687313079834
0.17182131111621857
0.16632302105426788
0.1443298906087875
0.14501717686653137
0.13264605402946472
0.1305841952562332
0.1608247458934784
0.1285223364830017
0.14914089441299438
0.15189003944396973
0.15601374208927155
0.16907216608524323
0.13951890170574188
0.1553264558315277
0.1573883146047592
0.14914089441299438
0.16907216608524323
0.1264604777097702
0.14707903563976288
0.14501717686653137
0.11752577126026152
0.13676975667476654
0.1147766336798668
0.11546391993761063
0.10996563732624053
0.09278350323438643
0.11202748864889144
0.08316151052713394
0.1037800684571266
0.09759449958801267
0.09965635836124419
0.12233676761388779
0.10446735471487044
0.10996563732624053
0.10446735471487044
0.10584192723035812
0.10446735471487044
0.09072165191173552
0.1553264558315277
0.18075601756572723
0.1938144266605377
0.3003436326980591
0.29965636134147644
0.30103093385696406
0.3202749192714691
0.29621994495391846
0.18487972021102905
0.11271477490663528
0.07835051417350769
0.06735394895076752
0.06735394895076752
0.07972508668899536
0.061168383806943886
0.05841924250125885
0.06185567006468773
0.059106528759002686
0.0
0.015807559713721275
0.20893470942974088
0.7230240702629089
0.9305841922760008
0.4632302522659302
0.2185567021369934
0.06254295259714127
0.08865979313850403
0.12233676761388779
0.11821305751800536
0.09759449958801267
0.12439862638711928
0.12577319145202637
0.1319587677717209
0.0
0.0
0.0
0.0
0.0
0.0
0.0
0.0
0.0
0.0
0.0
0.0
0.0
0.0
0.0
0.0
0.0
0.0
0.0
0.0
0.0
0.0
0.0
0.0
