0.9303797483444212
0.7991338968276978
0.4150566160678864
0.012658228166401386
0.11025982350111008
0.17221851646900177
0.22518320381641388
0.35309794545173645
0.4280479550361633
0.4493670761585236
0.45602932572364807
0.46202531456947327
0.4636908769607544
0.4623584151268005
0.45636242628097534
0.4546968638896942
0.4603597521781921
0.4590273201465607
0.461692214012146
0.4550299942493439
0.461692214012146
0.46435710787773127
0.4770153164863586
0.4800133109092712
0.48867422342300415
0.49666887521743774
0.504996657371521
0.5056629180908203
0.5059959888458252
0.5156562328338623
0.4980013370513916
0.48667556047439575
0.4770153164863586
0.45936042070388794
0.4540306329727173
0.4543637633323669
0.4506995379924774
0.4477015435695648
0.44003996253013605
0.4370419681072235
0.4393737614154816
0.45036640763282776
0.44137242436409
0.4397068619728088
0.43870753049850464
0.4433710873126984
0.44636908173561096
0.44270485639572144
0.4653564393520355
0.49533644318580633
0.4986675679683685
0.4823451042175293
0.4880079925060272
0.46435710787773127
0.4410392940044403
0.41872084140777593
0.42504996061325073
0.4543637633323669
0.4280479550361633
0.4343770742416382
0.4363757371902466
0.44137242436409
0.4417055249214172
0.4363757371902466
0.44003996253013605
0.4497002065181732
0.4500333070755005
0.45936042070388794
0.5552964806556702
0.7011991739273071
0.7305129766464233
0.748167872428894
1.0
0.6302465200424193
0.14990006387233734
0.0
0.12791472673416135
0.1922051906585693
0.2928048074245453
0.36375749111175537
0.4337108731269837
0.44003996253013605
0.445702850818634
0.4460359811782837
0.4493670761585236
0.4500333070755005
0.4420386552810669
0.4540306329727173
0.4480346441268921
0.4447035193443298
0.45103263854980474
0.4473684132099152
0.45369753241539
0.4603597521781921
0.45736175775527954
0.46835443377494806
0.4823451042175293
0.49133911728858953
0.49533644318580633
0.5129913687705994
0.5113257765769958
0.5033311247825624
0.4863424301147461
0.4770153164863586
0.47035309672355646
0.45936042070388794
0.45036640763282776
0.46069288253784174
0.4420386552810669
0.4513657689094544
0.44903397560119623
0.45802798867225647
0.44903397560119623
0.4520319700241089
0.4516988694667816
0.4453697502613068
0.4447035193443298
0.4440373182296753
0.4546968638896942
0.45269820094108576
0.479680210351944
0.5016655325889587
0.4980013370513916
0.5089939832687378
0.4856762290000916
0.46668887138366694
0.4460359811782837
0.435709536075592
0.44836774468421936
0.0
0.0
0.0
