0.9926650524139404
0.4425427913665771
0.17237164080142975
0.09413202852010728
0.16381418704986572
0.2341075837612152
0.20293398201465607
0.22371637821197507
0.19743275642395017
0.20843520760536197
0.21271394193172452
0.17481662333011627
0.20354522764682767
0.17481662333011627
0.1882640570402145
0.17176039516925812
0.15831296145915985
0.18337407708168027
0.16259168088436127
0.16625916957855225
0.1937652826309204
0.16075794398784635
0.19682151079177856
0.21026894450187683
0.23227383196353912
0.2799510955810547
0.2616136968135834
0.2958435118198395
0.2701711356639862
0.2616136968135834
0.24633251130580905
0.19743275642395017
0.21026894450187683
0.19193154573440552
0.1937652826309204
0.1894865483045578
0.16075794398784635
0.1852078288793564
0.17237164080142975
0.18704156577587128
0.21332518756389615
0.1570904701948166
0.20293398201465607
0.18092909455299375
0.19498777389526367
0.20843520760536197
0.17176039516925812
0.19926650822162628
0.18704156577587128
0.16625916957855225
0.18337407708168027
0.16503667831420898
0.17787286639213562
0.16503667831420898
0.20232273638248444
0.26283618807792664
0.23716381192207336
0.2921760380268097
0.26344743371009827
0.2530562281608581
0.2726161479949951
0.24877750873565677
0.24449877440929407
0.20415647327899927
0.19437652826309204
0.17787286639213562
0.161369189620018
0.16198043525218964
0.1332518309354782
0.16625916957855225
0.16503667831420898
0.22555011510849
0.44132030010223383
0.6839853525161743
0.8630806803703309
0.4981662631034851
0.24511002004146573
0.020171148702502247
0.05012224987149239
0.13264058530330655
0.13753056526184082
0.13386307656764984
0.14608801901340485
0.13447432219982147
0.13202933967113495
0.1271393597126007
0.11430317908525466
0.1271393597126007
0.11063569784164427
0.1210268959403038
0.13997554779052734
0.1088019534945488
0.13875305652618408
0.13875305652618408
0.1253056228160858
0.1430317908525467
0.14425428211688995
0.2017114907503128
0.22310513257980344
0.26711490750312805
0.298288494348526
0.2958435118198395
0.310513436794281
0.2836185693740845
0.2720049023628235
0.2530562281608581
0.2218826413154602
0.24572126567363736
0.22371637821197507
0.20476771891117093
0.19926650822162628
0.2011002451181412
0.22921760380268097
0.18765281140804288
0.18765281140804288
0.19865526258945465
0.18704156577587128
0.20293398201465607
0.20843520760536197
0.19559901952743527
0.20354522764682767
0.18459658324718475
0.216992661356926
0.17237164080142975
0.19559901952743527
0.1882640570402145
0.17298288643360135
0.18337407708168027
0.1711491495370865
0.2218826413154602
0.2334963381290436
0.22066015005111692
