1.0
0.9346365332603455
0.7806963920593261
0.6811240315437317
0.5693341493606567
0.4697617590427399
0.42761147022247314
0.4056200385093689
0.3982895612716674
0.4300549924373626
0.37141111493110657
0.37141111493110657
0.38240683078765864
0.35430666804313654
0.3671349883079529
0.3732437491416931
0.39584606885910034
0.41172876954078674
0.39951130747795105
0.36652413010597223
0.4098961651325226
0.4575442969799042
0.4373854696750641
0.4453268051147461
0.463653028011322
0.4569334089756012
0.4532681703567505
0.42700061202049255
0.45143556594848633
0.4050091505050659
0.38729381561279297
0.3848503232002258
0.3604153990745544
0.3310934603214264
0.29688453674316406
0.26511910557746887
0.1960904151201248
0.18387293815612793
0.16860109567642212
0.18631643056869504
0.18570555746555328
0.17409896850585935
0.19181428849697116
0.1692119687795639
0.180818572640419
0.189370796084404
0.21075136959552765
0.2278558313846588
0.21808186173439023
0.22602321207523343
0.21869273483753204
0.259010374546051
0.2229688465595245
0.24557116627693176
0.2437385469675064
0.2535125315189361
0.2516798973083496
0.2119731158018112
0.2278558313846588
0.23885156214237213
0.2211362272500992
0.23457543551921844
0.24618203938007355
0.1826511919498444
0.22235797345638275
0.23946243524551392
0.23946243524551392
0.27000612020492554
0.26572999358177185
0.3274282217025757
0.32620647549629206
0.2932192981243133
0.3579719066619873
0.3427000641822815
0.39156994223594666
0.31032377481460566
0.3158216178417206
0.29749542474746704
0.22968845069408417
0.19853390753269196
0.18631643056869504
0.2052535116672516
0.12767256796360016
0.1814294457435608
0.19364690780639648
0.18326206505298612
0.19486866891384125
0.19486866891384125
0.18204031884670255
0.1411117911338806
0.0
0.08246792852878569
0.3005497753620148
0.7538179755210876
0.9150885939598083
0.9169211983680723
0.7788637876510621
0.6682956814765929
0.536346971988678
0.4715943932533264
0.3732437491416931
0.3976786732673645
0.40745264291763306
0.3585827648639679
0.4037874042987824
0.3970678150653839
0.41905924677848816
0.4153940081596375
0.425167977809906
0.43799632787704473
0.4502138197422028
0.4202809929847717
0.0
0.0
0.0
0.0
0.0
0.0
0.0
0.0
0.0
0.0
0.0
0.0
0.0
0.0
0.0
0.0
0.0
0.0
0.0
0.0
