1.0
0.5761554837226868
0.24684873223304749
0.017331933602690697
0.1528361290693283
0.18119747936725616
0.2232142835855484
0.22268907725811005
0.17542016506195068
0.21271008253097531
0.20430672168731687
0.21953780949115756
0.227941170334816
0.19380252063274384
0.23161764442920685
0.21376051008701324
0.2263655513525009
0.2085084021091461
0.23266807198524475
0.24002100527286527
0.23476891219615936
0.26050421595573425
0.2815126180648804
0.25630253553390503
0.2846638560295105
0.25525209307670593
0.2825630307197571
0.30094537138938904
0.31985294818878174
0.3167016804218292
0.30987393856048584
0.3077731132507324
0.3088235259056092
0.3172268867492676
0.33298319578170776
0.27941176295280457
0.3146008551120758
0.30199578404426575
0.2636554539203644
0.2568277418613434
0.22163864970207212
0.2452731132507324
0.21953780949115756
0.22268907725811005
0.2163865566253662
0.1964285671710968
0.18697479367256165
0.21165966987609863
0.20430672168731687
0.22373948991298676
0.20220588147640228
0.21271008253097531
0.21691176295280457
0.20903360843658447
0.2305672317743301
0.2163865566253662
0.2342436909675598
0.21060924232006076
0.22899159789085388
0.21481092274188995
0.22058823704719543
0.19275210797786713
0.18487395346164703
0.20483192801475525
0.2100840359926224
0.1696428507566452
0.19012604653835297
0.18802520632743835
0.19695378839969635
0.17804621160030365
0.16334033012390137
0.1964285671710968
0.18382352590560916
0.1896008402109146
0.19800420105457303
0.16911764442920685
0.1827731132507324
0.18907563388347623
0.2174369692802429
0.23266807198524475
0.2352941185235977
0.24159663915634155
0.2647058963775635
0.2725840210914612
0.2914915978908539
0.27941176295280457
0.3203781545162201
0.263130247592926
0.2274159640073776
0.1917016804218292
0.16334033012390137
0.15546219050884247
0.14705882966518402
0.15703780949115753
0.13760504126548767
0.1439075618982315
0.13445378839969635
0.14338235557079315
0.12552520632743835
0.12867647409439087
0.12132352590560912
0.1428571492433548
0.11292016506195068
0.1680672317743301
0.2935924232006073
0.5057772994041443
0.9175420403480528
0.7148109078407288
0.34243696928024286
0.0
0.014705882407724856
0.15336135029792783
0.1607142835855484
0.13813024759292603
0.13813024759292603
0.13707983493804932
0.16386555135250092
0.1171218454837799
0.1449579894542694
0.14863444864749908
0.1360294073820114
0.16228991746902463
0.15021008253097534
0.16911764442920685
0.15336135029792783
0.1617647111415863
0.19117647409439087
0.0
0.0
0.0
0.0
0.0
