0.9685408473014832
0.8052209019660949
0.43239626288414
0.2329317331314087
0.07028112560510635
0.0
0.08165997266769409
0.26104417443275446
0.3580990731716156
0.4089692234992981
0.3935742974281311
0.413654625415802
0.43641230463981623
0.42235609889030457
0.41030788421630854
0.413654625415802
0.4464524686336517
0.4431057572364807
0.4377509951591492
0.4243641197681427
0.4149933159351349
0.45381525158882147
0.44243642687797546
0.4404283761978149
0.4477911591529846
0.4176706969738007
0.42904952168464655
0.4129852652549744
0.3755020201206207
0.36613118648529047
0.30923694372177124
0.3132530152797699
0.29116466641426086
0.27710843086242676
0.274431049823761
0.27108433842659
0.2998661398887634
0.3453815281391144
0.36613118648529047
0.4183400273323059
0.4176706969738007
0.4477911591529846
0.4417670667171478
0.43306559324264526
0.45582330226898193
0.44243642687797546
0.42971888184547424
0.45582330226898193
0.42971888184547424
0.4417670667171478
0.44979920983314514
0.4658634662628174
0.4243641197681427
0.4156626462936401
0.4772422909736633
0.4410977363586426
0.47255688905715937
0.45983934402465826
0.4511378705501556
0.4564926326274872
0.4477911591529846
0.4551539421081543
0.4819277226924896
0.43239626288414
0.4451137781143189
0.4384203553199768
0.4377509951591492
0.45314592123031616
0.43105757236480713
0.4658634662628174
0.43239626288414
0.45783132314682007
0.4645247757434845
0.43507361412048334
0.47791165113449097
0.4491298496723175
0.45582330226898193
0.45448461174964894
0.4444444477558136
0.47791165113449097
0.43105757236480713
0.4759036004543304
0.44846051931381226
0.4551539421081543
0.4718875586986542
0.44846051931381226
0.4551539421081543
0.4692101776599884
0.43105757236480713
0.4605087041854858
0.44243642687797546
0.4477911591529846
0.4431057572364807
0.4551539421081543
0.49196785688400263
0.4765729606151581
0.5207496881484985
0.5508701205253601
0.5368139147758484
0.6077643632888794
0.6178045272827148
0.6004015803337097
0.5876840949058533
0.5294511318206787
0.5214189887046814
0.5107095241546631
0.5060241222381592
0.48594376444816584
0.4377509951591492
0.45247656106948847
0.43574297428131104
0.45448461174964894
0.42503347992897034
0.19678714871406555
0.18406961858272552
0.6204819083213806
1.0
0.7402945160865783
0.35475233197212214
0.2008032202720642
0.09103079140186307
0.09839357435703276
0.20749665796756744
0.38018742203712463
0.4765729606151581
0.4738955795764923
0.4906291961669922
0.506693422794342
0.5013386607170105
0.5254350900650024
0.5
0.5167335867881775
