0.9929653406143187
0.8046537041664124
0.4686147272586823
0.2673160135746002
0.32305195927619934
0.1996753215789795
0.21482683718204496
0.2316017299890518
0.2153679579496384
0.23971861600875852
0.2537878751754761
0.2564935088157654
0.2624458968639374
0.19805194437503812
0.24567098915576932
0.2797619104385376
0.26082250475883484
0.2586580216884613
0.2380952388048172
0.28787878155708313
0.2494588792324066
0.2765151560306549
0.26082250475883484
0.24296537041664124
0.2375541180372238
0.25487011671066284
0.17370130121707916
0.26352813839912415
0.184523805975914
0.2115800827741623
0.2413419932126999
0.21807359158992767
0.23593074083328247
0.2213203459978104
0.2213203459978104
0.20021645724773407
0.22889611124992368
0.23268398642539975
0.2023809552192688
0.2391774952411652
0.17099566757678983
0.14989177882671356
0.19859308004379272
0.15963204205036163
0.22889611124992368
0.20670995116233823
0.244047611951828
0.29220777750015253
0.2889610528945923
0.28409090638160706
0.2851731479167938
0.255952388048172
0.30573591589927673
0.2234848439693451
0.22781385481357572
0.24080087244510648
0.18073593080043793
0.1428571492433548
0.10822510719299316
0.18668831884860992
0.1547619104385376
0.14718614518642423
0.1488095223903656
0.07575757801532745
0.124458871781826
0.0
0.051948051899671555
0.5086579918861389
1.0
0.94696968793869
0.5503246784210205
0.2575757503509521
0.2792207896709442
0.23376622796058652
0.1964285671710968
0.16179654002189636
0.15909090638160703
0.21807359158992767
0.19209957122802732
0.21103896200656888
0.22673159837722776
0.0
0.0
0.0
0.0
0.0
0.0
0.0
0.0
0.0
0.0
0.0
0.0
0.0
0.0
0.0
0.0
0.0
0.0
0.0
0.0
0.0
0.0
0.0
0.0
0.0
0.0
0.0
0.0
0.0
0.0
0.0
0.0
0.0
0.0
0.0
0.0
0.0
0.0
0.0
0.0
0.0
0.0
0.0
0.0
0.0
0.0
0.0
0.0
0.0
0.0
0.0
