0.9949324131011962
0.9395270347595216
0.3902027010917664
0.13479728996753693
0.10270269960165024
0.08412162214517593
0.051013514399528496
0.03310810774564743
0.04054053872823715
0.030067566782236096
0.03885135054588318
0.02567567490041256
0.03513513505458832
0.03209459409117699
0.02094594575464725
0.04662162065505981
0.029054053127765652
0.04493243247270584
0.04324324429035186
0.03952702879905701
0.0625
0.04324324429035186
0.05000000074505805
0.06317567825317383
0.052027028053998954
0.06655405461788177
0.06520270556211472
0.057432431727647774
0.06959459185600281
0.06385134905576706
0.07060810923576355
0.06182432547211647
0.06689189374446869
0.08648648858070372
0.08378378301858902
0.10405405610799788
0.08716215938329697
0.07770270109176636
0.08885135501623154
0.08175675570964813
0.08614864945411682
0.06351350992918015
0.07094594836235046
0.08648648858070372
0.07466216385364531
0.09222973138093948
0.0763513520359993
0.0763513520359993
0.08141891658306122
0.08885135501623154
0.0972972959280014
0.08344594389200209
0.08344594389200209
0.08682432770729065
0.07770270109176636
0.08513513207435608
0.06993243098258972
0.07060810923576355
0.06824324280023575
0.057770270854234695
0.07128378748893738
0.0716216191649437
0.06182432547211647
0.06520270556211472
0.05304054170846939
0.057094596326351166
0.06148648634552956
0.06925676017999649
0.06520270556211472
0.045945946127176285
0.07567567378282547
0.06283783912658691
0.06351350992918015
0.07939188927412033
0.05878378450870514
0.10506756603717804
0.07432432472705841
0.07770270109176636
0.10067567229270936
0.08243243396282195
0.09695945680141449
0.06317567825317383
0.07060810923576355
0.08074324578046799
0.06756756454706192
0.06554053723812103
0.03547297418117523
0.03310810774564743
0.03277026861906052
0.02939189225435257
0.039864864200353615
0.040202703326940536
0.03682432323694229
0.039864864200353615
0.0
0.08513513207435608
0.25979730486869806
0.5820946097373961
0.8885135054588317
1.0
0.7902026772499084
0.2182432413101196
0.14425675570964813
0.10709459334611891
0.051013514399528496
0.04425675794482231
0.020608108490705487
0.028378378599882122
0.04054053872823715
0.039189189672470086
0.04662162065505981
0.03547297418117523
0.03378378227353096
0.039189189672470086
0.025000000372529026
0.042229730635881424
0.039864864200353615
0.05033783614635468
0.04527027159929276
0.0415540523827076
0.0
0.0
0.0
0.0
0.0
0.0
0.0
0.0
0.0
0.0
0.0
0.0
