0.9150943160057069
1.0
0.6352201104164124
0.2979559600353241
0.2216981202363968
0.39229559898376465
0.4960691928863525
0.5416666865348816
0.5526729822158812
0.5825471878051758
0.5369496941566467
0.569968581199646
0.569968581199646
0.5691823959350586
0.6116352081298828
0.5683962106704712
0.5927672982215881
0.5904088020324707
0.5786163806915283
0.6108490824699402
0.5723270177841187
0.5927672982215881
0.6053459048271179
0.5919811129570007
0.6320754885673523
0.6179245114326477
0.6360062956809998
0.6493710875511169
0.643081784248352
0.6721698045730591
0.652515709400177
0.6808176040649414
0.670597493648529
0.652515709400177
0.6816037893295288
0.6548742055892944
0.6808176040649414
0.6666666865348816
0.6281446814537048
0.6273584961891174
0.5841194987297058
0.573113203048706
0.5621069073677063
0.5369496941566467
0.5558176040649414
0.5235849022865297
0.551886796951294
0.5487421154975891
0.5361635088920593
0.571540892124176
0.5283018946647644
0.5361635088920593
0.5408805012702942
0.5102201104164124
0.5487421154975891
0.5172955989837646
0.5267295837402344
0.5314465165138245
0.5070754885673523
0.553459107875824
0.5117924809455872
0.5220125913619995
0.5353773832321167
0.5573899149894713
0.6084905862808228
0.6179245114326477
0.6155660152435303
0.6729559898376465
0.6548742055892944
0.6407232880592345
0.5825471878051758
0.5864779949188232
0.571540892124176
0.5165094137191772
0.5212264060974121
0.49764150381088257
0.50157231092453
0.4960691928863525
0.4772012531757354
0.5023584961891174
0.4913522005081177
0.4929245412349701
0.499213844537735
0.4292452931404114
0.4339622557163239
0.41902515292167664
0.6823899149894713
0.844339609146118
0.768081784248352
0.22798742353916168
0.0
0.21933962404727933
0.3938679099082946
0.42767295241355896
0.48977985978126526
0.4685534536838531
0.4779874086380005
0.49449685215950007
0.47641509771347046
0.5125786066055298
0.4929245412349701
0.5070754885673523
0.5204402804374695
0.0
0.0
0.0
0.0
0.0
0.0
0.0
0.0
0.0
0.0
0.0
0.0
0.0
0.0
0.0
0.0
0.0
0.0
0.0
0.0
0.0
0.0
0.0
0.0
0.0
0.0
0.0
0.0
0.0
