1.0
0.7672281861305236
0.5752935409545897
0.23175089061260223
0.0
0.09035222232341766
0.09290454536676407
0.14650331437587738
0.1740684062242508
0.15364982187747955
0.19295558333396912
0.16130678355693817
0.17202654480934143
0.1878509372472763
0.1715160757303238
0.20520673692226407
0.17559979856014252
0.19959162175655365
0.20673812925815585
0.18683001399040225
0.22103114426136017
0.19346605241298676
0.2286881059408188
0.23583461344242093
0.21592649817466733
0.25114855170249933
0.23481367528438568
0.25165900588035583
0.2776927053928375
0.2598264515399933
0.28790199756622314
0.2608473598957062
0.2848392128944397
0.3103624284267425
0.26442062854766846
0.29760080575943
0.24655435979366305
0.25676366686820984
0.25012761354446406
0.19959162175655365
0.21439510583877563
0.16539050638675687
0.20061255991458887
0.18631954491138455
0.15211842954158783
0.1791730523109436
0.13118937611579895
0.1618172526359558
0.16845329105854034
0.13476262986660004
0.1633486449718475
0.1342521756887436
0.17253701388835907
0.16488003730773923
0.156712606549263
0.18478815257549283
0.14497192203998563
0.16896376013755798
0.1704951524734497
0.14854517579078674
0.1801939755678177
0.14548239111900327
0.16539050638675687
0.17304746806621552
0.1480347067117691
0.16283817589282987
0.14139866828918457
0.14905564486980438
0.15824399888515472
0.1419091373682022
0.1659009754657745
0.12353241443634032
0.1541602909564972
0.14956609904766083
0.12914752960205078
0.15211842954158783
0.1271056681871414
0.144461452960968
0.1480347067117691
0.12914752960205078
0.15518121421337128
0.11536498367786407
0.13476262986660004
0.14548239111900327
0.11383359134197236
0.15875446796417236
0.11332312226295473
0.1368044912815094
0.15926493704319
0.12251148372888564
0.1516079604625702
0.11536498367786407
0.1541602909564972
0.1858090907335281
0.1801939755678177
0.20316487550735476
0.16845329105854034
0.2572741210460663
0.2776927053928375
0.22970902919769287
0.25421133637428284
0.17253701388835907
0.17457886040210724
0.16232772171497345
0.11179172992706297
0.11893823742866516
0.10107197612524033
0.11281266063451766
0.11638591438531876
0.09545686841011047
0.12761613726615903
0.05155691504478455
0.01990811713039875
0.1715160757303238
0.3552833199501037
0.6712608337402344
0.957631468772888
0.8121490478515626
0.631955087184906
0.3032159209251404
0.04134762659668922
0.01990811713039875
0.12302195280790328
0.15926493704319
0.15007656812667847
0.20061255991458887
0.16539050638675687
0.19346605241298676
0.19142419099807736
0.1791730523109436
0.1985706984996796
0.18121489882469177
