0.9387672543525696
1.0
0.705596089363098
0.4497161507606506
0.2396593689918518
0.0
0.029197080060839653
0.08556366711854935
0.17599351704120636
0.32846716046333313
0.4898621141910553
0.5421735644340515
0.5648823976516724
0.5681264996528625
0.5762368440628052
0.58475261926651
0.5900243520736694
0.5859692096710205
0.5920519232749938
0.6005676984786987
0.5936739444732666
0.5973235964775084
0.5928629636764526
0.5896188020706177
0.5904298424720764
0.5904298424720764
0.6021897792816162
0.5928629636764526
0.5900243520736694
0.5961070656776428
0.5900243520736694
0.5961070656776428
0.588402271270752
0.587996780872345
0.5961070656776428
0.5896188020706177
0.5944849848747252
0.5928629636764526
0.5908353328704834
0.5871857404708862
0.5888077616691588
0.5859692096710205
0.588402271270752
0.5900243520736694
0.591646373271942
0.5892133116722107
0.5973235964775084
0.5973235964775084
0.5965125560760498
0.6017842888832092
0.5928629636764526
0.5920519232749938
0.5904298424720764
0.5900243520736694
0.588402271270752
0.5896188020706177
0.5892133116722107
0.5863747000694275
0.5823195576667786
0.5920519232749938
0.5794809460639954
0.5790753960609436
0.5839415788650513
0.58475261926651
0.5908353328704834
0.5900243520736694
0.58475261926651
0.5823195576667786
0.5798864364624025
0.5851581692695618
0.5758312940597534
0.5823195576667786
0.5742092728614807
0.5786699056625366
0.5851581692695618
0.5790753960609436
0.5786699056625366
0.5770478248596193
0.5815085172653198
0.5725871920585632
0.573803722858429
0.5811030268669128
0.5742092728614807
0.56974858045578
0.5786699056625366
0.5750202536582947
0.5790753960609436
0.5794809460639954
0.5742092728614807
0.5839415788650513
0.5786699056625366
0.573398232460022
0.5742092728614807
0.5681264996528625
0.5762368440628052
0.5709651112556458
0.573803722858429
0.5774533748626709
0.5815085172653198
0.5713706612586975
0.5709651112556458
0.5770478248596193
0.5758312940597534
0.573398232460022
0.56974858045578
0.5778588652610779
0.584347128868103
0.5802919864654541
0.58475261926651
0.5867801904678345
0.5875912308692932
0.5871857404708862
0.6192213892936707
0.6204379796981812
0.6520681381225586
0.6443633437156677
0.6050283908843994
0.6423357725143433
0.6058394312858582
0.5871857404708862
0.5952960252761841
0.6135442256927489
0.6013787388801575
0.5944849848747252
0.5620437860488892
0.5510948896408081
0.5531224608421326
0.5596107244491577
0.5612327456474304
0.5604217648506165
0.5539335012435913
0.5571776032447815
