0.9770992398262026
0.7906215786933899
0.4830970466136932
0.29189386963844294
0.1959287524223328
0.09814612567424774
0.07161032408475876
0.07124681770801544
0.052708107978105545
0.04834605753421784
0.030170846730470657
0.034896399825811386
0.04325699806213378
0.042529989033937454
0.049800071865320206
0.03562340885400772
0.047255542129278176
0.060341693460941315
0.05961468443274497
0.0766993835568428
0.07742638885974883
0.09342057257890701
0.10832424461841585
0.11159577965736388
0.1388586014509201
0.14322064816951752
0.17339149117469788
0.20937840640544889
0.22210104763507843
0.25554344058036804
0.2559069395065308
0.2755361795425415
0.28862231969833374
0.2857142984867096
0.288258820772171
0.26608505845069885
0.2522718906402588
0.2239185720682144
0.1842966228723526
0.161395862698555
0.124318428337574
0.10832424461841585
0.09996365010738371
0.08505997806787491
0.08724100142717361
0.0705198124051094
0.0785169005393982
0.07960741221904753
0.07088331878185272
0.0785169005393982
0.06470374763011932
0.07088331878185272
0.07742638885974883
0.0766993835568428
0.08215194195508958
0.07197383046150208
0.0766993835568428
0.08287895470857619
0.07342784106731415
0.0785169005393982
0.06070519983768463
0.06652126461267471
0.06870228797197342
0.062159214168787
0.06361322849988937
0.045438021421432495
0.04362050071358681
0.049436569213867194
0.04289349168539047
0.045801527798175805
0.03235187381505966
0.04471101239323616
0.04616503044962882
0.03707742691040039
0.04325699806213378
0.02835332602262497
0.03162486478686333
0.03235187381505966
0.030534351244568825
0.03235187381505966
0.022173754870891568
0.023264268413186077
0.02944383770227432
0.025808796286582943
0.03598691523075104
0.024718284606933597
0.02508178912103176
0.02835332602262497
0.022173754870891568
0.02835332602262497
0.01890221796929836
0.022537259384989735
0.046528536826372154
0.06579425930976868
0.08578698337078094
0.07815340161323547
0.09014903753995895
0.1181388571858406
0.12504543364048004
0.1119592860341072
0.10505270957946776
0.10323518514633177
0.07379134744405745
0.030534351244568825
0.027262814342975616
0.006543075200170279
0.007997091859579086
0.011995637789368628
0.005089058540761471
0.01635768823325634
0.0
0.014903671108186243
0.020356234163045883
0.011268629692494867
0.128680482506752
0.30098146200180054
0.6386768221855164
1.0
0.8295165300369263
0.5245365500450134
0.3235187232494354
0.21010541915893555
0.13449653983116147
0.0970556139945984
0.0930570736527443
0.06579425930976868
0.06106870248913765
0.059978190809488297
0.06361322849988937
0.06870228797197342
0.05052708089351655
0.06252271682024002
