1.0
0.37661290168762207
0.0
0.19677419960498807
0.5185483694076538
0.5951613187789917
0.625
0.6225806474685669
0.6370967626571655
0.6322580575942993
0.6709677577018738
0.647580623626709
0.6870967745780945
0.6693548560142517
0.6629032492637633
0.676612913608551
0.6677419543266296
0.6967741847038269
0.6919354796409607
0.6911290287971497
0.7298387289047241
0.727419376373291
0.7524193525314331
0.7532258033752441
0.7967742085456848
0.8572580814361571
0.850806474685669
0.9258064627647402
0.9153226017951965
0.9645161032676696
0.9758064746856688
0.9725806713104248
0.9725806713104248
0.901612877845764
0.89838707447052
0.8846774101257325
0.8330644965171814
0.8604838848114013
0.8225806355476379
0.804838716983795
0.8056451678276062
0.7967742085456848
0.7701612710952759
0.7693548202514648
0.77338707447052
0.7774193286895752
0.72661292552948
0.7766128778457642
0.749193549156189
0.7314516305923462
0.7516129016876221
0.7161290049552916
0.7120967507362366
0.7387096881866454
0.7193548679351808
0.7451612949371338
0.7370967864990233
0.7612903118133546
0.7411290407180786
0.7185483574867249
0.7346774339675902
0.7645161151885985
0.750806450843811
0.7314516305923462
0.7475806474685669
0.7612903118133546
0.6975806355476379
0.0
0.0
0.0
0.0
0.0
0.0
0.0
0.0
0.0
0.0
0.0
0.0
0.0
0.0
0.0
0.0
0.0
0.0
0.0
0.0
0.0
0.0
0.0
0.0
0.0
0.0
0.0
0.0
0.0
0.0
0.0
0.0
0.0
0.0
0.0
0.0
0.0
0.0
0.0
0.0
0.0
0.0
0.0
0.0
0.0
0.0
0.0
0.0
0.0
0.0
0.0
0.0
0.0
0.0
0.0
0.0
0.0
0.0
0.0
0.0
0.0
0.0
0.0
0.0
0.0
