1.0
0.6013390421867371
0.25745588541030884
0.0
0.08034083992242813
0.22824102640151975
0.22337187826633453
0.21363359689712524
0.22580644488334653
0.20754717290401456
0.2294583022594452
0.22458916902542117
0.23250152170658112
0.23554474115371704
0.2647596001625061
0.24954351782798767
0.2635422945022583
0.25441265106201166
0.2763237953186035
0.2708460092544556
0.2891052961349488
0.2891052961349488
0.3146682977676392
0.32501521706581116
0.32258063554763794
0.34753498435020447
0.37735849618911743
0.3931832015514374
0.4284844696521759
0.44735240936279297
0.46256846189498896
0.4905660450458527
0.4759586155414581
0.46804624795913696
0.4741326868534088
0.46743762493133534
0.4741326868534088
0.41631162166595453
0.41935482621192927
0.38587948679924006
0.36153379082679754
0.3633597195148468
0.3402312695980072
0.3292757272720337
0.29032257199287415
0.306755930185318
0.3097991347312927
0.2976262867450714
0.32440656423568726
0.3073645830154419
0.33597078919410706
0.3079732060432434
0.30188679695129395
0.3043213486671448
0.31284236907958984
0.3262324929237366
0.3097991347312927
0.31101644039154047
0.3055386543273926
0.32501521706581116
0.3134509921073913
0.30006086826324463
0.2945830821990967
0.31162506341934204
0.29093122482299805
0.30371272563934326
0.31101644039154047
0.2958003580570221
0.2842361629009247
0.27449786663055414
0.28484478592872614
0.28788802027702326
0.2842361629009247
0.2988435924053192
0.2842361629009247
0.2763237953186035
0.2738892138004303
0.2842361629009247
0.2854534387588501
0.2958003580570221
0.32258063554763794
0.331101655960083
0.33597078919410706
0.3828362822532654
0.3931832015514374
0.3688375055789948
0.4041387736797333
0.3840535581111908
0.3432745039463043
0.30858185887336725
0.26841142773628235
0.24406573176383967
0.21485088765621185
0.23250152170658112
0.22580644488334653
0.2270237356424332
0.23311015963554385
0.2203286737203598
0.23128423094749448
0.22884966433048248
0.2166768163442612
0.20024345815181727
0.2726719379425049
0.3974437117576599
0.7285453677177429
0.9726110696792601
0.6037735939025879
0.2592818140983581
0.013390139676630495
0.08825319260358809
0.21363359689712524
0.20815581083297727
0.18259282410144803
0.2105903774499893
0.20085209608078
0.2203286737203598
0.22884966433048248
0.21850274503231049
0.2300669550895691
0.2538040280342102
0.23737066984176636
0.2623250186443329
0.251369446516037
0.25989043712615967
0.2653682231903076
0.26719415187835693
0.0
0.0
0.0
0.0
0.0
0.0
