0.9441093802452089
0.7523120045661926
0.49256131052970886
0.3421793282032013
0.028146361932158474
0.03337354212999344
0.060313630849123
0.13067953288555145
0.2766385078430176
0.4382790625095368
0.47486931085586553
0.510655403137207
0.520305573940277
0.5275432467460632
0.5307599306106567
0.5388017892837524
0.5404101610183716
0.5464414954185486
0.5524728298187256
0.5560916662216187
0.5500603318214417
0.5516687035560608
0.5577000379562378
0.557297945022583
0.5540812015533447
0.5472456812858582
0.5532770156860352
0.5524728298187256
0.5540812015533447
0.5585042238235474
0.5552874803543091
0.5593084096908569
0.5593084096908569
0.5581021308898926
0.5548853874206543
0.5581021308898926
0.5564937591552734
0.5581021308898926
0.5544832944869995
0.5577000379562378
0.5601125955581665
0.5585042238235474
0.5585042238235474
0.567350208759308
0.5637314319610596
0.5669481158256531
0.5601125955581665
0.5593084096908569
0.557297945022583
0.5532770156860352
0.557297945022583
0.5536791086196899
0.5568958520889281
0.5593084096908569
0.5661439299583435
0.5665460228919983
0.5657418370246887
0.5548853874206543
0.5625251531600952
0.5677523016929625
0.5693606734275818
0.5605146884918213
0.5617209672927856
0.5665460228919983
0.5661439299583435
0.5625251531600952
0.5685564875602721
0.5613188743591309
0.5613188743591309
0.5633293390274048
0.5641334652900696
0.5665460228919983
0.568958580493927
0.5665460228919983
0.5693606734275818
0.5729795098304749
0.5701648592948914
0.5637314319610596
0.5669481158256531
0.5661439299583435
0.5697627663612366
0.5721753239631653
0.5786087512969971
0.5725774168968201
0.5693606734275818
0.5761961936950684
0.5741857886314392
0.5765982866287231
0.5774024724960327
0.5753920674324036
0.5818254947662354
0.5818254947662354
0.5818254947662354
0.580619215965271
0.5854443311691284
0.586248517036438
0.5786087512969971
0.5854443311691284
0.5830317735671997
0.5765982866287231
0.5834338665008545
0.5826296806335449
0.5810213088989258
0.5842380523681641
0.5834338665008545
0.5834338665008545
0.5774024724960327
0.5826296806335449
0.5830317735671997
0.5918777585029602
0.5918777585029602
0.5910735726356505
0.5967028737068176
0.619219958782196
0.6509851217269897
0.6525934934616089
0.6513872146606445
0.6288701295852661
0.6465620994567871
0.6300764083862305
0.6079614162445068
0.6043425798416138
0.6131885647773743
0.6071572303771973
0.5963007807731628
0.570566952228546
0.5617209672927856
0.5625251531600952
0.5609167814254761
0.5625251531600952
0.5701648592948914
0.567350208759308
