0.9785447716712952
0.7453358173370361
0.7546641826629639
1.0
0.89552241563797
0.6436567306518555
0.4944029748439789
0.4766791164875031
0.45429104566574097
0.427238792181015
0.4235074520111084
0.4095149338245392
0.4188432693481445
0.4169776141643524
0.4141791164875031
0.4300373196601868
0.4337686598300934
0.4235074520111084
0.4430970251560211
0.4375
0.45335820317268366
0.4692164063453674
0.4598880708217621
0.46082088351249695
0.4654850661754608
0.4636194109916687
0.46735075116157526
0.4552238881587982
0.46175372600555414
0.46641790866851807
0.4953358173370361
0.5083954930305481
0.5177238583564758
0.5541045069694519
0.5634328126907349
0.5625
0.5559701323509216
0.5317164063453673
0.5363805890083313
0.503731369972229
0.4990671575069427
0.489738792181015
0.4981343150138855
0.5111940503120422
0.5363805890083313
0.5401119589805603
0.513059675693512
0.4878731369972229
0.4972015023231506
0.5186567306518555
0.5391790866851808
0.5186567306518555
0.5158582329750061
0.5158582329750061
0.5261194109916687
0.5363805890083313
0.5018656849861145
0.5298507213592529
0.5401119589805603
0.5195895433425903
0.516791045665741
0.5214552283287048
0.5186567306518555
0.5279850959777832
0.5270522236824036
0.512126863002777
0.5214552283287048
0.5158582329750061
0.5354477763175964
0.5242537260055542
0.5149253606796265
0.5345149040222168
0.5475746393203735
0.5597015023231505
0.5998134613037108
0.6688432693481445
0.6501865386962891
0.6324626803398132
0.6147388219833374
0.6343283653259277
0.625
0.5550373196601868
0.5233209133148192
0.52052241563797
0.5438432693481445
0.566231369972229
0.4748134315013885
0.4729477465152741
0.513059675693512
0.49067163467407227
0.5083954930305481
0.4776119291782379
0.4925373196601868
0.5139925479888916
0.5298507213592529
0.5083954930305481
0.4972015023231506
0.5055969953536987
0.5102611780166626
0.5223880410194397
0.5186567306518555
0.28917911648750305
0.0
0.24626865983009336
0.9888059496879577
0.9347015023231505
0.795708954334259
0.9785447716712952
0.929104506969452
0.7257462739944458
0.6399253606796265
0.6343283653259277
0.5513059496879578
0.5643656849861145
0.5923507213592529
0.6100746393203735
0.5652984976768494
0.5643656849861145
0.5783582329750061
0.6016790866851808
0.5820895433425903
0.0
0.0
0.0
0.0
0.0
0.0
0.0
0.0
0.0
0.0
0.0
