1.0
0.5383647680282593
0.12893082201480863
0.027044024318456646
0.04716981202363968
0.136477991938591
0.1685534566640854
0.16981132328510284
0.2037735879421234
0.1949685513973236
0.21006289124488833
0.19622641801834104
0.20062893629074097
0.21823899447917935
0.24339622259140012
0.25220125913619995
0.2666666805744171
0.27421385049819946
0.28553459048271174
0.322641521692276
0.3176100552082062
0.350943386554718
0.374213844537735
0.4132075607776642
0.425786167383194
0.4849056601524353
0.5132075548171997
0.5081760883331299
0.5383647680282593
0.5308176279067993
0.547798752784729
0.5031446814537048
0.4327043890953064
0.39496853947639465
0.3220125734806061
0.2899371087551117
0.2408805042505264
0.2081761062145233
0.21069182455539703
0.17044025659561157
0.19371068477630612
0.19433961808681488
0.175471693277359
0.19685535132884976
0.17924527823925018
0.18490566313266757
0.1987421363592148
0.18805031478405
0.18805031478405
0.18301886320114133
0.1918238997459412
0.1930817663669586
0.1924528330564499
0.18050314486026764
0.18805031478405
0.16981132328510284
0.1729559749364853
0.1647798717021942
0.17232704162597656
0.17861634492874143
0.1471698135137558
0.14025157690048215
0.18364779651165009
0.18301886320114133
0.15534591674804688
0.1534591168165207
0.1647798717021942
0.14591194689273834
0.15471698343753815
0.1603773534297943
0.15471698343753815
0.15911950170993805
0.173584908246994
0.22767294943332672
0.23962263762950897
0.23522011935710904
0.24150943756103516
0.29119497537612915
0.3176100552082062
0.2446540892124176
0.22893081605434415
0.1773584932088852
0.12955975532531738
0.14465409517288208
0.1213836446404457
0.11761005967855452
0.10566037893295288
0.09622641652822495
0.10566037893295288
0.08930817246437071
0.11949685215950012
0.08805031329393385
0.22201257944107053
0.42138364911079407
0.4679245352745056
0.6220125555992126
0.9635220170021056
0.5157232880592345
0.08993710577487946
0.0
0.03773584961891174
0.11320754885673522
0.16100628674030304
0.17861634492874143
0.173584908246994
0.18679244816303253
0.20251572132110596
0.2056603729724884
0.19119496643543243
0.1987421363592148
0.2201257795095444
0.23207546770572665
0.23710691928863523
0.2685534656047821
0.26729559898376465
0.3182390034198761
0.30188679695129395
0.0
0.0
0.0
0.0
0.0
0.0
0.0
0.0
0.0
0.0
0.0
0.0
0.0
0.0
0.0
