1.0
0.7615354657173156
0.7568824887275696
0.6622722148895264
0.5455603003501892
0.44668474793434143
0.39123690128326416
0.28227996826171875
0.2423419952392578
0.25862738490104675
0.23381155729293823
0.2504846751689911
0.26328033208847046
0.2411787509918213
0.22954633831977844
0.24544396996498108
0.26677006483078
0.25358664989471436
0.27685150504112244
0.2590151131153106
0.27219852805137634
0.2877084016799927
0.2636680901050568
0.2264443635940552
0.2516479194164276
0.24583171308040616
0.2877084016799927
0.2834431827068329
0.3210546672344208
0.25242340564727783
0.2555254101753235
0.2877084016799927
0.259402871131897
0.27956572175025934
0.24272973835468287
0.2842186987400055
0.2737495005130768
0.28615742921829224
0.25397440791130066
0.31911593675613403
0.26948428153991694
0.26289260387420654
0.2566886246204376
0.24389298260211945
0.23032182455062863
0.24195425212383273
0.2551376521587372
0.23187281191349027
0.24932144582271573
0.2043427675962448
0.2838309407234192
0.25823962688446045
0.27452501654624933
0.2706475257873535
0.2710352838039398
0.2923613786697388
0.23109732568264008
0.2652190625667572
0.2943001091480255
0.27258628606796265
0.27297401428222656
0.2605661153793335
0.2935246229171753
0.2314850687980652
0.23575028777122495
0.2807289659976959
0.2908104062080384
0.2710352838039398
0.22954633831977844
0.3233811557292938
0.31911593675613403
0.35207444429397583
0.3501357138156891
0.36176812648773193
0.38542070984840393
0.4137262403964996
0.34548273682594294
0.4129507541656494
0.42031794786453247
0.3450950086116791
0.28189221024513245
0.28266769647598267
0.25823962688446045
0.21830166876316073
0.2679333090782165
0.23924002051353452
0.22024039924144745
0.3039937913417816
0.190771609544754
0.04032570868730545
0.0
0.11283443123102188
0.5963551998138428
0.9034509658813475
0.8642885088920593
0.7983714342117308
0.7103528380393982
0.6471500396728516
0.46219465136528015
0.4490112364292145
0.3761147856712341
0.25358664989471436
0.23536254465579984
0.24854594469070437
0.2702597975730896
0.25397440791130066
0.2520356774330139
0.2570763826370239
0.2512601912021637
0.0
0.0
0.0
0.0
0.0
0.0
0.0
0.0
0.0
0.0
0.0
0.0
0.0
0.0
0.0
0.0
0.0
0.0
0.0
0.0
0.0
0.0
0.0
