1.0
0.6502074599266052
0.512033224105835
0.2605809271335602
0.1663900464773178
0.0983402505517006
0.0593360997736454
0.02738589234650135
0.030290456488728523
0.04439834132790565
0.02738589234650135
0.03153527155518532
0.03236514702439308
0.02074688859283924
0.043983403593301766
0.037344399839639664
0.042323652654886246
0.04356846585869789
0.04647303000092506
0.0821576789021492
0.07012448459863663
0.07676348835229874
0.08174274116754532
0.07966805249452592
0.11037344485521317
0.09958506375551224
0.11452282220125198
0.11369294673204422
0.12199170142412184
0.1485477238893509
0.1439834088087082
0.1576763540506363
0.1593361049890518
0.15560166537761688
0.16016598045825958
0.13609959185123444
0.1319502145051956
0.12365145236253738
0.10539419203996658
0.11369294673204422
0.10000000149011612
0.10331950336694716
0.09751037508249283
0.08257261663675308
0.08755186945199966
0.08091286569833755
0.08713693171739578
0.08132780343294142
0.07053942233324051
0.09294606000185011
0.06639004498720169
0.07593361288309097
0.07510373741388321
0.0726141110062599
0.09087137132883072
0.07427386194467545
0.08547718077898026
0.07842323929071425
0.07385892421007155
0.093360997736454
0.07551867514848709
0.08962655812501907
0.08589211851358412
0.08008299022912979
0.09045643359422685
0.07925311475992201
0.08713693171739578
0.09004149585962294
0.0821576789021492
0.093360997736454
0.07634855061769485
0.08132780343294142
0.08921162039041518
0.07219917327165604
0.0958506241440773
0.07385892421007155
0.0821576789021492
0.07925311475992201
0.07593361288309097
0.10082987695932388
0.08755186945199966
0.08755186945199966
0.093360997736454
0.08962655812501907
0.09958506375551224
0.07468879967927933
0.07012448459863663
0.0821576789021492
0.07883817702531815
0.09419087320566176
0.08796680718660353
0.08132780343294142
0.07053942233324051
0.07219917327165604
0.08589211851358412
0.05975103750824928
0.07551867514848709
0.10912863165140152
0.13651452958583832
0.16058091819286346
0.16473029553890228
0.19336099922657007
0.1800829917192459
0.16307054460048676
0.15809129178524017
0.10663900524377821
0.09045643359422685
0.06763485819101334
0.06804979592561722
0.06099585071206093
0.056431535631418235
0.056431535631418235
0.04979253187775612
0.0
0.030705394223332405
0.1485477238893509
0.5908713936805725
0.9975103735923768
0.6751037240028381
0.5419087409973145
0.2784232497215271
0.14315353333950043
0.10705394297838212
0.0568464733660221
0.05850622430443764
0.0410788394510746
0.04356846585869789
0.035684648901224136
0.033195022493600845
0.037759337574243546
0.02240663953125477
0.01493775937706232
