1.0
0.6538364887237549
0.28553459048271174
0.12050314247608183
0.12150943279266356
0.10842767357826232
0.08528301864862442
0.07522012293338774
0.0747169777750969
0.0732075497508049
0.07119496911764145
0.06943396478891373
0.07622641324996947
0.08025157451629639
0.08251572400331497
0.0794968530535698
0.07999999821186066
0.0835220143198967
0.08603773266077042
0.09182389825582504
0.09433962404727936
0.0963522046804428
0.10037735849618912
0.10616352409124374
0.11320754885673522
0.12050314247608183
0.125031441450119
0.1353459060192108
0.14465409517288208
0.15874214470386505
0.16503144800662994
0.1725786179304123
0.18012578785419464
0.17836478352546692
0.17006289958953855
0.16327044367790222
0.15295597910881042
0.14113207161426544
0.12452830374240877
0.11094339936971664
0.10415094345808028
0.10968553274869917
0.1066666692495346
0.10540880262851716
0.09761006385087968
0.10716981440782548
0.105911947786808
0.10867924243211746
0.10490565747022627
0.10364779829978941
0.10088050365447998
0.10138364881277084
0.10138364881277084
0.10238993912935256
0.10213836282491684
0.09937106817960739
0.09509433805942535
0.09962264448404312
0.09610062837600707
0.09031446278095245
0.08930817246437071
0.09383647888898848
0.09584905952215193
0.08981131762266159
0.08477987349033356
0.07999999821186066
0.08327043801546095
0.07295597344636917
0.07748427987098694
0.08100628852844238
0.105157233774662
0.105157233774662
0.10314465314149857
0.11371069401502608
0.13735848665237427
0.12402515858411788
0.1313207596540451
0.1335849016904831
0.12628930807113647
0.1089308187365532
0.08679245412349701
0.08477987349033356
0.07572326809167862
0.06666667014360428
0.05811320617794991
0.05509433895349503
0.05761006474494934
0.05559748411178589
0.053333334624767297
0.05006289482116699
0.0437735840678215
0.03748427703976631
0.0
0.0030188679229468107
0.16503144800662994
0.4173584878444672
0.6266666650772095
0.9859119653701782
0.7806289196014403
0.3861635327339172
0.13962264358997345
0.11270440369844437
0.10767295956611632
0.08125786483287811
0.06138364598155022
0.06138364598155022
0.06113207712769508
0.06062893196940422
0.059874214231967926
0.05911949649453163
0.0628930851817131
0.0644025132060051
0.06138364598155022
0.06817609816789627
0.06993710994720459
0.06767295300960541
0.0
0.0
0.0
0.0
0.0
0.0
0.0
0.0
0.0
0.0
0.0
0.0
0.0
0.0
0.0
0.0
