1.0
0.5352005958557129
0.18054504692554477
0.07721423357725142
0.04087812080979347
0.06434519588947296
0.08327025175094604
0.10711582005023956
0.09500378370285034
0.09954579919576644
0.0987887978553772
0.10219530761241911
0.11165783554315568
0.12452687323093414
0.11203633248806
0.12074185907840727
0.12869039177894592
0.12566237151622772
0.14231643080711365
0.14837244153022766
0.15404996275901794
0.16881150007247925
0.1756245195865631
0.1979561001062393
0.2093111276626587
0.2392127215862274
0.2611657977104187
0.28274035453796387
0.3046934008598328
0.3186979591846466
0.3217259645462036
0.32929599285125727
0.3315669894218445
0.3115064203739166
0.2804693281650543
0.24110522866249084
0.2059046179056168
0.1782740354537964
0.14383043348789215
0.1211203634738922
0.12149886786937712
0.11317183822393416
0.10938683152198792
0.09538228809833527
0.09538228809833527
0.08743376284837721
0.08743376284837721
0.09235427528619766
0.09841029345989229
0.09424678236246109
0.09197577834129331
0.10370931029319765
0.11430734395980834
0.11582134664058684
0.10862982273101807
0.11052232980728148
0.12036336213350296
0.125283882021904
0.11582134664058684
0.109008327126503
0.1180923506617546
0.11127933114767075
0.10711582005023956
0.11430734395980834
0.125283882021904
0.15518546104431152
0.17297501862049103
0.1756245195865631
0.21423164010047913
0.18243755400180817
0.15972748398780823
0.13398940861225128
0.134367898106575
0.109008327126503
0.07570022344589233
0.057153671979904175
0.049205146729946136
0.05677517130970954
0.05526116490364075
0.04617713764309883
0.04769114404916763
0.04806964471936226
0.04806964471936226
0.05488266423344612
0.05147615447640419
0.05223315581679344
0.2119606286287308
0.3554125726222992
0.6881150603294373
0.922785758972168
0.6373959183692932
0.2199091613292694
0.06964420527219772
0.0
0.021196063607931137
0.04769114404916763
0.060560181736946106
0.06888720393180847
0.07191521674394608
0.07872823625802994
0.07040121406316757
0.07456472516059875
0.08554125577211379
0.07797123491764067
0.0840272530913353
0.09500378370285034
0.09084027260541917
0.09992429614067075
0.11014383286237717
0.1241483688354492
0.13626040518283844
0.14685843884944916
0.1775170266628265
0.19454959034919736
0.21763814985752103
0.2384557127952576
0.2638152837753296
0.0
0.0
0.0
0.0
0.0
0.0
0.0
0.0
0.0
0.0
0.0
0.0
0.0
0.0
0.0
