0.9835073947906494
0.818031907081604
0.6717976927757263
0.40956568717956543
0.16217702627182007
0.08905992656946182
0.039582189172506325
0.026388125494122505
0.04507971554994583
0.1473336964845657
0.182517871260643
0.16987355053424835
0.1869158893823624
0.1929631680250168
0.20725673437118527
0.21385376155376437
0.21440352499485013
0.2193512916564941
0.2089059948921204
0.2281473278999329
0.24573941528797147
0.26113247871398926
0.25783398747444153
0.2765255570411682
0.3100604712963104
0.34909290075302124
0.3683342635631561
0.3991203904151917
0.4332050681114197
0.4705882370471954
0.5096206665039064
0.5277625322341919
0.5508521199226379
0.5585486292839049
0.5349093079566956
0.49972513318061834
0.45959317684173584
0.40956568717956543
0.37438154220581055
0.3556899428367615
0.31665751338005066
0.2919186353683472
0.2693787813186645
0.2583837211132049
0.23859263956546783
0.2270478308200836
0.22210004925727844
0.2199010401964188
0.21220450103282928
0.20285871624946597
0.20175920426845553
0.20175920426845553
0.204507976770401
0.2100054919719696
0.20120945572853088
0.19956019520759585
0.204507976770401
0.1880153864622116
0.1929631680250168
0.1880153864622116
0.19681143760681152
0.19461242854595184
0.19681143760681152
0.1990104466676712
0.18746563792228696
0.1830676198005676
0.1880153864622116
0.1869158893823624
0.19186365604400635
0.17207257449626923
0.18856514990329745
0.17757008969783783
0.17811985313892365
0.1792193502187729
0.19021441042423248
0.194062665104866
0.22869709134101868
0.25728422403335566
0.28312259912490845
0.30566245317459106
0.27817481756210327
0.25233644247055054
0.2809235751628876
0.21275426447391513
0.20120945572853088
0.17592082917690277
0.17482133209705353
0.15667949616909027
0.16162726283073425
0.15283122658729553
0.116547554731369
0.11544805020093916
0.13578888773918152
0.15557998418807983
0.1379879117012024
0.1572292447090149
0.17866960167884827
0.15557998418807983
0.17042331397533417
0.1627267748117447
0.1770203411579132
0.18086861073970795
0.16437603533267975
0.16932380199432373
0.17207257449626923
0.182517871260643
0.18581637740135193
0.1715228110551834
0.06652006506919861
0.0
0.13413964211940765
0.6179219484329224
1.0
0.7976910471916199
0.6646509170532227
0.42440900206565857
0.160527765750885
0.09840571880340576
0.04837822914123535
0.040131941437721246
0.04947773367166519
0.1462341994047165
0.17482133209705353
0.17317207157611847
0.18746563792228696
0.1990104466676712
0.1979109346866608
0.2023089677095413
0.1951621770858765
0.21110500395298004
0.21825177967548368
0.22484882175922397
