1.0
0.49160566926002497
0.13517004251480103
0.1442100703716278
0.2031855285167694
0.31683167815208435
0.4231597185134888
0.44080930948257446
0.4464055001735687
0.4743865728378296
0.4855789840221405
0.457597941160202
0.46061128377914423
0.4812742173671722
0.49677142500877375
0.48170468211174006
0.47524753212928766
0.47869133949279785
0.4705122709274292
0.45931985974311834
0.4627636671066284
0.46104174852371216
0.44425311684608454
0.4266035258769989
0.44554454088211054
0.4136891961097717
0.4231597185134888
0.4270340204238892
0.39560914039611816
0.4119672775268554
0.38226431608200073
0.3999139070510864
0.4132587313652039
0.44210073351860046
0.45975032448768616
0.4515712559223175
0.45931985974311834
0.44339215755462646
0.44554454088211054
0.46706843376159674
0.4541541039943695
0.4498493373394013
0.44296169281005854
0.4515712559223175
0.4476969540119171
0.4520017206668854
0.4205768406391144
0.4567369818687439
0.45845890045166016
0.45975032448768616
0.47352561354637146
0.449418842792511
0.4502798020839691
0.4266035258769989
0.43392166495323187
0.4205768406391144
0.4192854166030884
0.4283254444599152
0.4313387870788574
0.44210073351860046
0.41455015540122986
0.449418842792511
0.449418842792511
0.43392166495323187
0.4128282368183136
0.42359018325805664
0.46061128377914423
0.457597941160202
0.4821351766586304
0.4748170375823975
0.5083943009376526
0.5277658104896545
0.5032286047935486
0.5019371509552002
0.48514851927757263
0.4821351766586304
0.4692208468914032
0.45458459854125977
0.3986224830150604
0.3590185046195984
0.36978045105934143
0.3512699007987976
0.35858803987503046
0.35471373796463007
0.33921653032302856
0.3740852475166321
0.2694791257381439
0.35987946391105646
0.6930692791938782
0.8368489146232606
0.2987516224384308
0.0
0.0025828669313341375
0.06801550090312958
0.1795092523097992
0.27679723501205444
0.2759362757205963
0.29057252407073975
0.28928110003471375
0.3013344705104828
0.29918208718299866
0.29100301861763
0.2862677574157715
0.2798105776309967
0.3077916502952576
0.28282392024993896
0.0
0.0
0.0
0.0
0.0
0.0
0.0
0.0
0.0
0.0
0.0
0.0
0.0
0.0
0.0
0.0
0.0
0.0
0.0
0.0
0.0
0.0
0.0
0.0
0.0
0.0
