1.0
0.7797797918319702
0.4569569528102874
0.1721721738576889
0.08308308571577072
0.0655655637383461
0.045545544475317
0.03203203156590462
0.0
0.017517518252134323
0.030530530959367752
0.03753753751516342
0.025525525212287903
0.05605605617165565
0.03803803771734238
0.05555555596947669
0.07657657563686371
0.02952952869236469
0.06156156212091446
0.0990990996360779
0.10610610246658324
0.06756756454706192
0.057057056576013565
0.11011011153459548
0.10560560226440428
0.1266266256570816
0.18368367850780487
0.14064064621925354
0.18118117749691007
0.2022022008895874
0.1941941976547241
0.21221220493316648
0.2392392456531525
0.2702702581882477
0.23173172771930692
0.2577577531337738
0.25275275111198425
0.2087087035179138
0.19719719886779785
0.17167167365550995
0.14114114642143247
0.07057057321071625
0.0865865871310234
0.115615613758564
0.10160160064697264
0.09209208935499193
0.10760761052370071
0.08358358591794966
0.08008007705211638
0.0865865871310234
0.06856856495141983
0.10510510206222534
0.09309308975934982
0.07757757604122163
0.0965965986251831
0.10160160064697264
0.07357357442378998
0.08308308571577072
0.05555555596947669
0.08708708733320236
0.11361361294984816
0.09259258955717087
0.08458458632230759
0.06706706434488297
0.08858858793973921
0.13913914561271667
0.07457457482814787
0.03203203156590462
0.08408408612012862
0.0955955982208252
0.07257257401943207
0.06956957280635834
0.050050050020217896
0.09009008854627608
0.12012012302875517
0.09359358996152876
0.11511511355638504
0.1501501500606537
0.182182177901268
0.13163162767887115
0.19469469785690308
0.1851851791143417
0.2157157212495804
0.1911911964416504
0.16966967284679413
0.14614614844322205
0.037037037312984473
0.07807807624340057
0.09959959983825684
0.03203203156590462
0.05205205082893372
0.029029028490185738
0.041041042655706406
0.06056056171655655
0.09859859943389891
0.06606606394052505
0.009509509429335594
0.038538537919521325
0.15815815329551697
0.45295295119285583
0.9949949979782104
0.9984984993934632
0.5855855941772461
0.2747747600078583
0.15365365147590637
0.10860861092805862
0.08058057725429536
0.0
0.0
0.0
0.0
0.0
0.0
0.0
0.0
0.0
0.0
0.0
0.0
0.0
0.0
0.0
0.0
0.0
0.0
0.0
0.0
0.0
0.0
0.0
0.0
0.0
