0.9564698934555053
0.7960643768310547
0.3452593982219696
0.1902206391096115
0.09123434871435165
0.07036374509334564
0.07513416558504105
0.08467501401901245
0.07573047280311584
0.09540846943855283
0.10077519714832305
0.10793083161115646
0.11389385908842085
0.12164579331874847
0.11806797981262208
0.12701252102851868
0.13118664920330048
0.12045319378376008
0.15861657261848447
0.12343470752239229
0.13178294897079468
0.13655336201190948
0.15563505887985227
0.1592128872871399
0.1478831171989441
0.1496720314025879
0.16398330032825467
0.1520572453737259
0.1514609456062317
0.1460942178964615
0.1490757316350937
0.1419200897216797
0.1669648140668869
0.1723315417766571
0.1741204559803009
0.1520572453737259
0.16398330032825467
0.1735241562128067
0.16219440102577207
0.1460942178964615
0.14072749018669128
0.16517591476440427
0.1574239730834961
0.16040548682212827
0.1526535451412201
0.1466905176639557
0.1419200897216797
0.11568276584148406
0.13536076247692108
0.13178294897079468
0.12820513546466827
0.12999403476715088
0.1508646458387375
0.1514609456062317
0.12164579331874847
0.08706022799015045
0.10077519714832305
0.09898628294467926
0.10375671088695526
0.10196779668331146
0.07692307978868483
0.07930828630924223
0.06857483834028244
0.05485986918210983
0.07990459352731703
0.07453786581754684
0.08109720051288605
0.11150864511728285
0.12820513546466827
0.11866427958011629
0.10793083161115646
0.1490757316350937
0.1544424593448639
0.1699463278055191
0.1484794318675995
0.1466905176639557
0.10256410390138626
0.06022659689188004
0.05903398990631104
0.06261180341243744
0.03816338628530502
0.04472272098064423
0.0
0.043530113995075226
0.04591532424092293
0.06559332460165024
0.046511627733707435
0.031007751822471615
0.301729291677475
0.6505664587020874
1.0
0.584376871585846
0.33631485700607294
0.14311270415782928
0.06559332460165024
0.07573047280311584
0.08825283497571945
0.08706022799015045
0.09421586245298384
0.09123434871435165
0.09004174172878265
0.11508646607398985
0.10256410390138626
0.11508646607398985
0.05128205195069313
0.11150864511728285
0.11627907305955885
0.0
0.0
0.0
0.0
0.0
0.0
0.0
0.0
0.0
0.0
0.0
0.0
0.0
0.0
0.0
0.0
0.0
0.0
0.0
0.0
0.0
0.0
0.0
0.0
0.0
