0.9868473410606384
0.3220406472682953
0.0
0.1980868875980377
0.44081306457519526
0.4866480529308319
0.49980071187019354
0.504583477973938
0.5161418914794922
0.5161418914794922
0.505779206752777
0.5213232636451721
0.510163426399231
0.510562002658844
0.5221203565597534
0.504982054233551
0.520127534866333
0.5344758629798889
0.5129533410072327
0.5288959741592407
0.5085691213607788
0.5149462223052979
0.5376644134521484
0.5229175090789795
0.5384615659713745
0.5213232636451721
0.5253089070320128
0.5229175090789795
0.49661219120025635
0.4734954237937927
0.4451972842216492
0.43045037984848017
0.4057393372058869
0.3846153914928436
0.3746512532234192
0.34954166412353516
0.3718613088130951
0.37624552845954895
0.38182541728019714
0.40813073515892023
0.4228776395320892
0.4519729018211365
0.46990832686424255
0.47708249092102045
0.4886409044265747
0.4866480529308319
0.5037863850593567
0.5165404677391052
0.4906337261199951
0.5245117545127869
0.5021920800209044
0.5165404677391052
0.5145476460456848
0.5013949871063232
0.5041849613189697
0.48824232816696167
0.5017935633659363
0.4994021654129028
0.5033878087997437
0.5153447389602661
0.4962136447429657
0.5013949871063232
0.510562002658844
0.4914308488368988
0.5480270981788635
0.5292945504188538
0.5667596459388733
0.5703467726707457
0.535671591758728
0.510562002658844
0.4742925465106964
0.49302512407302856
0.5117576718330383
0.5017935633659363
0.5121562480926514
0.4730968475341797
0.4894380271434784
0.49661219120025635
0.4806695878505706
0.4926265478134155
0.48306098580360407
0.5037863850593567
0.550418496131897
0.66600239276886
0.7038660645484924
0.9302511215209962
1.0
0.1829414069652557
0.013949780724942684
0.25468313694000244
0.47469112277030945
0.5169390439987184
0.5129533410072327
0.5097648501396179
0.5097648501396179
0.4994021654129028
0.5181347131729126
0.5300916433334352
0.5149462223052979
0.5277003049850464
0.5221203565597534
0.5376644134521484
0.5424472093582153
0.5221203565597534
0.5328816175460817
0.5089676976203918
0.5292945504188538
0.5328816175460817
0.5237146019935608
0.5328816175460817
0.5141490697860718
0.5308887958526611
0.0
0.0
0.0
0.0
0.0
0.0
0.0
0.0
0.0
0.0
0.0
0.0
0.0
0.0
0.0
0.0
0.0
0.0
0.0
0.0
