0.9803149700164795
0.7775590419769286
0.16469816863536835
0.0
0.10498687624931335
0.4146981537342072
0.48687663674354553
0.5688976645469666
0.6069554090499878
0.633202075958252
0.6463254690170288
0.6771653294563292
0.6797900199890137
0.680446207523346
0.6929134130477905
0.7007874250411987
0.7171915769577025
0.727690279483795
0.7335957884788513
0.7572178244590758
0.7854330539703369
0.7979002594947816
0.8077427744865417
0.8451443314552307
0.8707349300384521
0.8891075849533081
0.9311023354530334
0.9704724550247192
0.9986876845359801
0.9993438124656675
0.9875327944755553
1.0
0.9514435529708862
0.8910760879516602
0.8444882035255432
0.7828084230422973
0.7362204790115356
0.6738845109939575
0.6430445909500122
0.6430445909500122
0.6200787425041199
0.5918635129928589
0.5728346705436707
0.5780839920043945
0.5734907984733582
0.5898950099945068
0.5898950099945068
0.56561678647995
0.5636482834815979
0.5597112774848938
0.5380577445030212
0.5347769260406494
0.5761154890060425
0.584645688533783
0.5708661675453186
0.5826771855354309
0.614829421043396
0.6043307185173035
0.5885826945304872
0.56561678647995
0.0
0.0
0.0
0.0
0.0
0.0
0.0
0.0
0.0
0.0
0.0
0.0
0.0
0.0
0.0
0.0
0.0
0.0
0.0
0.0
0.0
0.0
0.0
0.0
0.0
0.0
0.0
0.0
0.0
0.0
0.0
0.0
0.0
0.0
0.0
0.0
0.0
0.0
0.0
0.0
0.0
0.0
0.0
0.0
0.0
0.0
0.0
0.0
0.0
0.0
0.0
0.0
0.0
0.0
0.0
0.0
0.0
0.0
0.0
0.0
0.0
0.0
0.0
0.0
0.0
0.0
0.0
0.0
0.0
0.0
0.0
0.0
