0.936544358730316
0.9977064132690429
0.8990825414657592
0.8356269001960753
0.7530580759048462
0.6689602732658385
0.6009174585342407
0.5481651425361633
0.45948013663291926
0.4495412707328796
0.4235473871231079
0.41284403204917913
0.411314994096756
0.39678898453712463
0.37385320663452154
0.3654434382915497
0.34097859263420105
0.321865439414978
0.2874617874622345
0.26299694180488586
0.2652905285358429
0.29357796907424927
0.3065749108791352
0.40902140736579895
0.5022935867309569
0.5588685274124146
0.5795106887817383
0.5856269001960753
0.5948012471199036
0.5818042755126953
0.5496941804885864
0.529816508293152
0.5206422209739685
0.5053516626358032
0.5030580759048462
0.4877675771713257
0.480886846780777
0.461773693561554
0.4067278206348419
0.38685014843940735
0.3837920427322388
0.5114678740501404
0.5328746438026428
0.31880733370780945
0.0
0.1429663598537445
0.4426605403423309
0.9648318290710448
1.0
0.896789014339447
0.8211008906364442
0.7194189429283142
0.6590213775634766
0.5779816508293152
0.5305810570716858
0.45948013663291926
0.0
0.0
0.0
0.0
0.0
0.0
0.0
0.0
0.0
0.0
0.0
0.0
0.0
0.0
0.0
0.0
0.0
0.0
0.0
0.0
0.0
0.0
0.0
0.0
0.0
0.0
0.0
0.0
0.0
0.0
0.0
0.0
0.0
0.0
0.0
0.0
0.0
0.0
0.0
0.0
0.0
0.0
0.0
0.0
0.0
0.0
0.0
0.0
0.0
0.0
0.0
0.0
0.0
0.0
0.0
0.0
0.0
0.0
0.0
0.0
0.0
0.0
0.0
0.0
0.0
0.0
0.0
0.0
0.0
0.0
0.0
0.0
0.0
0.0
0.0
0.0
