0.9965253472328186
1.0
0.9666435122489928
0.9652536511421204
0.9200834035873411
0.8644892573356627
0.8026407361030578
0.7414871454238892
0.7192494869232178
0.6817234158515929
0.6601806879043579
0.6664350032806396
0.6441973447799683
0.6143155097961426
0.6004169583320618
0.6052814722061157
0.6101459264755249
0.5927727818489075
0.5976372361183168
0.6025017499923706
0.6052814722061157
0.6094509959220886
0.6018068194389343
0.6094509959220886
0.5753995776176453
0.5726198554039001
0.5823488831520081
0.5802640914916992
0.5733147859573364
0.5684503316879272
0.5608060956001282
0.5635858178138733
0.5420430898666382
0.5615010261535645
0.6115357875823976
0.6594857573509216
0.6601806879043579
0.6817234158515929
0.6671299338340759
0.6956219673156737
0.6560111045837401
0.6490618586540222
0.6726893782615662
0.6136205792427063
0.5858234763145447
0.5191105008125305
0.5496872663497925
0.5093815326690674
0.5239749550819397
0.4989576041698456
0.4871438443660736
0.5086866021156311
0.47949963808059687
0.512856125831604
0.7025712132453918
0.6184850335121155
0.6018068194389343
0.7831827402114867
0.37178596854209894
0.0
0.05489923432469368
0.16400277614593503
0.23627519607543945
0.4662960469722748
0.5482974052429199
0.5698401927947998
0.5948575139045715
0.5649756789207457
0.5781792998313904
0.5601111650466919
0.5941625833511353
0.5816539525985718
0.5830437541007996
0.5969423055648804
0.6219596862792969
0.6087560653686523
0.6407227516174316
0.6615705490112305
0.6664350032806396
0.6970118284225464
0.7178596258163452
0.7706740498542786
0.7956914305686951
0.8658790588378905
0.8874218463897705
0.9186935424804688
0.9430159926414488
0.9499652385711669
0.9200834035873411
0.9096595048904419
0.8700486421585083
0.8380820155143738
0.7741487026214598
0.7373175621032714
0.7039610743522644
0.6712995171546936
0.6587908267974854
0.6184850335121155
0.6212647557258606
0.6157053709030151
0.6045865416526793
0.6143155097961426
0.0
0.0
0.0
0.0
0.0
0.0
0.0
0.0
0.0
0.0
0.0
0.0
0.0
0.0
0.0
0.0
0.0
0.0
0.0
0.0
0.0
0.0
0.0
0.0
0.0
0.0
0.0
0.0
0.0
0.0
