0.9552699327468872
0.5650385618209839
0.28740361332893366
0.0
0.04627249389886856
0.13110539317131042
0.1886889487504959
0.3033418953418732
0.35064268112182617
0.3691516816616058
0.387146532535553
0.41233932971954346
0.40051412582397455
0.39897173643112177
0.40462726354599
0.43804627656936646
0.44215938448905934
0.45192801952362066
0.45706939697265625
0.459125965833664
0.48843187093734736
0.4899742901325226
0.5074549913406372
0.49614396691322327
0.5151671171188353
0.49305912852287287
0.4760925471782684
0.4652956426143646
0.4359897077083588
0.4015424251556397
0.38097685575485224
0.3444730043411255
0.31722363829612726
0.2714653015136719
0.2591259777545929
0.37120822072029114
0.4431876540184021
0.45655527710914606
0.4694087505340576
0.4560411274433136
0.4488431811332703
0.4478149116039276
0.4575835466384888
0.4560411274433136
0.4699228703975677
0.4704370200634002
0.4812339246273041
0.45964011549949646
0.4786632359027863
0.47660669684410095
0.4740359783172608
0.4940873980522156
0.5151671171188353
0.5604113340377808
0.6642673611640929
0.9408740401268003
1.0
0.5552698969841003
0.27557840943336487
0.1876606643199921
0.2740359902381897
0.28329047560691833
0.36606684327125544
0.4483290612697601
0.4544987082481384
0.4462724924087525
0.4473007619380951
0.45964011549949646
0.4406169652938842
0.45861181616783137
0.46889460086822504
0.4575835466384888
0.43239074945449835
0.43701800704002386
0.45964011549949646
0.0
0.0
0.0
0.0
0.0
0.0
0.0
0.0
0.0
0.0
0.0
0.0
0.0
0.0
0.0
0.0
0.0
0.0
0.0
0.0
0.0
0.0
0.0
0.0
0.0
0.0
0.0
0.0
0.0
0.0
0.0
0.0
0.0
0.0
0.0
0.0
0.0
0.0
0.0
0.0
0.0
0.0
0.0
0.0
0.0
0.0
0.0
0.0
0.0
0.0
0.0
0.0
0.0
0.0
0.0
0.0
0.0
