0.9974358677864074
0.6641025543212891
0.39846155047416687
0.31179487705230713
0.1892307698726654
0.09025640785694121
0.09025640785694121
0.06615384668111801
0.06512820720672607
0.06615384668111801
0.04102564230561256
0.05384615436196327
0.03999999910593033
0.03948717936873436
0.06871794909238815
0.059999998658895486
0.07230769097805022
0.05897435918450356
0.08512820303440094
0.1148717924952507
0.09333333373069763
0.12512820959091187
0.1271794885396957
0.1569230705499649
0.18256410956382751
0.17282050848007202
0.2148717939853668
0.2343589812517166
0.2835897505283356
0.31948718428611755
0.32461538910865784
0.36717948317527765
0.372307687997818
0.40102565288543696
0.4333333373069763
0.39589744806289673
0.4097435772418976
0.36820513010025024
0.3394871652126312
0.2979487180709839
0.22358974814414975
0.20205128192901609
0.16307692229747772
0.1471794843673706
0.14051282405853271
0.09846153855323792
0.1066666692495346
0.09282051026821136
0.11076922714710236
0.10923077166080473
0.08512820303440094
0.11384615302085876
0.10923077166080473
0.11384615302085876
0.11333333700895308
0.08666666597127913
0.11948718130588531
0.11076922714710236
0.11897435784339903
0.1230769231915474
0.09128205478191376
0.12102564424276352
0.09897436201572418
0.10153846442699432
0.09846153855323792
0.05948717892169952
0.10410256683826447
0.08051282167434691
0.09076923131942749
0.07948718219995497
0.0517948716878891
0.07743589580059052
0.06410256773233414
0.07384615391492844
0.07076922804117203
0.047179486602544785
0.06820512562990189
0.053333334624767297
0.06769230961799622
0.06461538374423981
0.03692307695746422
0.06717948615550995
0.03999999910593033
0.0615384615957737
0.05538461357355118
0.025128204375505447
0.06410256773233414
0.0405128188431263
0.055897437036037445
0.04923076927661896
0.03076923079788685
0.05641025677323341
0.03589743748307228
0.0615384615957737
0.04820512980222703
0.03076923079788685
0.053333334624767297
0.04564102739095688
0.05538461357355118
0.05384615436196327
0.035384614020586014
0.07487179338932037
0.10000000149011612
0.1307692378759384
0.13538461923599243
0.11743589490652084
0.15179486572742462
0.15948717296123505
0.15179486572742462
0.13230769336223602
0.1082051247358322
0.1466666609048843
0.06205128133296967
0.0405128188431263
0.021025640890002247
0.0
0.031282052397727966
0.02717948704957962
0.023589743301272392
0.01897435821592808
0.0051282052882015705
0.04564102739095688
0.13846154510974884
0.33435896039009094
0.7528204917907715
1.0
0.7384615540504454
0.4676923155784607
0.3507692217826843
0.1979487240314484
0.127692312002182
0.13435897231101987
