0.9567307829856871
1.0
0.963942289352417
0.6394230723381041
0.3277243673801422
0.2403846085071564
0.18108974397182465
0.2003205120563507
0.18108974397182465
0.1610576957464218
0.11778846383094788
0.08894230425357817
0.10576923191547392
0.09455128014087677
0.08573717623949051
0.09855769574642179
0.08653846383094788
0.08173076808452606
0.0881410241127014
0.07932692021131516
0.0881410241127014
0.07852564007043839
0.07532051205635072
0.07211538404226302
0.07291666418313981
0.05929487198591232
0.06089743599295616
0.07131410390138626
0.05528846010565758
0.012019230984151363
0.022435897961258888
0.019230769947171208
0.0
0.0032051282469183207
0.008814102970063686
0.023237179964780807
0.005608974490314721
0.027243589982390404
0.08173076808452606
0.05929487198591232
0.10496795177459715
0.0961538478732109
0.1169871762394905
0.1193910241127014
0.1298076957464218
0.13621795177459717
0.1370192319154739
0.12660256028175354
0.13060897588729858
0.10016025602817535
0.11378204822540285
0.09695512801408768
0.12259615212678908
0.11217948794364928
0.1274038404226303
0.09695512801408768
0.13381409645080566
0.12580128014087677
0.1378205120563507
0.13942307233810425
0.1666666716337204
0.2163461595773697
0.18108974397182465
0.15625
0.21394230425357816
0.2532051205635071
0.22275641560554504
0.19551281630992887
0.18028846383094788
0.16346153616905212
0.09375
0.1041666641831398
0.10576923191547392
0.07451923191547394
0.10176282376050948
0.08894230425357817
0.07051282376050949
0.06570512801408768
0.07131410390138626
0.17067307233810425
0.27964743971824646
0.598557710647583
0.6706730723381041
0.7075320482254028
0.8525640964508056
0.84375
0.912660241127014
0.7524038553237915
0.48397436738014227
0.23076923191547397
0.1987179517745972
0.1682692319154739
0.12179487198591232
0.16586539149284363
0.11217948794364928
0.07451923191547394
0.07371795177459715
0.08173076808452606
0.10016025602817535
0.07291666418313981
0.07692307978868483
0.0
0.0
0.0
0.0
0.0
0.0
0.0
0.0
0.0
0.0
0.0
0.0
0.0
0.0
0.0
0.0
0.0
0.0
0.0
0.0
0.0
0.0
0.0
0.0
0.0
0.0
0.0
0.0
0.0
0.0
0.0
