0.9772984981536864
0.6787741184234619
0.42054483294487
0.38649260997772217
0.32973894476890564
0.2962542474269867
0.323496013879776
0.3189557194709778
0.3189557194709778
0.3388195335865021
0.3166855871677398
0.3212258815765381
0.3280363082885742
0.37400680780410767
0.3501702547073364
0.3138478994369507
0.3921679854393005
0.38706016540527344
0.3649262189865112
0.38706016540527344
0.34733256697654724
0.3978433609008789
0.402951180934906
0.3830873966217041
0.38422247767448425
0.4216799139976501
0.4035187363624573
0.38706016540527344
0.37173667550086975
0.3507378101348877
0.35925084352493286
0.38933029770851135
0.3405221402645111
0.3036322295665741
0.3382519781589508
0.3365493714809418
0.29511919617652893
0.30533483624458313
0.36265608668327326
0.3354142904281616
0.31498298048973083
0.38989785313606257
0.3104426860809326
0.29228150844573975
0.3229284882545471
0.3246310949325561
0.32236096262931824
0.30476731061935425
0.323496013879776
0.316118061542511
0.3013620972633362
0.29455164074897766
0.30930760502815247
0.29284903407096863
0.31498298048973083
0.3081725239753723
0.3087400794029236
0.2712826430797577
0.3314415514469147
0.28774121403694153
0.28717365860939026
0.26560726761817927
0.33711692690849304
0.34676504135131836
0.3768444955348969
0.4165720641613007
0.45629966259002686
0.43132802844047546
0.47729852795600886
0.4409761726856232
0.4120317697525024
0.3938705921173096
0.3393870592117309
0.29284903407096863
0.26730987429618835
0.27014756202697754
0.25482407212257385
0.2440408617258072
0.23950056731700897
0.15720771253108978
0.0
0.0845629945397377
0.6066969633102417
0.9858115911483764
1.0
0.6276957988739014
0.43643587827682495
0.33711692690849304
0.31555050611495966
0.3115777671337128
0.3354142904281616
0.29738932847976685
0.31498298048973083
0.3013620972633362
0.36322361230850214
0.3768444955348969
0.29284903407096863
0.3246310949325561
0.32973894476890564
0.0
0.0
0.0
0.0
0.0
0.0
0.0
0.0
0.0
0.0
0.0
0.0
0.0
0.0
0.0
0.0
0.0
0.0
0.0
0.0
0.0
0.0
0.0
0.0
0.0
0.0
0.0
0.0
0.0
0.0
0.0
0.0
0.0
