0.932456135749817
0.9631578922271729
0.9043859839439392
0.7710526585578918
0.601754367351532
0.6184210777282715
0.5263158082962036
0.5219298005104065
0.5245614051818848
0.47280701994895935
0.5228070020675659
0.4736842215061188
0.47982457280159
0.5087719559669496
0.6087719202041626
0.8999999761581421
1.0
0.7087719440460205
0.1508771926164627
0.0
0.20350876450538635
0.3438596427440644
0.4938596487045288
0.569298267364502
0.5482456088066101
0.6035087704658508
0.5622807145118712
0.6052631735801697
0.640350878238678
0.6201754212379456
0.680701732635498
0.6640350818634033
0.6982455849647522
0.7017543911933899
0.6491228342056273
0.7078947424888611
0.6736842393875122
0.6956140398979187
0.7035087943077089
0.6429824829101562
0.6991227865219116
0.6421052813529968
0.6421052813529968
0.6552631855010985
0.5868421196937561
0.6271929740905762
0.5675438642501831
0.5675438642501831
0.5684210658073425
0.5061403512954712
0.5403508543968201
0.49122807383537287
0.5096490979194641
0.5289473533630371
0.4833333194255829
0.5464912056922913
0.49736842513084406
0.5149123072624208
0.5289473533630371
0.4894736707210541
0.5438596606254578
0.4938596487045288
0.5201754570007324
0.5096490979194641
0.4473684132099152
0.47280701994895935
0.4078947305679321
0.4026315808296204
0.4245614111423493
0.36052632331848145
0.41491228342056274
0.36842104792594904
0.4017543792724609
0.4315789341926575
0.3877193033695221
0.4394736886024475
0.4324561357498169
0.48245614767074574
0.5877193212509155
0.5614035129547119
0.6456140279769897
0.7219298481941222
0.8447368144989013
0.7912280559539795
0.5745614171028137
0.49122807383537287
0.3877193033695221
0.3614034950733185
0.3631578981876373
0.3210526406764984
0.3859649002552032
0.33859649300575256
0.3780701756477356
0.39912280440330505
0.3263157904148102
0.48070174455642706
0.0
0.0
0.0
0.0
0.0
0.0
0.0
0.0
0.0
0.0
0.0
0.0
0.0
0.0
0.0
0.0
0.0
0.0
0.0
0.0
0.0
0.0
0.0
0.0
0.0
0.0
0.0
0.0
0.0
0.0
0.0
0.0
0.0
0.0
0.0
0.0
