0.9344933629035949
0.9508700370788574
0.5849539637565613
0.4191402196884155
0.28966224193573
0.31320369243621826
0.3162743151187897
0.33520981669425964
0.27226203680038447
0.30757421255111694
0.33162742853164673
0.3193449378013611
0.3259979486465454
0.36591607332229614
0.3526100218296051
0.3531217873096466
0.3500511646270752
0.3490276336669922
0.3485158681869507
0.37461617588996887
0.355168879032135
0.3531217873096466
0.3817809522151947
0.37410441040992737
0.3715455532073975
0.3915046155452728
0.3833162784576416
0.3761514723300934
0.373080849647522
0.3643807470798493
0.3480041027069092
0.34339815378189087
0.3567042052745819
0.33572158217430115
0.32650971412658686
0.31115660071372986
0.3234390914440155
0.3300921320915222
0.3280450403690338
0.30910950899124146
0.3336745202541352
0.28249743580818176
0.30757421255111694
0.35107472538948054
0.2988741099834442
0.33520981669425964
0.3162743151187897
0.354145348072052
0.33623337745666504
0.2937563955783844
0.3485158681869507
0.31166836619377136
0.31269192695617676
0.30962130427360535
0.27328556776046753
0.31269192695617676
0.3270214796066284
0.36335721611976624
0.323950856924057
0.2998976409435272
0.31576254963874817
0.34032753109931946
0.3485158681869507
0.3930399119853973
0.39508700370788574
0.37001022696495056
0.4421699047088623
0.4641760587692261
0.4518935382366181
0.45342886447906494
0.3971340954303741
0.4145343005657196
0.3935516774654389
0.33674514293670654
0.33725690841674805
0.2947799265384674
0.28352099657058716
0.27737972140312195
0.2947799265384674
0.18781985342502597
0.0
0.116683728992939
0.6054247617721558
0.9723643660545347
1.0
0.6494370698928833
0.4375639855861664
0.4104401171207428
0.4099283516407013
0.2922210991382599
0.3444216847419739
0.3270214796066284
0.33828043937683105
0.3444216847419739
0.33725690841674805
0.3817809522151947
0.3531217873096466
0.3771750330924988
0.3787103295326233
0.4109518826007843
0.0
0.0
0.0
0.0
0.0
0.0
0.0
0.0
0.0
0.0
0.0
0.0
0.0
0.0
0.0
0.0
0.0
0.0
0.0
0.0
0.0
0.0
0.0
0.0
0.0
0.0
0.0
0.0
0.0
0.0
0.0
0.0
