0.9277031421661378
0.4555342197418213
0.2680742144584656
0.29558542370796204
0.28406909108161926
0.1797824651002884
0.17210492491722107
0.129878431558609
0.14971208572387695
0.14395393431186676
0.15738964080810547
0.17530390620231628
0.15738964080810547
0.18937939405441284
0.17914266884326935
0.18554063141345975
0.191938579082489
0.1989763230085373
0.21305182576179504
0.19577735662460327
0.20793345570564273
0.21753038465976715
0.20473448932170868
0.22904670238494876
0.21177223324775693
0.21049264073371887
0.1944977641105652
0.1772232949733734
0.1593090146780014
0.12923865020275116
0.14075495302677155
0.12923865020275116
0.106206014752388
0.11644273996353148
0.12284068763256072
0.12859885394573212
0.17018553614616394
0.16442738473415375
0.18490083515644076
0.19321817159652707
0.20409469306468964
0.2354446649551392
0.2271273136138916
0.2386436313390732
0.23416507244110107
0.2450415939092636
0.25335893034935
0.23736403882503507
0.23736403882503507
0.2405630201101303
0.23736403882503507
0.22520793974399567
0.23096609115600583
0.2418426126241684
0.2303262948989868
0.24248240888118744
0.2565579116344452
0.25143954157829285
0.2578375041484833
0.27511197328567505
0.2450415939092636
0.25591811537742615
0.2655150294303894
0.29302623867988586
0.28406909108161926
0.28854766488075256
0.33717209100723267
0.3467690348625183
0.3761996030807495
0.3723608553409576
0.445937305688858
0.4165067076683045
0.40243121981620794
0.4293026328086853
0.35188740491867065
0.3320537507534027
0.29878437519073486
0.2648752331733704
0.2687140107154846
0.2770313620567322
0.2725527882575989
0.2725527882575989
0.25911709666252136
0.14075495302677155
0.0
0.4075495898723602
1.0
0.8669225573539734
0.5143954157829285
0.4376199543476105
0.4696097373962402
0.41970568895339966
0.3512476086616516
0.30326294898986816
0.3064619302749634
0.3141394853591919
0.3141394853591919
0.3064619302749634
0.3403710722923279
0.3403710722923279
0.321177214384079
0.32821497321128845
0.341650664806366
0.3595649302005768
0.35316699743270874
0.0
0.0
0.0
0.0
0.0
0.0
0.0
0.0
0.0
0.0
0.0
0.0
0.0
0.0
0.0
0.0
0.0
0.0
0.0
0.0
0.0
0.0
0.0
0.0
0.0
0.0
0.0
