1.0
0.8620163202285767
0.5850305557250977
0.22097758948802948
0.1726069301366806
0.1792260706424713
0.10285132378339767
0.042260691523551934
0.03462321683764458
0.028004072606563568
0.05142566189169884
0.03869653865695
0.035132382065057755
0.04684317857027054
0.07179225981235504
0.0361507125198841
0.04684317857027054
0.05753564089536666
0.07484725117683409
0.06975559890270233
0.05244399234652519
0.06109979748725891
0.022912424057722088
0.03665987774729729
0.02342158928513527
0.04022403433918953
0.03920570388436317
0.06008146703243256
0.05091649666428565
0.06670060753822327
0.08452138304710387
0.10285132378339767
0.10336048901081084
0.090631365776062
0.10386965423822402
0.09164969623088835
0.11761710792779922
0.10336048901081084
0.11099795997142792
0.12881873548030853
0.12678207457065582
0.11150712519884108
0.1451120227575302
0.12678207457065582
0.1410387009382248
0.1252545863389969
0.12118126451969145
0.1430753618478775
0.16751527786254883
0.18329939246177676
0.23421588540077207
0.24439918994903564
0.22199591994285583
0.1985743343830109
0.17158859968185425
0.1746435910463333
0.17617107927799225
0.159368634223938
0.1634419560432434
0.11710794270038603
0.07688391208648682
0.056517310440540314
0.08044806867837907
0.08503054827451707
0.0794297382235527
0.0590631365776062
0.0
0.03360488638281822
0.032586559653282166
0.07993890345096588
0.4027494788169861
0.9404277205467224
0.90631365776062
0.5855396986007689
0.228105902671814
0.1838085502386093
0.1817718893289566
0.1252545863389969
0.05142566189169884
0.07179225981235504
0.07790224254131317
0.08248472213745117
0.07535641640424728
0.08452138304710387
0.09419552236795424
0.0
0.0
0.0
0.0
0.0
0.0
0.0
0.0
0.0
0.0
0.0
0.0
0.0
0.0
0.0
0.0
0.0
0.0
0.0
0.0
0.0
0.0
0.0
0.0
0.0
0.0
0.0
0.0
0.0
0.0
0.0
0.0
0.0
0.0
0.0
0.0
0.0
0.0
0.0
0.0
0.0
0.0
0.0
0.0
0.0
0.0
0.0
