0.9534693956375122
1.0
0.9248979687690736
0.7828571200370787
0.6661224365234375
0.527346909046173
0.43183672428131104
0.3991836607456207
0.3110204041004181
0.2955102026462555
0.281632661819458
0.26938775181770325
0.2367346882820129
0.23020407557487488
0.21551020443439484
0.16163265705108643
0.12653061747550964
0.10938775539398192
0.11918367445468903
0.13224489986896515
0.21632653474807736
0.31591835618019104
0.36571428179740906
0.41877549886703486
0.44244897365570074
0.4571428596973419
0.4506122469902039
0.4310204088687897
0.41551020741462713
0.4171428680419922
0.3959183692932129
0.39510205388069153
0.3746938705444336
0.3632653057575226
0.3616326451301575
0.3126530647277832
0.2955102026462555
0.2702040672302246
0.2195918411016464
0.18938775360584256
0.16653060913085935
0.18857142329216003
0.19836734235286713
0.2685714364051819
0.38612243533134466
0.4171428680419922
0.4685714244842529
0.46938776969909674
0.4848979711532593
0.46285715699195856
0.44244897365570074
0.4163265228271484
0.3853061199188232
0.3787755072116852
0.37142857909202576
0.3534694015979767
0.3420408070087433
0.3379591703414917
0.30367347598075867
0.3053061366081238
0.27673467993736267
0.23755101859569547
0.19591836631298065
0.1657142788171768
0.17959183454513547
0.15673469007015228
0.20734694600105283
0.33142855763435364
0.3722448945045471
0.4391836822032928
0.4302040934562683
0.4465306103229522
0.43510204553604126
0.40897959470748896
0.40244898200035095
0.3665306270122528
0.36000001430511475
0.3436734676361084
0.3199999928474426
0.35918366909027094
0.5110204219818115
0.5510203838348389
0.38122448325157166
0.0
0.05714285746216773
0.2865306138992309
0.7004081606864929
0.6946938633918761
0.5461224317550659
0.5355101823806763
0.5420408248901367
0.5151020288467407
0.4938775599002838
0.4848979711532593
0.4342857003211975
0.4228571355342865
0.4016326665878296
0.370612233877182
0.3493877649307251
0.3493877649307251
0.3281632661819458
0.3322449028491974
0.3289795815944672
0.31918367743492126
0.29632651805877686
0.28816327452659607
0.281632661819458
0.2530612349510193
0.21469387412071228
0.20326530933380127
0.21714285016059875
0.0
0.0
0.0
0.0
0.0
0.0
0.0
0.0
0.0
0.0
0.0
0.0
0.0
0.0
0.0
0.0
0.0
0.0
0.0
0.0
0.0
