0.9653499722480773
0.6680526733398438
0.45252946019172663
0.2584892511367798
0.31254330277442927
0.3298683166503906
0.2453222423791885
0.17602217197418213
0.17186416685581207
0.16285516321659088
0.16354815661907196
0.167706161737442
0.16354815661907196
0.1683991700410843
0.17463617026805875
0.1850311905145645
0.20304919779300687
0.19265419244766235
0.20166319608688357
0.20928621292114255
0.234927237033844
0.25363826751708984
0.2668052613735199
0.2931392788887024
0.31808730959892273
0.35828134417533875
0.40609839558601374
0.422730416059494
0.4594594538211823
0.490644484758377
0.5204434990882874
0.5544005632400513
0.5467775464057921
0.5273735523223877
0.48163548111915594
0.4178794324398041
0.36243936419487
0.2931392788887024
0.2522522509098053
0.22106721997261047
0.1968121975660324
0.18711018562316892
0.15939016640186307
0.15523216128349304
0.1531531512737274
0.1524601578712463
0.15453915297985077
0.14830215275287628
0.15107415616512299
0.1420651376247406
0.1524601578712463
0.1649341583251953
0.15107415616512299
0.1538461595773697
0.15107415616512299
0.14968815445899963
0.15523216128349304
0.1420651376247406
0.14137214422225952
0.1358281373977661
0.13790713250637054
0.14830215275287628
0.1337491273880005
0.13513512909412384
0.12959112226963043
0.13167013227939603
0.127512127161026
0.11988911777734756
0.11642411351203918
0.11226611584424973
0.11157311499118804
0.12404712289571762
0.10810811072587966
0.10602910816669464
0.10672210901975632
0.10602910816669464
0.1157311126589775
0.10672210901975632
0.0810810774564743
0.2009702026844025
0.1011781021952629
0.11781011521816252
0.10325710475444792
0.1039501056075096
0.10810811072587966
0.10880111157894135
0.11988911777734756
0.10880111157894135
0.11226611584424973
0.11711711436510086
0.1157311126589775
0.12543313205242157
0.1566181629896164
0.1961191892623901
0.214830219745636
0.22799722850322723
0.27096328139305115
0.3049203157424927
0.3069992959499359
0.31254330277442927
0.2806652784347534
0.24116423726081848
0.19819819927215576
0.13790713250637054
0.08177407830953598
0.0720720738172531
0.08593208342790604
0.07276507467031479
0.06444906443357468
0.05613305792212486
0.05751905590295792
0.06860706955194473
0.05474705621600151
0.05821205675601959
0.05751905590295792
0.050589051097631454
0.0
0.059598058462142944
0.27096328139305115
0.5280665159225464
0.7830907702445984
1.0
0.5814275741577148
0.3541233539581299
0.22938323020935056
0.29452529549598694
0.27096328139305115
0.18918919563293457
0.14968815445899963
0.13790713250637054
0.12820513546466827
0.14622314274311063
