1.0
0.5621508359909058
0.06145251542329788
0.03980446979403496
0.053072623908519745
0.08519553393125534
0.12569832801818848
0.14001396298408508
0.14490222930908203
0.1494413465261459
0.1501396596431732
0.1525837928056717
0.1473463624715805
0.15223464369773865
0.15118715167045593
0.15432961285114288
0.15432961285114288
0.1473463624715805
0.14594972133636475
0.14594972133636475
0.14420391619205475
0.14420391619205475
0.13722066581249237
0.1393156498670578
0.13372905552387235
0.13372905552387235
0.13303072750568387
0.1277932971715927
0.1302374303340912
0.13268156349658966
0.13896648585796356
0.14350558817386627
0.14420391619205475
0.15223464369773865
0.1588687151670456
0.1714385449886322
0.1805167645215988
0.1759776473045349
0.18121507763862607
0.18924580514431
0.18854749202728271
0.19727653264999387
0.18889664113521573
0.19134078919887543
0.19238826632499692
0.18854749202728271
0.18784916400909424
0.1759776473045349
0.17877094447612762
0.1749301701784134
0.1686452478170395
0.16655027866363523
0.15782122313976288
0.1536312848329544
0.14979049563407895
0.1518854796886444
0.15572625398635864
0.14874301850795743
0.15118715167045593
0.15328212082386017
0.15851955115795135
0.1588687151670456
0.16026535630226135
0.18086592853069303
0.20111732184886927
0.24266760051250455
0.24615921080112457
0.2552374303340912
0.24371507763862607
0.2465083748102188
0.2650139629840851
0.2733938694000244
0.24231843650341037
0.2590782046318054
0.21194134652614596
0.16759777069091797
0.14839385449886322
0.1410614550113678
0.14804469048976898
0.14874301850795743
0.14245809614658356
0.12115921825170516
0.04294692724943161
0.05202513933181763
0.291201114654541
0.6145251393318176
0.9071229100227358
0.4308659136295319
0.0
0.011522346176207064
0.013268155977129936
0.06110335141420364
0.08868715167045593
0.1054469272494316
0.10754189640283585
0.10649441182613371
0.11138267815113068
0.09462290257215501
0.10998603701591492
0.08973463624715805
0.10474860668182372
0.10474860668182372
0.09392458200454713
0.0
0.0
0.0
0.0
0.0
0.0
0.0
0.0
0.0
0.0
0.0
0.0
0.0
0.0
0.0
0.0
0.0
0.0
0.0
0.0
0.0
0.0
0.0
0.0
0.0
0.0
0.0
0.0
0.0
