1.0
0.7075152397155762
0.4069058895111084
0.16181449592113495
0.061611372977495193
0.0941096842288971
0.20649966597557068
0.3757616877555847
0.4752877354621887
0.47935003042221064
0.5010155439376831
0.5057548880577089
0.480704128742218
0.5308057069778441
0.4976303279399872
0.5186188220977783
0.4834123253822327
0.4752877354621887
0.5179417729377747
0.49424508213996887
0.511171281337738
0.4813811779022217
0.4759647846221924
0.5030466914176941
0.47393363714218134
0.4773188829421997
0.43940418958663935
0.4231550395488739
0.43601894378662104
0.39133378863334656
0.41367638111114496
0.3872714936733246
0.3953960835933685
0.43127962946891774
0.4719025194644928
0.519295871257782
0.4989844262599945
0.5064319372177124
0.5321598052978516
0.5064319372177124
0.5098171830177307
0.5118483304977417
0.48476642370224
0.5104942321777344
0.4813811779022217
0.5057548880577089
0.486797571182251
0.4732565879821777
0.519295871257782
0.48408937454223633
0.4949221312999725
0.49221393465995783
0.49085983633995056
0.5057548880577089
0.4759647846221924
0.49085983633995056
0.4800270795822144
0.4800270795822144
0.4969532787799835
0.4773188829421997
0.48612052202224726
0.48408937454223633
0.4671631753444672
0.5132024288177489
0.4752877354621887
0.4928909838199616
0.48408937454223633
0.4983073770999909
0.5030466914176941
0.4671631753444672
0.49085983633995056
0.4671631753444672
0.46174678206443787
0.4800270795822144
0.4549762904644013
0.4732565879821777
0.4631008803844452
0.47122547030448914
0.4969532787799835
0.4773188829421997
0.5267434120178223
0.5389302372932434
0.549763023853302
0.5924170613288879
0.6296547055244446
0.6567366123199463
0.6093432903289795
0.5815842747688292
0.5484089255332947
0.519295871257782
0.5572105646133423
0.49221393465995783
0.4631008803844452
0.46106973290443426
0.4414353370666504
0.4576844871044159
0.42654028534889216
0.3256601095199585
0.09343263506889345
0.2335815876722336
0.6946513056755066
0.7007447481155396
0.40961408615112305
0.17670954763889313
0.002708192216232419
0.0
0.04265403002500534
0.23967501521110532
0.3906567394733429
0.3974272310733795
0.4238320887088776
0.41638457775115967
0.4109681844711304
0.446174681186676
0.39945834875106806
0.4380500912666321
0.43534189462661743
0.0
0.0
0.0
0.0
0.0
0.0
0.0
0.0
0.0
0.0
0.0
0.0
0.0
0.0
0.0
