0.9617004990577696
0.9969360232353209
0.8188433647155762
0.5783224701881409
0.40329375863075256
0.23439295589923856
0.13098429143428802
0.06127920374274254
0.05859823897480965
0.0605132132768631
0.07621601223945618
0.07047108560800552
0.06587514281272888
0.05055534094572067
0.05055534094572067
0.04519341140985489
0.04021447896957397
0.04327843710780144
0.015319800935685635
0.025660665705800056
0.027192646637558937
0.011872845701873302
0.004978935234248638
0.0
0.009191880933940409
0.009957870468497276
0.022213710471987724
0.04481041803956032
0.08425890654325485
0.09842971712350845
0.10762160271406172
0.14821907877922058
0.15664497017860413
0.14630410075187683
0.1888165473937988
0.19188050925731656
0.18039065599441528
0.18230563402175903
0.1658368408679962
0.170049786567688
0.16047491133213043
0.1581769436597824
0.16047491133213043
0.1351972371339798
0.15855993330478668
0.16124090552330017
0.1501340419054031
0.1501340419054031
0.12409038841724396
0.13289926946163175
0.11030256748199462
0.11298353224992752
0.12715435028076172
0.1260053664445877
0.10264266282320023
0.12140942364931107
0.11949444562196732
0.13672922551631927
0.14860206842422485
0.17962466180324554
0.19264648854732516
0.1930294930934906
0.18039065599441528
0.15358100831508636
0.19762542843818665
0.1501340419054031
0.14438912272453308
0.1505170464515686
0.13558024168014526
0.1401761770248413
0.16085791587829587
0.14707009494304657
0.11413251608610152
0.12140942364931107
0.12830333411693573
0.11068556457757948
0.11796246469020844
0.129835307598114
0.1221754103899002
0.13328227400779724
0.12409038841724396
0.1378782093524933
0.1558789759874344
0.16813480854034424
0.17349673807621002
0.2171581834554672
0.2734584510326385
0.37954807281494146
0.5668326020240784
0.7430103421211242
0.9624664783477784
1.0
0.8310992121696472
0.5741095542907715
0.3860589861869812
0.22290310263633728
0.10647261887788773
0.043661434203386314
0.039065491408109665
0.052853312343358994
0.04519341140985489
0.050938338041305535
0.026043660938739777
0.038299500942230225
0.04710838943719864
0.025660665705800056
0.021447721868753437
0.018766755238175392
0.0
0.0
0.0
0.0
0.0
0.0
0.0
0.0
0.0
0.0
0.0
0.0
0.0
0.0
0.0
0.0
0.0
0.0
0.0
0.0
0.0
0.0
0.0
0.0
