0.9218379855155946
0.6499289274215697
0.32070109248161316
0.2273803949356079
0.2524869740009308
0.13121743500232697
0.04358123987913132
0.06963524222373961
0.057792514562606805
0.0748460441827774
0.07531975209712982
0.08716247975826262
0.0980577915906906
0.08716247975826262
0.09758408367633821
0.0923732817173004
0.1065845564007759
0.11369019746780396
0.11416390538215636
0.09900520741939545
0.09000473469495773
0.06963524222373961
0.06821411848068237
0.0487920418381691
0.06726669520139694
0.05305542424321175
0.06537186354398727
0.10611084848642348
0.11842728406190872
0.09663666784763336
0.12126953899860382
0.17053529620170593
0.109426811337471
0.13879677653312683
0.1610611081123352
0.12316437810659409
0.1411653310060501
0.1435338705778122
0.1525343507528305
0.15395547449588776
0.13690194487571716
0.15016579627990723
0.1264803409576416
0.11700616031885148
0.11321648210287094
0.12600663304328918
0.13453339040279388
0.1383230686187744
0.18522027134895325
0.21932733058929443
0.24443392455577848
0.1980104148387909
0.21648508310317996
0.194694459438324
0.20322121679782867
0.1833254396915436
0.13453339040279388
0.18474656343460083
0.15727142989635468
0.11558502912521362
0.10563714057207108
0.10753197222948074
0.11132165044546127
0.12553292512893677
0.10232117772102356
0.021790619939565655
0.0
0.06158218905329704
0.03931785747408866
0.2671719491481781
0.6508763432502747
1.0
0.8152534365653991
0.4358124136924744
0.2292752265930176
0.22359071671962735
0.17148271203041077
0.07910943031311035
0.08574135601520537
0.11037422716617584
0.060161061584949486
0.09142586588859558
0.09000473469495773
0.11747986823320387
0.11132165044546127
0.0
0.0
0.0
0.0
0.0
0.0
0.0
0.0
0.0
0.0
0.0
0.0
0.0
0.0
0.0
0.0
0.0
0.0
0.0
0.0
0.0
0.0
0.0
0.0
0.0
0.0
0.0
0.0
0.0
0.0
0.0
0.0
0.0
0.0
0.0
0.0
0.0
0.0
0.0
0.0
0.0
0.0
0.0
0.0
0.0
0.0
0.0
