0.9566003680229187
0.9285714030265808
0.5063291192054749
0.11030741780996323
0.10578662157058716
0.33725136518478394
0.5045207738876343
0.5379746556282043
0.5379746556282043
0.5777576565742493
0.5524412393569945
0.5759493708610535
0.5813743472099304
0.5578661561012268
0.6066907644271851
0.5813743472099304
0.5958408713340759
0.612115740776062
0.5886076092720032
0.6365280151367188
0.6130198836326599
0.6094032526016235
0.6365280151367188
0.6356238722801208
0.6808318495750427
0.6509945988655089
0.6889692544937134
0.7079566121101379
0.679023504257202
0.7377938628196716
0.7034357786178589
0.735985517501831
0.7314647436141967
0.7088607549667358
0.7603978514671325
0.7179023623466492
0.7332730293273925
0.7377938628196716
0.6754068732261658
0.6871609687805176
0.6256781220436096
0.6338155269622803
0.6383363604545593
0.5994575023651123
0.6338155269622803
0.6003616452217102
0.607594907283783
0.6274864673614502
0.5985533595085144
0.6482821106910706
0.6229656338691713
0.6175406575202942
0.6365280151367188
0.6112115979194641
0.6374322175979614
0.6202531456947327
0.6157323718070984
0.629294753074646
0.6112115979194641
0.6410488486289978
0.6003616452217102
0.6148282289505005
0.6555153727531433
0.6754068732261658
0.7576853632926942
0.7405063509941101
0.7350813746452332
0.8399638533592224
0.7730560302734374
0.7549728751182557
0.6889692544937134
0.7133815288543701
0.702531635761261
0.6338155269622803
0.6356238722801208
0.5858951210975647
0.590415894985199
0.5976491570472717
0.5705243945121765
0.607594907283783
0.5940325260162354
0.5877034068107605
0.607594907283783
0.49457505345344543
0.5189873576164246
0.5443037748336792
0.8915008902549743
1.0
0.8227847814559937
0.23688969016075132
0.0
0.32368898391723633
0.5334538817405701
0.5433996319770813
0.5931283831596376
0.5867992639541626
0.5804701447486876
0.612115740776062
0.5940325260162354
0.6301988959312439
0.5922242403030396
0.6220614910125732
0.6220614910125732
0.0
0.0
0.0
0.0
0.0
0.0
0.0
0.0
0.0
0.0
0.0
0.0
0.0
0.0
0.0
0.0
0.0
0.0
0.0
0.0
0.0
0.0
0.0
0.0
0.0
0.0
0.0
0.0
0.0
