1.0
0.6254080533981323
0.21898803114891047
0.14717084169387817
0.12377583980560301
0.08161044865846635
0.06338411569595337
0.06093579903244972
0.05794341489672661
0.05195865035057068
0.0516866147518158
0.056855276226997375
0.0516866147518158
0.05957562476396561
0.05304678902029991
0.0467899888753891
0.05277475342154503
0.06066376343369484
0.06392817944288254
0.05984766036272049
0.06202393770217896
0.07154516130685806
0.07698585093021391
0.06882481276988983
0.07562568038702011
0.07916213572025299
0.09548421949148178
0.09140370041131972
0.09630032628774643
0.1126224175095558
0.11479869484901428
0.13193689286708832
0.14254625141620636
0.1466267704963684
0.17165397107601163
0.17138193547725675
0.18280740082263944
0.19314472377300265
0.20701849460601807
0.22198040783405304
0.2132752984762192
0.21517954766750333
0.1994015276432037
0.177366703748703
0.16539716720581055
0.1243199110031128
0.1112622395157814
0.09194777160882947
0.09058759361505507
0.06909684091806412
0.06583242863416672
0.060391731560230255
0.07018498331308365
0.06664852797985077
0.06556039303541183
0.06093579903244972
0.0677366703748703
0.06746463477611542
0.06474428623914719
0.06256800889968872
0.05413492769002914
0.06528835743665695
0.05903155729174613
0.05549510195851325
0.05712731182575226
0.047878127545118325
0.05603917315602303
0.048966266214847565
0.0533188246190548
0.04243743047118186
0.04379760473966599
0.04597388580441474
0.04243743047118186
0.04488574713468552
0.04542981460690498
0.047878127545118325
0.03400435298681259
0.03726876899600029
0.04597388580441474
0.03618063032627106
0.03318824991583824
0.045157779008150094
0.034276388585567474
0.045157779008150094
0.04053318873047829
0.03155604004859924
0.04134929180145264
0.03835691139101982
0.051414582878351205
0.03645266592502593
0.03808487579226494
0.04243743047118186
0.04080522432923317
0.03210010752081871
0.031828075647354126
0.032644178718328476
0.029923830181360245
0.03318824991583824
0.04325353726744652
0.025027204304933548
0.03482045605778694
0.03998911753296852
0.024483133107423782
0.031828075647354126
0.03400435298681259
0.024483133107423782
0.025843307375907894
0.02965179458260536
0.03454842045903206
0.025571273639798164
0.027203481644392014
0.037812840193510056
0.025843307375907894
0.03454842045903206
0.03971708193421364
0.0266594123095274
0.03046789951622486
0.0418933629989624
0.041077256202697754
0.04080522432923317
0.03291621431708336
0.04624591767787933
0.03482045605778694
0.03890097886323929
0.03808487579226494
0.05413492769002914
0.061207834631204605
0.060119695961475365
0.06556039303541183
0.08079434186220169
0.08297061920166014
0.09548421949148178
