1.0
0.5623353719711304
0.36962246894836426
0.22827041149139404
0.13257242739200592
0.18261632323265076
0.19578577578067777
0.2001755982637405
0.20237049460411072
0.1979806870222092
0.19885864853858948
0.21641790866851807
0.21553994715213773
0.22431957721710205
0.22431957721710205
0.21905179321765897
0.23002633452415464
0.21422299742698667
0.21861281991004944
0.2234416157007217
0.20983318984508517
0.2133450359106064
0.211150124669075
0.2063213288784027
0.19622476398944852
0.1861281841993332
0.2063213288784027
0.19051799178123477
0.17998243868350983
0.1694468855857849
0.14003512263298035
0.1483757644891739
0.12730465829372406
0.12247585505247116
0.12115891277790068
0.1343283653259277
0.15627743303775787
0.1606672555208206
0.1861281841993332
0.1900790184736252
0.19227392971515653
0.21773485839366913
0.2129060626029968
0.2045654058456421
0.22168569266796112
0.2054433673620224
0.20763827860355377
0.21597893536090848
0.20105355978012085
0.20588235557079315
0.19710272550582883
0.20807726681232447
0.20588235557079315
0.21466198563575745
0.20105355978012085
0.19841966032981873
0.20193152129650116
0.19051799178123477
0.1975416988134384
0.20324845612049103
0.1808604001998901
0.20500439405441284
0.19885864853858948
0.19227392971515653
0.1887620687484741
0.17910447716712952
0.1821773499250412
0.17603160440921783
0.17778752744197843
0.1694468855857849
0.17120280861854553
0.18656715750694275
0.16988585889339447
0.18832309544086456
0.1725197583436966
0.1606672555208206
0.17383669316768646
0.1646180897951126
0.16725197434425354
0.15935030579566956
0.16900789737701416
0.1597892940044403
0.16417910158634183
0.16505706310272217
0.17032484710216522
0.1540825217962265
0.16242317855358124
0.16549605131149292
0.1685689240694046
0.16988585889339447
0.1812993884086609
0.22607550024986267
0.23178227245807648
0.23792800307273865
0.25548726320266724
0.2686567306518554
0.30377525091171265
0.2664618194103241
0.2625109851360321
0.2238806039094925
0.16900789737701416
0.13125549256801605
0.13784021139144895
0.12906058132648468
0.12379279732704163
0.11281826347112656
0.1251097470521927
0.118086040019989
0.07111500948667526
0.0276558380573988
0.07506584376096725
0.46971026062965393
0.958735704421997
0.9916593432426452
0.4793678522109985
0.1918349415063858
0.06935908645391464
0.0
0.1044776141643524
0.11062335222959518
0.09130816161632538
0.11062335222959518
0.10535557568073271
0.09964881837368013
0.10491659492254256
0.11150131374597548
0.11676909774541853
0.11369622498750687
0.10711149871349333
0.12467076629400252
0.11018437147140502
0.1172080785036087
