1.0
0.71086448431015
0.36682242155075073
0.16939252614974976
0.1214953288435936
0.08644859492778778
0.11623831838369368
0.10630840808153152
0.12266355007886887
0.1273364424705505
0.10338784754276276
0.128504678606987
0.11156541854143141
0.15887850522994995
0.14369158446788788
0.128504678606987
0.14894859492778778
0.14485980570316315
0.1769859790802002
0.17757008969783783
0.183995321393013
0.2137850522994995
0.2085280418395996
0.2038551419973373
0.2429906576871872
0.23831775784492487
0.31658878922462463
0.302570104598999
0.36214953660964966
0.3685747683048248
0.3872663676738739
0.40070092678070074
0.38317757844924927
0.3983644843101501
0.37908878922462463
0.36682242155075073
0.30315420031547546
0.2686915993690491
0.23306074738502505
0.1898364424705505
0.1752336472272873
0.14836448431015015
0.11565420776605606
0.13668224215507507
0.13668224215507507
0.08586448431015015
0.10397196561098097
0.08936915546655656
0.10922896862030028
0.08644859492778778
0.0940420553088188
0.08820093423128128
0.07242990285158157
0.10864485800266264
0.03913551568984985
0.07184579223394394
0.09929906576871873
0.07009346038103104
0.08352803438901901
0.0677570104598999
0.07885514199733734
0.08761682361364365
0.07885514199733734
0.10046728700399397
0.07943925261497498
0.07067757099866867
0.08995327353477478
0.03913551568984985
0.0782710313796997
0.04614485800266266
0.06133177503943443
0.08936915546655656
0.05957943946123123
0.12032710015773772
0.13785046339035034
0.15362149477005005
0.19217289984226224
0.17114485800266263
0.2137850522994995
0.21962617337703705
0.16705606877803802
0.20268692076206207
0.14135514199733734
0.14018692076206207
0.11857476830482482
0.07768691331148148
0.09521028399467468
0.0677570104598999
0.08995327353477478
0.0589953288435936
0.06717289984226227
0.08235981315374374
0.05198598280549049
0.08936915546655656
0.0572429895401001
0.0
0.07593458145856857
0.09579439461231232
0.3130841255187988
0.8539719581604005
0.9696261882781982
0.6547897458076477
0.3247663676738739
0.11623831838369368
0.08761682361364365
0.09345794469118118
0.08703271299600601
0.1010514050722122
0.08703271299600601
0.10046728700399397
0.12207943946123125
0.11740653961896896
0.12967289984226227
0.1407710313796997
0.12032710015773772
0.11857476830482482
0.14018692076206207
0.12908878922462463
0.1425233632326126
0.1308411210775375
0.0
0.0
0.0
0.0
0.0
0.0
0.0
0.0
0.0
0.0
0.0
0.0
