1.0
0.5296220779418945
0.14913176000118256
0.021961184218525887
0.1317671090364456
0.1327885538339615
0.0735444352030754
0.13891726732254028
0.04187946766614914
0.08324821293354033
0.051583249121904366
0.040858019143342965
0.06894790381193161
0.01838610880076885
0.04647599533200264
0.06332992762327194
0.042390193790197365
0.11235955357551573
0.024514811113476757
0.07048007845878601
0.05720122531056404
0.05720122531056404
0.11593462526798248
0.09448416531085968
0.13891726732254028
0.2063329964876175
0.1925434172153473
0.27477017045021057
0.23237997293472287
0.25331971049308777
0.24412666261196136
0.22880490124225616
0.2548518776893616
0.20786516368389127
0.21297241747379303
0.20684371888637543
0.15219612419605255
0.20071502029895785
0.1634320765733719
0.2063329964876175
0.1991828382015228
0.16598570346832275
0.1802860051393509
0.14147089421749115
0.1986721158027649
0.22880490124225616
0.20888662338256836
0.2798774242401123
0.23697650432586667
0.24974463880062103
0.28958120942115784
0.22522982954978943
0.2890704870223999
0.2063329964876175
0.16598570346832275
0.16445352137088776
0.13074566423892975
0.14964249730110168
0.1026557683944702
0.11899898201227188
0.1332992911338806
0.08733401447534561
0.13789580762386322
0.0
0.10623084753751753
0.45352399349212646
0.8028600811958314
0.9453523755073548
0.5
0.08631256222724913
0.08886618912220001
0.15372829139232635
0.14453524351119995
0.10469867289066313
0.1327885538339615
0.1195097044110298
0.07660878449678421
0.1348314583301544
0.07916241139173508
0.06945863366127014
0.10469867289066313
0.051583249121904366
0.1118488237261772
0.04187946766614914
0.07201226055622101
0.08988764137029648
0.04749744758009911
0.107252299785614
0.05873339995741844
0.11899898201227188
0.1547497510910034
0.1664964258670807
0.25127682089805603
0.23748722672462463
0.2691521942615509
0.2946884632110596
0.24514810740947723
0.30643513798713684
0.251787543296814
0.251787543296814
0.2645556628704071
0.2211440205574036
0.22369764745235443
0.22931562364101407
0.20122574269771573
0.21961185336112976
0.19458630681037903
0.22880490124225616
0.19713993370532987
0.20429009199142456
0.2425944805145264
0.2206332981586456
0.2951991856098175
0.27477017045021057
0.2824310660362244
0.30183860659599304
0.25587335228919983
0.34933605790138245
0.32022473216056824
0.22318692505359647
0.0
0.0
0.0
0.0
0.0
0.0
0.0
0.0
0.0
0.0
0.0
0.0
