1.0
0.8738049864768982
0.8738049864768982
0.3996175825595856
0.31739962100982666
0.6692160367965697
0.5736137628555298
0.17973230779170987
0.0630975142121315
0.10898661613464355
0.07456979155540465
0.2045889049768448
0.37476098537445063
0.4455066919326782
0.41491395235061646
0.4091778099536896
0.43212237954139704
0.42447417974472046
0.456978976726532
0.4550669193267822
0.46462714672088623
0.466539204120636
0.5066921710968018
0.49713194370269775
0.456978976726532
0.44168260693550104
0.4091778099536896
0.3862332701683045
0.37476098537445063
0.3766730427742004
0.34990438818931574
0.3556405305862427
0.35755258798599243
0.34034416079521174
0.3288719058036804
0.3384321331977844
0.3288719058036804
0.34416824579238886
0.34990438818931574
0.38432121276855463
0.4091778099536896
0.40726578235626226
0.39388144016265864
0.36328873038291926
0.37476098537445063
0.35946461558341974
0.34990438818931574
0.39196941256523127
0.4187380373477936
0.4282982647418976
0.466539204120636
0.48374760150909424
0.4703632891178131
0.437858521938324
0.4206500947475433
0.42256215214729304
0.43403440713882446
0.43977054953575134
0.4359464645385742
0.41491395235061646
0.41491395235061646
0.4608030617237091
0.43212237954139704
0.39388144016265864
0.3652007579803466
0.34990438818931574
0.34416824579238886
0.34416824579238886
0.30783939361572266
0.30783939361572266
0.300191193819046
0.3365200757980346
0.3613766729831696
0.37476098537445063
0.403441697359085
0.4206500947475433
0.44933077692985535
0.47227534651756287
0.47609943151474
0.495219886302948
0.495219886302948
0.4703632891178131
0.4799235165119171
0.48374760150909424
0.5162523984909058
0.533460795879364
0.57170170545578
0.552581250667572
0.562141478061676
0.5258126258850098
0.4990439713001251
0.49713194370269775
0.47418737411499023
0.485659658908844
0.41300192475318903
0.43403440713882446
0.4913958013057709
0.629063069820404
0.6921606063842772
0.772466540336609
0.789674937725067
0.8298279047012329
0.8489483594894409
0.7877628803253175
0.5793498754501343
0.5411089658737184
0.4894837439060211
0.4703632891178131
0.43403440713882446
0.37858510017395014
0.32504779100418085
0.2772466540336609
0.24474187195301053
0.233269602060318
0.20650096237659452
0.2179732322692871
0.2543021142482757
0.2543021142482757
0.27533459663391113
0.26003822684288025
0.24474187195301053
0.08604206144809723
0.07648183405399321
0.07648183405399321
0.4302103221416473
0.7743785977363585
0.7839388251304625
0.8260038495063781
0.3537285029888153
0.16634799540042877
0.5411089658737184
0.6481835842132568
