1.0
0.5070569515228271
0.11238891631364822
0.10350235551595688
0.18766336143016812
0.19184526801109317
0.18034501373767847
0.19759540259838104
0.17668583989143372
0.2273915261030197
0.21327757835388184
0.20961840450763705
0.21641400456428528
0.1730266660451889
0.18452692031860352
0.17668583989143372
0.18557240068912503
0.19393622875213623
0.2122320979833603
0.20752744376659396
0.23993727564811704
0.2002090960741043
0.22477783262729645
0.24202822148799896
0.2451646625995636
0.2550967037677765
0.300052285194397
0.2974385917186737
0.2953476309776306
0.3204391002655029
0.30684787034988403
0.3544171452522278
0.35337167978286743
0.4333507716655731
0.39780449867248535
0.40616831183433527
0.4302143156528473
0.443282812833786
0.3957135379314423
0.38944065570831293
0.3763721883296967
0.3497124910354614
0.31625717878341675
0.2943021357059479
0.2786199748516083
0.2650287449359894
0.26241505146026606
0.2253005802631378
0.2577103972434997
0.24359644949436188
0.2409827560186386
0.2174594849348068
0.22111865878105164
0.21798223257064817
0.2347098737955093
0.183481439948082
0.18766336143016812
0.17929953336715698
0.21327757835388184
0.16832201182842255
0.18818609416484833
0.1902770549058914
0.15473078191280365
0.1630946099758148
0.15316256880760193
0.16623105108737943
0.14532148838043213
0.1630946099758148
0.17616309225559235
0.16414009034633636
0.15368531644344327
0.1646628379821777
0.22373235225677487
0.2409827560186386
0.2331416606903076
0.2645060122013092
0.25980135798454285
0.27757447957992554
0.24621014297008517
0.23732358217239377
0.28071093559265137
0.1646628379821777
0.12023000419139862
0.13173027336597443
0.10454782843589781
0.09879770129919052
0.12179822474718092
0.09357030689716339
0.08154730498790741
0.09095661342144012
0.10820700228214264
0.10925248265266418
0.0
0.02822791412472725
0.17982226610183716
0.4892838597297669
0.8740198612213135
0.9717720746994017
0.4343962371349335
0.07422895729541777
0.0642969161272049
0.1500261425971985
0.14166231453418732
0.12911656498908997
0.10768426209688187
0.09147935360670088
0.10611604899168015
0.07370621711015701
0.08311552554368973
0.10193413496017456
0.10716152936220168
0.09043387323617937
0.08259278535842894
0.09304756671190259
0.10768426209688187
0.08154730498790741
0.1029796153306961
0.08834291994571684
0.10768426209688187
0.1709357053041458
0.11604809015989304
0.0
0.0
0.0
0.0
0.0
0.0
0.0
0.0
0.0
0.0
0.0
