1.0
0.783687949180603
0.3995271921157837
0.26182031631469727
0.26832151412963867
0.2009456306695938
0.16430260241031647
0.11938533931970596
0.12174940854310988
0.13475176692008972
0.1282505840063095
0.1288416087627411
0.14066193997859955
0.13475176692008972
0.14066193997859955
0.14066193997859955
0.1631205677986145
0.14007091522216797
0.14361701905727386
0.1453900635242462
0.16962175071239471
0.1560283750295639
0.13238771259784698
0.1341607570648193
0.1247044950723648
0.15839242935180664
0.16962175071239471
0.1382978707551956
0.11879432946443556
0.1317966878414154
0.13711583614349365
0.1767139434814453
0.16843971610069275
0.1418439745903015
0.16430260241031647
0.1530732810497284
0.21099290251731873
0.208628848195076
0.18794326484203336
0.1843971610069275
0.19208037853240967
0.18321512639522552
0.17907801270484924
0.17553190886974335
0.1660756468772888
0.16548463702201843
0.1690307259559631
0.16962175071239471
0.1666666716337204
0.13711583614349365
0.1270685642957687
0.1317966878414154
0.1595744639635086
0.12588652968406677
0.14657209813594818
0.1530732810497284
0.1341607570648193
0.15189124643802643
0.10874704271554946
0.14302600920200348
0.12411347776651382
0.14657209813594818
0.12411347776651382
0.12056737393140791
0.17494089901447296
0.13770686089992523
0.12588652968406677
0.16252955794334412
0.16430260241031647
0.20685578882694244
0.25531914830207825
0.26832151412963867
0.2092198580503464
0.16725768148899078
0.16016548871994019
0.10283687710762024
0.14007091522216797
0.16075649857521057
0.14657209813594818
0.1731678545475006
0.16843971610069275
0.11997635662555695
0.10460992902517317
0.08747044950723648
0.11524822562932968
0.12352246046066284
0.12174940854310988
0.02600472792983055
0.01182033121585846
0.030141843482851986
0.0
0.23877067863941193
0.7535461187362672
0.914893627166748
0.6885342597961426
0.3339243531227112
0.2505910098552704
0.20685578882694244
0.13061465322971344
0.08865248411893843
0.09278959780931471
0.08569739758968353
0.10165484994649888
0.09574468433856963
0.08096926659345625
0.10579196363687517
0.09692671149969102
0.10638298094272612
0.1040189117193222
0.10992907732725143
0.13652482628822327
0.0
0.0
0.0
0.0
0.0
0.0
0.0
0.0
0.0
0.0
0.0
0.0
0.0
0.0
0.0
0.0
0.0
0.0
0.0
0.0
0.0
