0.9452919363975525
0.7822198867797852
0.4076801538467407
0.04103103652596474
0.05207785218954086
0.18043135106563568
0.1635981053113937
0.16517622768878937
0.14360862970352173
0.17569699883460999
0.17937926948070526
0.16254602372646332
0.18937401473522184
0.20357707142829892
0.18832193315029144
0.206733301281929
0.20147290825843808
0.20515517890453336
0.18148343265056607
0.18937401473522184
0.2188321948051453
0.20831140875816345
0.22724881768226624
0.25197264552116394
0.28090479969978327
0.2509205639362335
0.2556549310684204
0.2561809718608856
0.294581800699234
0.28669121861457825
0.30036821961402893
0.2682798504829407
0.27617043256759644
0.27774855494499207
0.2956338822841644
0.28143084049224854
0.2788006365299225
0.28037875890731806
0.24460810422897336
0.2530247271060944
0.22356654703617093
0.19989478588104248
0.2146238833665848
0.20883744955062863
0.2004208266735077
0.20568121969699857
0.1772751212120056
0.1825355142354965
0.17569699883460999
0.20410309731960297
0.19831667840480804
0.186743825674057
0.18990005552768707
0.19989478588104248
0.22198842465877527
0.22672277688980105
0.21304576098918915
0.20462913811206815
0.20725934207439425
0.195160448551178
0.21094161272048953
0.20357707142829892
0.21830615401268005
0.1993687599897385
0.22409258782863617
0.2019989490509033
0.18937401473522184
0.1967385560274124
0.18726985156536105
0.20357707142829892
0.206733301281929
0.1967385560274124
0.2114676535129547
0.2188321948051453
0.23040504753589633
0.2162020057439804
0.19042609632015228
0.20725934207439425
0.23776958882808685
0.28143084049224854
0.2735402286052704
0.27196213603019714
0.3087848424911499
0.3098369240760803
0.302998423576355
0.34981587529182434
0.3377169966697693
0.28090479969978327
0.23303525149822235
0.2104155719280243
0.1967385560274124
0.19253024458885193
0.17832720279693604
0.19253024458885193
0.1767490804195404
0.1572856456041336
0.13361388444900513
0.16096791625022888
0.13098369538784027
0.13466596603393555
0.15781167149543762
0.13940031826496124
0.11993687599897385
0.23776958882808685
0.3613887429237366
0.7185691595077515
1.0
0.60599684715271
0.1967385560274124
0.0
0.13940031826496124
0.17832720279693604
0.1536033600568771
0.16938453912734985
0.15833771228790283
0.1520252525806427
0.16254602372646332
0.17937926948070526
0.15938979387283325
0.18358758091926572
0.20831140875816345
0.1720147281885147
0.18937401473522184
0.18200947344303128
0.2162020057439804
0.2062072604894638
0.20462913811206815
0.0
0.0
0.0
0.0
0.0
