0.9674063920974733
0.984049916267395
0.9361997246742249
0.5527045726776123
0.27531206607818604
0.17753121256828308
0.08737864345312119
0.09778086096048355
0.10263522714376448
0.08668515831232072
0.10402218997478484
0.09708737581968307
0.08044382929801941
0.12274618446826933
0.1144244074821472
0.13176144659519196
0.1463245451450348
0.1518723964691162
0.1893203854560852
0.17753121256828308
0.21012482047080996
0.2073508948087692
0.2441054135560989
0.2961165010929108
0.3044382929801941
0.32177531719207764
0.3425797522068024
0.32732316851615906
0.34604716300964355
0.3384188711643219
0.3162274658679962
0.260748952627182
0.2212205231189728
0.20249652862548828
0.16366158425807953
0.12343966960906982
0.1241331472992897
0.09778086096048355
0.10610263794660568
0.09708737581968307
0.11234396696090698
0.10748960077762604
0.09847433865070344
0.11719833314418791
0.1088765636086464
0.11927878111600876
0.12829403579235077
0.11581137031316756
0.13453537225723267
0.121359221637249
0.1331484019756317
0.1366158127784729
0.13453537225723267
0.13800276815891263
0.1241331472992897
0.11997225880622864
0.11719833314418791
0.10055478662252426
0.12482663244009017
0.10055478662252426
0.10402218997478484
0.10471567511558531
0.0963938981294632
0.1518723964691162
0.17753121256828308
0.19348128139972687
0.21012482047080996
0.224687933921814
0.28987517952919006
0.2579750418663025
0.3023578226566314
0.2884882092475891
0.22607488930225367
0.18099860846996307
0.10055478662252426
0.049930650740861886
0.045769765973091125
0.03536754474043846
0.0402219146490097
0.034674063324928284
0.03328710049390793
0.03190013766288757
0.0
0.06934812664985657
0.182385578751564
0.2177531272172928
0.2773925065994262
0.8196948766708374
1.0
0.970180332660675
0.5638002753257751
0.2669903039932251
0.16643550992012024
0.08460471779108046
0.05339805781841278
0.0589459091424942
0.06171983480453491
0.045076284557580955
0.061026353389024734
0.0714285746216774
0.0714285746216774
0.08876560628414154
0.06796116381883621
0.0
0.0
0.0
0.0
0.0
0.0
0.0
0.0
0.0
0.0
0.0
0.0
0.0
0.0
0.0
0.0
0.0
0.0
0.0
0.0
0.0
0.0
0.0
0.0
0.0
0.0
0.0
0.0
0.0
