1.0
0.8357007503509521
0.4857954680919647
0.17803029716014862
0.20170454680919647
0.1766098439693451
0.08333333581686019
0.06676136702299118
0.0677083358168602
0.06581439077854156
0.06960227340459824
0.06865530461072922
0.07433712482452393
0.09469696879386899
0.08712121099233627
0.08143939077854156
0.08333333581686019
0.07717803120613098
0.08380682021379472
0.08096590638160706
0.09422348439693451
0.08759469538927078
0.05871212109923363
0.054450757801532745
0.06865530461072922
0.044034089893102646
0.09422348439693451
0.07765151560306549
0.07007575780153275
0.08001893758773804
0.07481060922145844
0.13304924964904785
0.13399621844291687
0.11316287517547607
0.13352273404598236
0.14299242198467255
0.1302083283662796
0.13731060922145844
0.1401515156030655
0.13967803120613098
0.15388257801532745
0.14346590638160703
0.13352273404598236
0.13778409361839294
0.13210226595401764
0.13778409361839294
0.12642045319080353
0.1676136404275894
0.17518939077854156
0.18513257801532745
0.20975378155708313
0.21496212482452393
0.2116477340459824
0.1870265156030655
0.1988636404275894
0.21496212482452393
0.16240529716014862
0.17518939077854156
0.15767045319080353
0.12452651560306548
0.09564393758773805
0.08096590638160706
0.08380682021379472
0.09280303120613098
0.09564393758773805
0.03645833209156991
0.0
0.05634469538927078
0.02272727340459824
0.2026515156030655
0.5506628751754761
0.960700750350952
0.7916666865348816
0.4616477191448212
0.1770833283662796
0.21638257801532745
0.18986742198467252
0.09138257801532744
0.08664772659540176
0.078125
0.07433712482452393
0.05634469538927078
0.06344696879386902
0.09185606241226195
0.08238636702299118
0.0
0.0
0.0
0.0
0.0
0.0
0.0
0.0
0.0
0.0
0.0
0.0
0.0
0.0
0.0
0.0
0.0
0.0
0.0
0.0
0.0
0.0
0.0
0.0
0.0
0.0
0.0
0.0
0.0
0.0
0.0
0.0
0.0
0.0
0.0
0.0
0.0
0.0
0.0
0.0
0.0
0.0
0.0
0.0
0.0
0.0
0.0
