0.904964566230774
0.6205673813819885
0.23900708556175232
0.17943263053894043
0.17446808516979215
0.131205677986145
0.04609929025173187
0.012765957042574883
0.039007093757390976
0.009929077699780464
0.03758865222334862
0.030496453866362568
0.0
0.05106382817029953
0.057446807622909546
0.07021276652812958
0.07163120806217194
0.03617021441459656
0.07446808367967604
0.09858155995607376
0.12340425699949265
0.124822698533535
0.11702127754688262
0.15886524319648743
0.1595744639635086
0.1815602779388428
0.17872340977191925
0.1730496436357498
0.20638297498226163
0.17943263053894043
0.18652482330799103
0.17801418900489807
0.16241134703159332
0.16950353980064392
0.1390070915222168
0.13049645721912384
0.10141844302415848
0.07092198729515076
0.10709220170974731
0.045390069484710686
0.05177304893732071
0.05248226970434189
0.023404255509376522
0.06737588346004486
0.039007093757390976
0.056028369814157486
0.058865249156951904
0.05319149047136306
0.08085106313228606
0.09290780127048492
0.08156028389930725
0.08723404258489607
0.08439715951681137
0.09645389765501022
0.09432624280452728
0.12269503623247147
0.15035460889339447
0.17943263053894043
0.2319148927927017
0.2191489338874817
0.2645390033721924
0.3092198669910431
0.2921985685825348
0.2602836787700653
0.20212766528129575
0.2092198580503464
0.1595744639635086
0.06453900784254074
0.06524822860956192
0.0347517728805542
0.03971631079912186
0.03687943145632744
0.03333333507180214
0.060992907732725136
0.02978723496198654
0.26950353384017944
0.6184397339820862
0.836170196533203
1.0
0.7049645185470581
0.30780142545700073
0.1836879402399063
0.19716311991214752
0.1773049682378769
0.08226950466632843
0.07517730444669724
0.08226950466632843
0.08510638028383255
0.09148935973644257
0.08439715951681137
0.11985815316438674
0.12198581546545029
0.1390070915222168
0.0
0.0
0.0
0.0
0.0
0.0
0.0
0.0
0.0
0.0
0.0
0.0
0.0
0.0
0.0
0.0
0.0
0.0
0.0
0.0
0.0
0.0
0.0
0.0
0.0
0.0
0.0
0.0
0.0
0.0
0.0
0.0
0.0
0.0
0.0
0.0
0.0
0.0
0.0
