1.0
0.9225013256072998
0.532335638999939
0.2987707257270813
0.3784072697162628
0.29021912813186646
0.21272046864032745
0.257616251707077
0.25387492775917053
0.24425441026687625
0.2683057188987732
0.26349544525146484
0.32068413496017456
0.28059861063957214
0.27525386214256287
0.30304649472236633
0.31480491161346436
0.34526991844177246
0.34580439329147333
0.33939069509506226
0.3682522773742676
0.3281667530536652
0.37145912647247314
0.34313201904296875
0.3025120198726654
0.3025120198726654
0.28433993458747864
0.29770177602767944
0.2800641357898712
0.2565473020076752
0.26937466859817505
0.2613575756549835
0.3003741204738617
0.26884019374847407
0.23570282757282257
0.2383752018213272
0.26082310080528254
0.29556387662887573
0.27685728669166565
0.2570817768573761
0.2565473020076752
0.24265098571777344
0.24853019416332245
0.24853019416332245
0.25440940260887146
0.2982362508773804
0.28808122873306274
0.31640833616256714
0.32549437880516047
0.3062533438205719
0.2907536029815674
0.2586852014064789
0.2870122790336609
0.25013360381126404
0.2725815176963806
0.24639230966567996
0.17637626826763153
0.1614110171794891
0.1624799519777298
0.17797969281673431
0.1774452179670334
0.1667557507753372
0.1416354924440384
0.10048102587461472
0.07055050879716873
0.010154996998608112
0.22875466942787168
0.7712453007698059
0.9160876274108887
0.7172635197639465
0.4115446209907532
0.3062533438205719
0.3345804512500763
0.1945483684539795
0.20523783564567563
0.25066807866096497
0.1998931020498276
0.2763228118419647
0.2522715032100677
0.2720470428466797
0.31266701221466064
0.27418494224548334
0.2939604520797729
0.30518439412117004
0.2720470428466797
0.27685728669166565
0.2832709848880768
0.3115980625152588
0.29609835147857666
0.2832709848880768
0.3067878186702728
0.24104756116867063
0.2656333446502685
0.22127205133438113
0.22180652618408203
0.29182255268096924
0.1950828433036804
0.23356494307518005
0.23516835272312164
0.2271512597799301
0.26937466859817505
0.2132549434900284
0.23570282757282257
0.2586852014064789
0.22127205133438113
0.22768573462963104
0.1929449439048767
0.18278995156288144
0.2185996770858765
0.1699625849723816
0.2132549434900284
0.19134153425693512
0.21913415193557736
0.24959914386272433
0.2570817768573761
0.3073222935199737
0.30144307017326355
0.29556387662887573
0.27525386214256287
0.257616251707077
0.22447888553142548
0.2346338927745819
0.23944415152072904
0.2271512597799301
0.1688936352729797
0.13575628399848935
0.12132549285888672
0.15446285903453827
0.1416354924440384
0.17851416766643524
0.14698022603988647
0.03794762119650841
