1.0
0.9803921580314637
0.5882353186607361
0.269394725561142
0.1398124396800995
0.4006820023059845
0.52173912525177
0.5515771508216858
0.5942028760910033
0.5814151763916016
0.5865302681922913
0.5831202268600464
0.5831202268600464
0.6189258098602295
0.6027280688285828
0.6189258098602295
0.5950554013252257
0.5907928347587585
0.6283034682273865
0.6104006767272949
0.6359761357307434
0.6189258098602295
0.6129582524299622
0.6427962779998779
0.6214833855628967
0.6666666865348816
0.6649616360664368
0.6479113101959229
0.695652186870575
0.6828644275665283
0.7016198039054872
0.6922420859336853
0.676896870136261
0.6999147534370422
0.6837169528007507
0.7246376872062683
0.6982097029685974
0.6683716773986816
0.669224202632904
0.6138107180595398
0.6240409016609192
0.5780051350593567
0.5609548091888428
0.572890043258667
0.5473145842552185
0.5797101259231567
0.5686274766921997
0.5379369258880615
0.5788576006889343
0.5302642583847046
0.56351238489151
0.5464620590209961
0.5541347265243529
0.5541347265243529
0.5277067422866821
0.5609548091888428
0.540494441986084
0.5234441757202148
0.5490196347236633
0.5140665173530579
0.540494441986084
0.52173912525177
0.5652173757553101
0.6334185600280762
0.625745952129364
0.6393861770629883
0.669224202632904
0.6811594367027283
0.653878927230835
0.5805626511573792
0.5993179678916931
0.5430520176887512
0.5242967009544373
0.5063938498497009
0.4629155993461609
0.4884910583496094
0.4808184206485748
0.4543904662132263
0.47826087474823
0.44330775737762446
0.4833759665489197
0.47655585408210754
0.4526854157447815
0.4134697318077088
0.3333333432674408
0.5038363337516785
0.8448422551155089
0.8064790964126587
0.4364876449108124
0.05967604368925095
0.0
0.251491904258728
0.40579709410667414
0.45012786984443665
0.4347825944423676
0.4654731452465057
0.4586530327796936
0.4526854157447815
0.4799658954143524
0.4518329203128815
0.4961636960506439
0.48763853311538696
0.4808184206485748
0.0
0.0
0.0
0.0
0.0
0.0
0.0
0.0
0.0
0.0
0.0
0.0
0.0
0.0
0.0
0.0
0.0
0.0
0.0
0.0
0.0
0.0
0.0
0.0
0.0
0.0
0.0
0.0
0.0
