0.9397417306900024
0.8070301413536071
0.6291248202323914
0.5552367568016052
0.5394548177719116
0.532281219959259
0.5251076221466064
0.5193687081336975
0.529411792755127
0.49497848749160767
0.5086083412170409
0.5028694272041321
0.5143471956253052
0.5279770493507385
0.515064537525177
0.523672878742218
0.5208034515380859
0.5243902206420897
0.5301291346549988
0.5344333052635193
0.5308464765548706
0.5401721596717833
0.5509325861930847
0.5451936721801758
0.5308464765548706
0.5351506471633911
0.5315638184547424
0.548063099384308
0.5631276965141296
0.5796269774436951
0.5868005752563477
0.5903874039649963
0.5925394296646118
0.5875179171562195
0.5846484899520874
0.5810617208480834
0.559540867805481
0.5703012943267822
0.5631276965141296
0.5659971237182617
0.5609756112098694
0.56743186712265
0.5659971237182617
0.5803443193435669
0.5703012943267822
0.568149209022522
0.5717360377311707
0.5717360377311707
0.5738880634307861
0.5688665509223938
0.5746054649353027
0.5659971237182617
0.5695839524269104
0.5573887825012207
0.5645624399185181
0.5430415868759155
0.5408895015716553
0.544476330280304
0.547345757484436
0.5315638184547424
0.5265423059463501
0.5258249640464783
0.515064537525177
0.5279770493507385
0.5200861096382141
0.529411792755127
0.5437589883804321
0.5301291346549988
0.5344333052635193
0.5329985618591309
0.5380200743675232
0.5688665509223938
0.6348636746406555
0.6355810761451721
0.6147776246070862
0.624103307723999
0.6197991371154785
0.6370157599449158
0.6377331614494324
0.5753228068351746
0.5695839524269104
0.5602582693099976
0.5437589883804321
0.5193687081336975
0.477761834859848
0.4856528043746948
0.498565286397934
0.474892407655716
0.4634146392345429
0.48350071907043457
0.46126255393028254
0.4368723034858704
0.452654242515564
0.46269726753234863
0.4713056087493896
0.45050215721130366
0.44117647409439087
0.46915352344512934
0.39813485741615295
0.19727402925491333
0.0
0.5179340243339539
1.0
0.6111907958984375
0.7223816514015197
0.8299856781959533
0.6542324423789978
0.5408895015716553
0.47704446315765375
0.4655667245388031
0.45982784032821655
0.455523669719696
0.44906744360923767
0.43902438879013056
0.4497847855091095
0.4368723034858704
0.4569583833217621
0.44117647409439087
0.43400287628173834
0.45121949911117554
0.4634146392345429
0.46126255393028254
0.45050215721130366
0.0
0.0
0.0
0.0
0.0
0.0
0.0
0.0
0.0
