1.0
0.8795233964920045
0.37334510684013367
0.2405119091272354
0.14121800661087036
0.12533098459243774
0.21094439923763275
0.19152691960334775
0.18623124063014984
0.204766109585762
0.18490733206272125
0.21932920813560483
0.20388349890708923
0.2122683078050613
0.22683142125606537
0.19991174340248108
0.22153574228286743
0.21359223127365112
0.1950573772192001
0.22859664261341092
0.19549867510795596
0.21888791024684903
0.1994704306125641
0.19549867510795596
0.22374227643013
0.17608119547367096
0.1884377747774124
0.15842895209789276
0.14298322796821594
0.12312445044517516
0.08693733811378479
0.061782877892255776
0.0432480126619339
0.026919681578874588
0.03133274614810944
0.0
0.04501323774456978
0.07149161398410797
0.09620476514101027
0.1306266486644745
0.14210061728954315
0.17740511894226074
0.18534862995147705
0.1972638964653015
0.2219770550727844
0.2056487202644348
0.21491615474224088
0.23300971090793607
0.22418358922004697
0.23212710022926328
0.22815534472465515
0.23874668776988983
0.24977934360504153
0.2511032521724701
0.2603707015514374
0.23609885573387143
0.2502206563949585
0.2577228546142578
0.25860548019409174
0.2687555253505707
0.2400706112384796
0.25375109910964966
0.2603707015514374
0.2506619691848755
0.25860548019409174
0.2312444895505905
0.2466901987791061
0.24977934360504153
0.23830538988113403
0.2515445649623871
0.23433363437652588
0.24227714538574216
0.2466901987791061
0.2391880005598068
0.25330978631973267
0.22594881057739255
0.2466901987791061
0.2409532219171524
0.24227714538574216
0.2444836646318436
0.2400706112384796
0.26566636562347407
0.29964694380760193
0.31288614869117737
0.33230361342430115
0.30714917182922363
0.34245365858078
0.3596646189689636
0.3534863293170929
0.3640776574611664
0.3005295693874359
0.276699036359787
0.24315975606441495
0.22065313160419464
0.2312444895505905
0.20388349890708923
0.21800529956817624
0.21932920813560483
0.2074139416217804
0.22506619989871976
0.20035304129123688
0.15975287556648254
0.09841129928827283
0.14033539593219757
0.485436886548996
0.9276257753372192
0.9964695572853088
0.4969108700752258
0.276699036359787
0.17961165308952332
0.12797881662845612
0.19858781993389127
0.2074139416217804
0.21270962059497836
0.22418358922004697
0.20432479679584503
0.21977052092552185
0.2228596657514572
0.22109444439411163
0.2316857874393463
0.21050308644771573
0.23036186397075653
0.23300971090793607
0.22903795540332797
0.2246248871088028
0.2074139416217804
0.2263901084661484
0.22506619989871976
0.21182700991630557
0.0
0.0
0.0
