1.0
0.8835319876670836
0.4842903614044189
0.306067168712616
0.3862405121326447
0.2551462650299072
0.2053087800741196
0.21776814758777616
0.2518959939479828
0.24702058732509613
0.2546045482158661
0.26923078298568726
0.2849404215812683
0.3039003312587738
0.3396533131599426
0.3293607831001282
0.358071506023407
0.35048753023147583
0.3640303313732147
0.3542795181274414
0.3423618674278259
0.3380281627178192
0.3055254518985748
0.3163596987724304
0.30985915660858154
0.2535211145877838
0.31906825304031367
0.2724810540676117
0.2849404215812683
0.29685807228088373
0.31419286131858826
0.3266522288322449
0.2843987047672272
0.3011917769908905
0.31906825304031367
0.30173346400260925
0.3380281627178192
0.37865656614303594
0.37215602397918707
0.3965330421924591
0.3640303313732147
0.38353195786476135
0.3488624095916748
0.3374864459037781
0.40465873479843134
0.37107259035110474
0.4252437651157379
0.41061756014823914
0.3949079215526581
0.39274105429649353
0.34127843379974365
0.34019502997398376
0.3320693373680115
0.28114843368530273
0.2930660843849182
0.2491874396800995
0.23889490962028503
0.17388948798179626
0.15709643065929413
0.19609966874122617
0.13976164162158966
0.17226435244083405
0.08938244730234146
0.10725893825292589
0.038461539894342416
0.0
0.3239436745643616
0.7990249395370483
0.9089924097061155
0.5985915660858153
0.21830986440181727
0.27573132514953613
0.27464789152145386
0.16034670174121857
0.20693391561508176
0.18526543676853177
0.24214518070220947
0.1966413855552673
0.2264355421066284
0.25785481929779047
0.2546045482158661
0.3163596987724304
0.3082340061664581
0.30444204807281494
0.3353196084499359
0.30985915660858154
0.3293607831001282
0.31527626514434814
0.2984831929206848
0.32611051201820374
0.3066088855266571
0.3001083433628082
0.29685807228088373
0.2952329218387604
0.2589382529258728
0.2524377107620239
0.2843987047672272
0.27898159623146057
0.2616468071937561
0.29089924693107605
0.2843987047672272
0.30281689763069153
0.26760563254356384
0.27735644578933716
0.28656554222106934
0.2914409637451172
0.3093174397945404
0.2627302408218384
0.2524377107620239
0.2806067168712616
0.23618635535240173
0.29794150590896606
0.3076923191547394
0.3228602409362793
0.38353195786476135
0.358071506023407
0.37215602397918707
0.320151686668396
0.3239436745643616
0.29685807228088373
0.29739978909492487
0.0
0.0
0.0
0.0
0.0
0.0
0.0
0.0
0.0
0.0
0.0
