0.9947820901870728
0.9815837740898131
0.807857573032379
0.6184775829315186
0.38152241706848145
0.2093308717012405
0.12430939078330992
0.0985267013311386
0.10006138682365416
0.09300184249877928
0.11172498762607574
0.08471454679965973
0.09177409112453459
0.08686310797929764
0.08410067856311798
0.07857581228017807
0.08655616641044615
0.07305095344781876
0.07458563894033432
0.059238795191049576
0.04327808320522308
0.043585021048784256
0.02823818288743496
0.034069981426000595
0.015039902180433272
0.006752608809620142
0.0
0.009821976535022257
0.01964395307004452
0.031921423971652985
0.046654388308525085
0.07765500247478485
0.08747697621583937
0.1212400272488594
0.15438920259475708
0.17280539870262146
0.1869244873523712
0.18446899950504303
0.18139962852001193
0.17771638929843903
0.1801718771457672
0.16144874691963196
0.16022099554538727
0.15807244181632996
0.15285451710224152
0.1565377563238144
0.15807244181632996
0.15346838533878326
0.1700429767370224
0.16482505202293396
0.1688152253627777
0.16973602771759033
0.1620626151561737
0.1666666716337204
0.15899324417114255
0.15776550769805908
0.15438920259475708
0.15684469044208527
0.14825046062469482
0.15162676572799683
0.1531614512205124
0.14027009904384613
0.14241866767406464
0.14456722140312195
0.15776550769805908
0.1632903665304184
0.16298343241214752
0.15776550769805908
0.16574585437774658
0.15776550769805908
0.15776550769805908
0.1470227092504501
0.1531614512205124
0.15960712730884552
0.1586863100528717
0.1666666716337204
0.15438920259475708
0.15715162456035614
0.16175568103790283
0.1645181030035019
0.16236954927444458
0.16574585437774658
0.16820135712623596
0.17526090145111084
0.17434008419513702
0.17434008419513702
0.1798649430274963
0.17127071321010587
0.1850828677415848
0.18416206538677213
0.18631061911582944
0.19582566618919367
0.18293431401252744
0.20656844973564148
0.2062615156173706
0.20779620110988617
0.20012277364730835
0.19920197129249567
0.1918354779481888
0.17740945518016815
0.1731123328208923
0.17863720655441284
0.17802332341670987
0.18723143637180328
0.1767955869436264
0.1856967508792877
0.1823204457759857
0.16022099554538727
0.1700429767370224
0.1764886379241943
0.17526090145111084
0.1801718771457672
0.17065684497356415
0.1767955869436264
0.16789440810680387
0.16942909359931943
0.17894414067268372
0.17096377909183502
0.19766728579998016
0.18723143637180328
0.21086555719375608
0.32381829619407654
0.3775322139263153
0.5089011788368225
0.6777163743972777
0.8585021495819091
1.0
0.924186646938324
0.7642725706100464
0.556476354598999
0.4069981575012207
0.2860650718212128
