1.0
0.7201613187789917
0.2798387110233307
0.03870967775583267
0.017741935327649117
0.17983871698379517
0.25725805759429926
0.31612902879714966
0.26693549752235407
0.2911290228366852
0.301612913608551
0.2750000059604645
0.3419354856014252
0.3000000119209289
0.3427419364452362
0.35483869910240173
0.31935483217239374
0.39193549752235407
0.35241934657096863
0.3983871042728424
0.43064516782760626
0.4153225719928741
0.4919354915618896
0.4749999940395355
0.5395161509513855
0.5951613187789917
0.600806474685669
0.6895161271095276
0.6951612830162048
0.7298387289047241
0.7379032373428344
0.6895161271095276
0.7153225541114807
0.6209677457809448
0.5846773982048035
0.5274193286895752
0.4201612770557404
0.4298387169837952
0.3516128957271576
0.33145162463188166
0.33709678053855896
0.2733871042728424
0.33709678053855896
0.2774193584918976
0.28629031777381897
0.29435482621192927
0.24516129493713376
0.301612913608551
0.26290321350097656
0.26935485005378723
0.28064516186714167
0.22741936147212985
0.29032257199287415
0.23709677159786224
0.24435484409332275
0.2620967626571655
0.21935483813285828
0.27419355511665344
0.2266129106283188
0.2403225749731064
0.2564516067504883
0.21290323138237
0.27419355511665344
0.23145161569118497
0.23548386991024017
0.25080645084381104
0.20483870804309845
0.27177420258522034
0.23548386991024017
0.2661290466785431
0.375
0.3596774339675904
0.412903219461441
0.36854839324951166
0.3774193525314331
0.3612903356552124
0.26451611518859863
0.32499998807907104
0.2830645143985748
0.24758064746856687
0.24838709831237793
0.2016129046678543
0.2411290258169174
0.20967741310596463
0.21209678053855896
0.24677419662475583
0.18225806951522827
0.21854838728904724
0.2661290466785431
0.33467742800712585
0.41048386693000793
0.9750000238418579
0.48548388481140137
0.11290322244167328
0.0
0.12338709831237792
0.20806451141834256
0.2983871102333069
0.25725805759429926
0.2540322542190552
0.29516127705574036
0.2540322542190552
0.30725806951522827
0.28629031777381897
0.28145161271095276
0.3419354856014252
0.2911290228366852
0.3516128957271576
0.3516128957271576
0.0
0.0
0.0
0.0
0.0
0.0
0.0
0.0
0.0
0.0
0.0
0.0
0.0
0.0
0.0
0.0
0.0
0.0
0.0
0.0
0.0
0.0
0.0
