1.0
0.6943255066871643
0.15471091866493225
0.0
0.11241970211267471
0.08511777222156525
0.06691648811101913
0.1043897196650505
0.11777301877737044
0.1365096420049667
0.13383297622203827
0.12473233044147491
0.15845824778079987
0.1477515995502472
0.16274090111255643
0.15792290866374967
0.13865096867084503
0.16970022022724152
0.16434688866138458
0.17558886110782623
0.17558886110782623
0.1611348986625671
0.20342612266540527
0.19539614021778104
0.21199142932891843
0.21359743177890775
0.21199142932891843
0.25428265333175654
0.2414346933364868
0.26124197244644165
0.26017129421234125
0.25
0.27997857332229614
0.26766595244407654
0.2714132666587829
0.2596359848976135
0.2301927208900452
0.25535333156585693
0.22805139422416687
0.229122057557106
0.21520341932773593
0.19914346933364868
0.23501071333885193
0.20770877599716184
0.2194860875606537
0.20342612266540527
0.18897216022014615
0.22483940422534943
0.20770877599716184
0.2168094217777252
0.20289079844951627
0.18308350443840024
0.21895074844360352
0.1921841502189636
0.21092076599597928
0.20235545933246607
0.18950749933719635
0.22323340177536008
0.20663811266422272
0.21199142932891843
0.21359743177890775
0.19004282355308527
0.22376874089241028
0.20770877599716184
0.21252676844596863
0.2061027884483337
0.18736617267131803
0.2194860875606537
0.20289079844951627
0.2168094217777252
0.221627414226532
0.2044967859983444
0.25
0.24089935421943665
0.24464668333530423
0.23501071333885193
0.22002141177654264
0.25321200489997864
0.20182013511657715
0.16970022022724152
0.16059957444667816
0.15631692111492157
0.2061027884483337
0.17826552689075467
0.18147751688957212
0.16541755199432373
0.15524625778198242
0.27997857332229614
0.4266595244407654
0.5770878195762633
0.6953961253166199
0.9561027884483336
0.8254817724227905
0.22698073089122767
0.03104924969375133
0.0
0.0
0.0
0.0
0.0
0.0
0.0
0.0
0.0
0.0
0.0
0.0
0.0
0.0
0.0
0.0
0.0
0.0
0.0
0.0
0.0
0.0
0.0
0.0
0.0
0.0
0.0
0.0
0.0
0.0
0.0
0.0
0.0
0.0
0.0
0.0
0.0
