1.0
0.9659498333930968
0.212365597486496
0.0
0.2777777910232544
0.5340501666069031
0.5645161271095276
0.5851254463195801
0.5672042965888977
0.5752688050270081
0.5887096524238585
0.5761649012565613
0.5985662937164307
0.5689964294433594
0.5815412402153015
0.592293918132782
0.5806451439857483
0.5878136157989502
0.5887096524238585
0.5896057486534119
0.5949820876121521
0.5949820876121521
0.6379928588867188
0.6218637824058533
0.6424731016159058
0.6863799095153809
0.6711469292640686
0.732974886894226
0.762544810771942
0.7795698642730714
0.8207885026931762
0.8297491073608398
0.8548387289047241
0.8342294096946716
0.853942632675171
0.8521505594253539
0.8100358247756958
0.7840501666069031
0.7338709831237794
0.7195340394973755
0.7043010592460632
0.6523297429084778
0.6648745536804199
0.6487455368041992
0.6218637824058533
0.6263440847396851
0.6200717091560364
0.6236559152603148
0.6146953701972961
0.6102150678634644
0.5913978219032288
0.5797491073608398
0.5905017852783203
0.5707885026931763
0.5573476552963257
0.5887096524238585
0.5492831468582153
0.5806451439857483
0.5627239942550659
0.5474910140037537
0.5689964294433594
0.5618279576301575
0.5663082599639893
0.5681003332138062
0.5698924660682678
0.5546594858169556
0.5286738276481628
0.5698924660682678
0.5474910140037537
0.5636200904846193
0.5743727684020996
0.5394265055656433
0.5752688050270081
0.5564516186714172
0.5439068078994751
0.5528674125671387
0.5322580933570862
0.565412163734436
0.5627239942550659
0.5564516186714172
0.5573476552963257
0.5340501666069031
0.58243727684021
0.5636200904846193
0.5331541299819945
0.551075279712677
0.5358422994613647
0.5743727684020996
0.5698924660682678
0.5913978219032288
0.6182795763015747
0.6218637824058533
0.6711469292640686
0.6917562484741211
0.7356630563735963
0.7580645084381102
0.6962365508079529
0.7213261723518372
0.6362007260322571
0.6191756129264832
0.5689964294433594
0.509856641292572
0.5215053558349608
0.0
0.0
0.0
0.0
0.0
0.0
0.0
0.0
0.0
0.0
0.0
0.0
0.0
0.0
0.0
0.0
0.0
0.0
0.0
0.0
0.0
0.0
0.0
0.0
0.0
0.0
0.0
0.0
0.0
