0.9488926529884337
1.0
0.9931856989860535
0.8943781852722168
0.7904599905014038
0.676320254802704
0.550255537033081
0.44463372230529785
0.3049403727054596
0.18057921528816223
0.17035774886608124
0.12947189807891843
0.06132879108190536
0.04940374940633774
0.09880749881267549
0.056218057870864875
0.05110732465982437
0.0
0.0579216368496418
0.07325383275747299
0.08347529917955399
0.1056218072772026
0.12947189807891843
0.1311754733324051
0.19761499762535092
0.2197615057229996
0.2316865473985672
0.20272572338581085
0.20783644914627075
0.23509369790554047
0.21805791556835172
0.23850084841251373
0.25894379615783686
0.24872231483459473
0.2112436145544052
0.21805791556835172
0.22316865622997284
0.22998295724391937
0.18909710645675656
0.22657580673694608
0.23850084841251373
0.24190801382064817
0.2197615057229996
0.22657580673694608
0.22316865622997284
0.19591140747070312
0.17717206478118896
0.20442929863929749
0.15502555668354034
0.13798977434635162
0.17035774886608124
0.12265758216381072
0.10902895778417589
0.126064732670784
0.13798977434635162
0.15672913193702695
0.1908006817102432
0.3219761550426483
0.4633730947971344
0.4463373124599457
0.4889267385005951
0.5025553703308105
0.4156728982925415
0.3100511133670807
0.0
0.0
0.0
0.0
0.0
0.0
0.0
0.0
0.0
0.0
0.0
0.0
0.0
0.0
0.0
0.0
0.0
0.0
0.0
0.0
0.0
0.0
0.0
0.0
0.0
0.0
0.0
0.0
0.0
0.0
0.0
0.0
0.0
0.0
0.0
0.0
0.0
0.0
0.0
0.0
0.0
0.0
0.0
0.0
0.0
0.0
0.0
0.0
0.0
0.0
0.0
0.0
0.0
0.0
0.0
0.0
0.0
0.0
0.0
0.0
0.0
0.0
0.0
0.0
0.0
0.0
0.0
0.0
