1.0
0.29670625925064087
0.07532397657632828
0.07721382379531859
0.10637149214744568
0.1233801320195198
0.11420086026191711
0.12122030556201933
0.10718142241239548
0.11474081873893736
0.10124190151691435
0.09368250519037247
0.10016198456287384
0.09179265797138214
0.09449244290590286
0.09800215810537338
0.0907127410173416
0.10151188075542449
0.10016198456287384
0.10124190151691435
0.10475161671638487
0.1074514016509056
0.1258099377155304
0.12607991695404053
0.138498917222023
0.14443844556808472
0.1546976268291473
0.1779157668352127
0.1838552951812744
0.1960043162107468
0.19546435773372647
0.20113390684127808
0.2197624146938324
0.21166306734085083
0.1989740878343582
0.2035637199878693
0.1997840106487274
0.20329374074935916
0.20005398988723755
0.19951404631137848
0.19492439925670624
0.18034556508064273
0.19573433697223663
0.1897948235273361
0.18439525365829468
0.1903347671031952
0.17764578759670255
0.18439525365829468
0.17224621772766113
0.17575593292713165
0.16981641948223114
0.16738660633563995
0.1814254820346832
0.17332613468170166
0.17089632153511047
0.16711662709712982
0.15955723822116852
0.17224621772766113
0.1714362800121307
0.17413607239723203
0.1970842331647873
0.20896328985691073
0.2308315336704254
0.22948163747787476
0.22354212403297424
0.22921165823936465
0.20734341442584991
0.21112310886383057
0.17224621772766113
0.17683584988117218
0.1528077721595764
0.1744060516357422
0.16630668938159943
0.1452483832836151
0.16657666862010956
0.1484881192445755
0.15739740431308746
0.15145787596702576
0.1563174873590469
0.14821814000606537
0.13444924354553223
0.07397408038377763
0.0
0.0043196543119847775
0.3636609017848969
0.8963282704353331
0.7497300505638121
0.14740820229053497
0.031587474048137665
0.06803455948829651
0.08693304657936096
0.08855291455984116
0.0907127410173416
0.0939524844288826
0.08909287303686142
0.08963283151388168
0.08207343518733978
0.08018358796834946
0.07721382379531859
0.07721382379531859
0.08045356720685959
0.0553455725312233
0.08207343518733978
0.0
0.0
0.0
0.0
0.0
0.0
0.0
0.0
0.0
0.0
0.0
0.0
0.0
0.0
0.0
0.0
0.0
0.0
0.0
0.0
0.0
0.0
0.0
0.0
0.0
0.0
0.0
0.0
0.0
