1.0
0.5901398062705994
0.008094186894595623
0.0
0.07064017653465271
0.23031641542911527
0.206033855676651
0.19867549836635587
0.23031641542911527
0.2465047836303711
0.23473142087459564
0.2428256124258041
0.22810889780521393
0.24356144666671753
0.26784399151802063
0.24724061787128448
0.27225902676582336
0.288447380065918
0.30169242620468134
0.30169242620468134
0.3355408310890198
0.3473142087459564
0.3892568051815033
0.4039735198020935
0.44812363386154175
0.4974245727062225
0.5231788158416748
0.5584989190101624
0.5776306390762329
0.6122148633003235
0.5813097953796387
0.5842531323432921
0.571743905544281
0.540103018283844
0.4981604218482971
0.46357616782188416
0.44812363386154175
0.40765267610549927
0.3568800687789917
0.37527593970298767
0.33774834871292114
0.35246503353118896
0.3473142087459564
0.3428992033004761
0.3789551258087158
0.3944076597690582
0.3657100796699524
0.3642384111881256
0.3782192766666412
0.3789551258087158
0.3693892657756805
0.3936718106269837
0.40029433369636536
0.4105960130691528
0.4047093391418457
0.4289919137954712
0.4135393798351288
0.40838852524757385
0.4186902046203613
0.4135393798351288
0.4025018513202667
0.4135393798351288
0.4091243445873261
0.4017660021781921
0.42089772224426264
0.4679911732673645
0.49153789877891535
0.4900662302970886
0.5408388376235962
0.5158204436302185
0.4900662302970886
0.5827814340591431
0.5437821745872498
0.478292852640152
0.43267107009887695
0.37674760818481445
0.35982340574264526
0.3392200171947479
0.3406916856765747
0.3348050117492676
0.3590875566005707
0.3546725511550904
0.4245769083499909
0.5967622995376587
0.9264164566993712
0.994849145412445
0.25901398062705994
0.11037527769804
0.14422369003295898
0.3024282455444336
0.3428992033004761
0.3421633541584015
0.34584254026412964
0.366445928812027
0.3818984627723694
0.3671817481517792
0.3855776190757752
0.398086816072464
0.3723326027393341
0.39220014214515686
0.4135393798351288
0.4039735198020935
0.0
0.0
0.0
0.0
0.0
0.0
0.0
0.0
0.0
0.0
0.0
0.0
0.0
0.0
0.0
0.0
0.0
0.0
0.0
0.0
0.0
0.0
0.0
0.0
0.0
0.0
0.0
0.0
0.0
0.0
