1.0
0.8782258033752441
0.39032256603240967
0.22741936147212985
0.08709677308797836
0.005645161494612694
0.04274193570017815
0.01532258093357086
0.016129031777381897
0.03951612859964371
0.001612903201021254
0.04274193570017815
0.0
0.008064515888690947
0.05967741832137108
0.004032257944345473
0.06129032373428345
0.03951612859964371
0.036290321499109275
0.07338709384202957
0.05080645158886909
0.06774193793535233
0.0556451603770256
0.07258064299821852
0.09838709980249406
0.06290322542190552
0.09596773982048033
0.08387096971273422
0.08709677308797836
0.08064515888690947
0.07500000298023222
0.08467742055654524
0.06532257795333862
0.05806451663374901
0.10564516484737396
0.08306451886892319
0.13306452333927155
0.13225805759429932
0.15241935849189758
0.2032258063554764
0.18145161867141724
0.2016129046678543
0.16935484111309052
0.1604838669300079
0.18629032373428345
0.16129031777381897
0.17983871698379517
0.11532258242368698
0.13548387587070465
0.16935484111309052
0.13225805759429932
0.15564516186714172
0.13387097418308258
0.13306452333927155
0.1653225868940353
0.13225805759429932
0.1645161360502243
0.1459677368402481
0.1483870893716812
0.18145161867141724
0.12822580337524414
0.1483870893716812
0.11209677159786224
0.13225805759429932
0.1483870893716812
0.116129033267498
0.15161290764808655
0.10322580486536026
0.11048386991024016
0.12419354915618896
0.0717741921544075
0.11290322244167328
0.08387096971273422
0.10483870655298232
0.10967741906642912
0.08870967477560043
0.09112903475761411
0.07903225719928741
0.06370967626571655
0.07661290466785432
0.06451612710952759
0.09354838728904723
0.045967742800712585
0.06129032373428345
0.09677419066429138
0.06532257795333862
0.20483870804309845
0.18629032373428345
0.23387096822261808
0.2911290228366852
0.26290321350097656
0.28790321946144104
0.230645164847374
0.20806451141834256
0.18145161867141724
0.10403225570917128
0.10967741906642912
0.047580644488334656
0.04435483738780022
0.07661290466785432
0.02661290392279625
0.060483869165182114
0.03145161271095276
0.15967741608619687
0.2911290228366852
0.5
0.8693548440933228
0.9911290407180786
0.7096773982048035
0.3830645084381104
0.13709677755832672
0.10967741906642912
0.04112903401255608
0.06129032373428345
0.07903225719928741
0.03870967775583267
0.05645161122083664
0.013709677383303642
0.03145161271095276
0.02258064597845077
0.010483871214091776
0.05806451663374901
0.010483871214091776
0.013709677383303642
0.03306451439857483
0.008870967663824558
0.05887096747756004
0.01854838617146015
0.0
0.0
0.0
0.0
