1.0
0.602625846862793
0.4157549142837525
0.2214442044496536
0.17264769971370697
0.08424507826566696
0.06258205324411392
0.06477024406194687
0.06827133148908615
0.06477024406194687
0.05754923447966576
0.0617067851126194
0.051641136407852166
0.05229759216308594
0.061487965285778046
0.048577681183815
0.055361051112413406
0.05711159855127335
0.058862145990133286
0.06126914545893669
0.05645514279603958
0.05229759216308594
0.05120350047945976
0.059080962091684334
0.06105032935738564
0.05579868704080582
0.05448577553033829
0.050547044724226
0.05229759216308594
0.05667395889759064
0.05667395889759064
0.0573304146528244
0.06323850899934769
0.06017505377531052
0.07308533787727357
0.07592997699975966
0.08183807134628295
0.09409190714359283
0.10021881759166716
0.10700219124555588
0.11159737408161163
0.10765864700078964
0.10678336769342422
0.10371991246938704
0.101094089448452
0.09321662783622739
0.10306345671415328
0.10634573549032213
0.10612691193819046
0.10809627920389175
0.1015317291021347
0.10481400787830351
0.10765864700078964
0.10503282397985458
0.10919037461280821
0.11006564646959303
0.1131291016936302
0.10809627920389175
0.09781181812286377
0.10328227281570435
0.08905908465385437
0.08949671685695648
0.0903719887137413
0.08905908465385437
0.08380743861198425
0.07658643275499344
0.08205689489841461
0.07702407240867615
0.08205689489841461
0.1194748356938362
0.14420130848884583
0.1273522973060608
0.1194748356938362
0.13369803130626678
0.13282275199890137
0.1185995638370514
0.11247264593839644
0.11487965285778044
0.09978117793798447
0.08008752763271332
0.06827133148908615
0.05689277872443199
0.0461706779897213
0.04507658630609512
0.05754923447966576
0.05120350047945976
0.05667395889759064
0.04792122542858124
0.0
0.01925601810216904
0.24660831689834595
0.6240700483322144
0.9575492143630979
0.5894967317581177
0.46061268448829645
0.2452954053878784
0.18577679991722104
0.09978117793798447
0.04442013055086136
0.050109408795833595
0.030634572729468346
0.03522976115345955
0.035010941326618195
0.03654266893863677
0.031947482377290726
0.024507658556103703
0.02822757139801979
0.0308533925563097
0.0308533925563097
0.03347921371459961
0.0
0.0
0.0
0.0
0.0
0.0
0.0
0.0
0.0
0.0
0.0
0.0
0.0
0.0
0.0
0.0
0.0
0.0
0.0
0.0
0.0
0.0
