0.9866488575935363
0.8317757248878478
0.5861148238182068
0.5073431134223938
0.41655540466308594
0.3724966645240784
0.22563417255878448
0.058744993060827255
0.06675567477941513
0.02403204329311848
0.05206942558288574
0.06675567477941513
0.033377837389707565
0.08010680973529814
0.04405874386429787
0.0640854462981224
0.17623497545719147
0.11615487188100813
0.0894526019692421
0.06942590326070786
0.08678237348794937
0.1214953288435936
0.058744993060827255
0.08411215245723724
0.0
0.037383176386356354
0.006675567477941513
0.04939919710159302
0.09879839420318605
0.11081442236900328
0.06675567477941513
0.1468624770641327
0.1495327055454254
0.21895861625671384
0.18825100362300873
0.21895861625671384
0.23765020072460172
0.17222963273525238
0.23765020072460172
0.16154873371124268
0.1748998612165451
0.30173563957214355
0.385847806930542
0.49532711505889887
0.4539385735988617
0.5660881400108337
0.6889185309410095
0.6061415076255798
0.8931909203529358
0.7676902413368225
0.6234980225563049
0.52336448431015
0.2710280418395996
0.21762350201606753
0.08010680973529814
0.11081442236900328
0.1214953288435936
0.11882510036230089
0.1575433909893036
0.05206942558288574
0.0040053403936326495
0.08144192397594453
0.19092123210430145
0.6835781335830688
0.712950587272644
0.46595460176467896
0.34846460819244385
0.7289719581604005
1.0
0.8050734400749207
0.5727636814117432
0.4218958616256714
0.3511348366737366
0.39786380529403687
0.14152203500270844
0.08277703821659088
0.12416555732488632
0.04939919710159302
0.07610146701335907
0.08277703821659088
0.03871829062700272
0.0
0.0
0.0
0.0
0.0
0.0
0.0
0.0
0.0
0.0
0.0
0.0
0.0
0.0
0.0
0.0
0.0
0.0
0.0
0.0
0.0
0.0
0.0
0.0
0.0
0.0
0.0
0.0
0.0
0.0
0.0
0.0
0.0
0.0
0.0
0.0
0.0
0.0
0.0
0.0
0.0
0.0
0.0
0.0
0.0
0.0
0.0
0.0
0.0
0.0
0.0
