0.8128231763839722
0.4008962512016296
0.0896242707967758
0.03447087109088898
0.0
0.038262668997049325
0.056876938790082925
0.07307825237512589
0.08376421779394148
0.0758359208703041
0.08445363491773605
0.08721130341291428
0.07928300648927689
0.11030679196119308
0.11065150052309036
0.10031023621559144
0.10272319614887236
0.11685625463724136
0.1240951418876648
0.1254739761352539
0.14477765560150146
0.1575318872928619
0.16477076709270477
0.17476731538772583
0.20820406079292297
0.21889004111289975
0.22716304659843445
0.2557738721370697
0.26611512899398804
0.2947259545326233
0.2961047887802124
0.29713892936706543
0.32161322236061096
0.3223026394844055
0.3136849403381348
0.2974836230278015
0.2802481949329376
0.24060668051242828
0.22199241816997528
0.18683212995529172
0.17442260682582855
0.167528435587883
0.16925197839736938
0.16442605853080747
0.14477765560150146
0.1513271331787109
0.13960702717304227
0.15098242461681363
0.155118927359581
0.14994829893112183
0.15822130441665647
0.15270596742630005
0.1799379587173462
0.17614614963531494
0.18338504433631897
0.18579800426959991
0.1764908581972122
0.19476042687892917
0.20820406079292297
0.20544639229774475
0.2092381864786148
0.19751809537410736
0.20234401524066925
0.2044122666120529
0.20682522654533383
0.19993105530738833
0.19958634674549103
0.19958634674549103
0.20165459811687467
0.20854876935482025
0.205791100859642
0.20406755805015564
0.20337814092636108
0.205791100859642
0.20165459811687467
0.2075146436691284
0.19786280393600464
0.2144088298082352
0.21751120686531064
0.22130300104618073
0.22475008666515353
0.23647017776966092
0.23129954934120175
0.27025163173675537
0.28921061754226685
0.2840399742126465
0.2730093002319336
0.30024129152297974
0.27990347146987915
0.2895553112030029
0.2709410488605499
0.27231988310813904
0.25232678651809687
0.23474663496017456
0.20234401524066925
0.21751120686531064
0.21716649830341336
0.2137194126844406
0.2268183380365372
0.22819717228412628
0.21716649830341336
0.22095829248428345
0.2292312979698181
0.23440192639827728
0.23474663496017456
0.2481902837753296
0.40572217106819153
0.5280937552452089
0.8069631457328796
1.0
0.7256118655204773
0.348500519990921
0.24129609763622284
0.19441571831703183
0.21923474967479703
0.2385384291410446
0.25646328926086426
0.26094451546669006
0.2637021839618683
0.2681833803653717
0.2681833803653717
0.2712857723236084
0.2747328579425812
0.27886936068534846
0.2747328579425812
0.27680110931396484
0.28128230571746826
0.2992071807384491
0.30368837714195246
0.30162012577056885
0.31644260883331293
0.3174767196178436
