0.9679072499275208
0.9946062564849852
0.7513484358787536
0.6340345144271851
0.0
0.059331174939870834
0.055016182363033295
0.5844120979309082
0.642125129699707
0.6612729430198668
0.6690938472747803
0.659385085105896
0.6877022385597229
0.6839266419410706
0.6680151224136353
0.6866235136985779
0.6922869682312012
0.6895900964736937
0.7041531801223755
0.6976807117462158
0.7187162637710571
0.7009169459342957
0.7195253372192383
0.7135922312736511
0.7402912378311157
0.7359762787818909
0.7057713270187378
0.7063106894493103
0.6793419718742371
0.6774541735649109
0.6809600591659546
0.6814994812011719
0.666396975517273
0.6817691326141356
0.6628910303115845
0.6817691326141356
0.6690938472747803
0.6680151224136353
0.6631607413291931
0.6415857672691345
0.6423948407173157
0.671521008014679
0.7165588140487671
0.7400215864181519
0.7340884804725648
0.7281553149223327
0.7335490584373474
0.741909384727478
0.7384034395217894
0.7432578206062317
0.736785352230072
0.7384034395217894
0.7181769013404846
0.7319309711456298
0.7888349294662476
0.8683926463127136
1.0
0.9031823277473447
0.6809600591659546
0.12055016309022903
0.035059332847595215
0.598705530166626
0.6092233061790465
0.6761057376861572
0.7052319049835205
0.7276159524917601
0.7192556858062744
0.7386731505393982
0.7343581318855285
0.0
0.0
0.0
0.0
0.0
0.0
0.0
0.0
0.0
0.0
0.0
0.0
0.0
0.0
0.0
0.0
0.0
0.0
0.0
0.0
0.0
0.0
0.0
0.0
0.0
0.0
0.0
0.0
0.0
0.0
0.0
0.0
0.0
0.0
0.0
0.0
0.0
0.0
0.0
0.0
0.0
0.0
0.0
0.0
0.0
0.0
0.0
0.0
0.0
0.0
0.0
0.0
0.0
0.0
0.0
0.0
0.0
0.0
0.0
0.0
0.0
0.0
0.0
