0.9546792507171632
1.0
0.5879929661750793
0.1112419068813324
0.0011771629797294736
0.05709240585565567
0.08593290299177171
0.2466156631708145
0.31135961413383484
0.34608593583106995
0.3496174216270447
0.3884637951850891
0.3437316119670868
0.3761035799980164
0.394938200712204
0.4149499833583832
0.41082990169525146
0.3837551474571228
0.40435549616813654
0.41436138749122614
0.4337845742702484
0.45673924684524536
0.44437903165817266
0.4802825152873993
0.4596821665763855
0.474985271692276
0.4396703839302063
0.4449676275253296
0.4061212539672852
0.3825779855251312
0.3643319606781006
0.36845204234123224
0.3172454237937927
0.33195996284484863
0.3278399109840393
0.34549733996391296
0.34196585416793823
0.34549733996391296
0.435550332069397
0.41200706362724304
0.39729252457618713
0.4273101687431336
0.43790465593338007
0.44437903165817266
0.41141846776008606
0.4361388981342316
0.4773396253585816
0.5197174549102783
0.47910535335540766
0.5026485919952393
0.5244261622428894
0.5809299349784851
0.5685697197914124
0.5985873937606812
0.6580341458320618
0.6303707957267761
0.6297821998596193
0.6798116564750671
0.6197763681411743
0.5426721572875977
0.4997057020664215
0.4702766239643097
0.48145967721939087
0.4420247077941895
0.39022955298423767
0.3814008235931397
0.36197763681411743
0.354914665222168
0.30017656087875366
0.36962920427322393
0.3843437433242798
0.3037080764770508
0.34549733996391296
0.37728074193000793
0.47145378589630127
0.8004708886146545
0.06945262104272841
0.8045909404754639
0.3278399109840393
0.0
0.015303119085729122
0.12419070303440093
0.16539140045642853
0.2989993989467621
0.0
0.0
0.0
0.0
0.0
0.0
0.0
0.0
0.0
0.0
0.0
0.0
0.0
0.0
0.0
0.0
0.0
0.0
0.0
0.0
0.0
0.0
0.0
0.0
0.0
0.0
0.0
0.0
0.0
0.0
0.0
0.0
0.0
0.0
0.0
0.0
0.0
0.0
0.0
0.0
0.0
0.0
0.0
0.0
0.0
0.0
0.0
0.0
