0.9722222089767456
0.7791666388511658
0.7513889074325562
0.737500011920929
0.5736111402511597
0.512499988079071
0.5111111402511597
0.49444442987442017
0.519444465637207
0.5249999761581421
0.6041666865348816
0.769444465637207
0.7236111164093018
1.0
0.7361111044883728
0.22638888657093048
0.12083332985639572
0.1111111119389534
0.2986111044883728
0.35277777910232544
0.3166666626930237
0.3375000059604645
0.3486111164093017
0.3402777910232544
0.31111112236976624
0.3055555522441864
0.31388887763023376
0.2847222089767456
0.2430555522441864
0.24166665971279144
0.25138887763023376
0.23472222685813904
0.2291666716337204
0.21388888359069824
0.20694445073604584
0.24861110746860504
0.2222222238779068
0.18333333730697632
0.2291666716337204
0.19861111044883728
0.17083333432674408
0.1111111119389534
0.04305555671453476
0.026388889178633686
0.011111111380159853
0.0
0.03611111268401146
0.01666666753590107
0.12638889253139496
0.1597222238779068
0.20555555820465088
0.1736111044883728
0.17083333432674408
0.19722221791744232
0.24444444477558133
0.18194444477558133
0.13750000298023224
0.0944444462656975
0.13611111044883728
0.1527777761220932
0.14027777314186096
0.16527777910232544
0.12361110746860504
0.17499999701976776
0.19027778506278992
0.1458333283662796
0.15555556118488312
0.13333334028720856
0.1111111119389534
0.1180555522441864
0.1597222238779068
0.13750000298023224
0.10000000149011612
0.11527777463197708
0.0347222238779068
0.08055555820465088
0.07361111044883728
0.10833333432674408
0.1458333283662796
0.16527777910232544
0.23472222685813904
0.18194444477558133
0.2638888955116272
0.42500001192092896
0.0
0.0
0.0
0.0
0.0
0.0
0.0
0.0
0.0
0.0
0.0
0.0
0.0
0.0
0.0
0.0
0.0
0.0
0.0
0.0
0.0
0.0
0.0
0.0
0.0
0.0
0.0
0.0
0.0
0.0
0.0
0.0
0.0
0.0
0.0
0.0
0.0
0.0
0.0
0.0
0.0
0.0
0.0
0.0
0.0
0.0
0.0
0.0
