0.9598740935325623
1.0
0.8371360898017883
0.5460267663002014
0.3115656971931457
0.2730133831501007
0.21793863177299497
0.19433516263961792
0.1872541308403015
0.1573564112186432
0.1180173084139824
0.08654602617025374
0.09834776073694228
0.09441384673118591
0.12745869159698486
0.0928402841091156
0.0928402841091156
0.10857592523097992
0.07946498692035675
0.09834776073694228
0.09598740935325623
0.10464201122522354
0.10149488598108292
0.05192761495709419
0.07553108036518097
0.0535011813044548
0.06058222055435181
0.05428796261548996
0.02360346168279648
0.02281668037176132
0.028324155136942863
0.016522422432899475
0.022029897198081017
0.014948858879506588
0.0
0.02281668037176132
0.006294256541877985
0.06215578317642212
0.0660896897315979
0.08969315141439436
0.07081038504838943
0.10542879253625868
0.08969315141439436
0.0802517682313919
0.1211644411087036
0.07946498692035675
0.05035405233502388
0.06766325980424881
0.03068450093269348
0.06766325980424881
0.05586152523756027
0.05428796261548996
0.04563336074352264
0.02360346168279648
0.029897717759013172
0.02753737196326256
0.04563336074352264
0.04720692336559296
0.05822187289595604
0.11014948785305025
0.1463414579629898
0.09520062804222107
0.1195908710360527
0.16679780185222623
0.15027537941932678
0.13611330091953275
0.1211644411087036
0.14240755140781403
0.09756097197532652
0.0660896897315979
0.05192761495709419
0.07159716635942459
0.05586152523756027
0.04563336074352264
0.06687647849321365
0.04484657570719719
0.06451612710952759
0.09047994017601012
0.12431156635284424
0.38945710659027094
0.6184107065200806
0.6341463327407837
0.8363493084907532
0.8937844038009644
0.9095200896263121
0.8945711851119995
0.5633359551429749
0.26514554023742676
0.16129031777381897
0.11329662054777144
0.1306058168411255
0.1376868635416031
0.08103854954242705
0.06372934579849243
0.05035405233502388
0.04091266542673111
0.029110936447978016
0.04563336074352264
0.02517702616751194
0.07159716635942459
0.03461841121315956
0.0
0.0
0.0
0.0
0.0
0.0
0.0
0.0
0.0
0.0
0.0
0.0
0.0
0.0
0.0
0.0
0.0
0.0
0.0
0.0
0.0
0.0
0.0
0.0
0.0
0.0
0.0
0.0
0.0
0.0
0.0
