0.9956855177879331
0.8149568438529968
0.6452540755271912
0.4419942498207092
0.37200382351875305
0.3207094967365265
0.3044103682041168
0.25743049383163447
0.2909875214099884
0.2770853340625763
0.26749759912490845
0.29434323310852045
0.27996164560318
0.2909875214099884
0.26893576979637146
0.2871524393558502
0.29146692156791687
0.26941514015197754
0.29146692156791687
0.26941514015197754
0.27468839287757874
0.27277085185050964
0.2612655758857727
0.2708533108234405
0.2598274350166321
0.23873442411422727
0.21716202795505524
0.18600191175937647
0.17114093899726868
0.13998082280158997
0.09539788961410521
0.07670181989669798
0.04602109268307686
0.011505273170769215
0.0
0.015340364538133144
0.012943432666361332
0.05177373066544533
0.09443911910057069
0.10306807607412338
0.13998082280158997
0.15532119572162628
0.1687440127134323
0.22003835439682007
0.2253116071224213
0.2277085334062576
0.23969319462776184
0.25023970007896423
0.27277085185050964
0.26797699928283686
0.2751677930355072
0.2766059339046478
0.281879186630249
0.3096835911273956
0.2876318395137787
0.2895493805408478
0.2962607741355896
0.2881112098693848
0.308245450258255
0.30728667974472046
0.30536913871765137
0.31831255555152893
0.3245445787906647
0.33461168408393854
0.32118886709213257
0.3307766020298004
0.3255033493041992
0.3298178315162658
0.358581006526947
0.3384467959403992
0.333173543214798
0.34036433696746826
0.33892616629600525
0.3533077538013458
0.3326941430568695
0.3437200486660004
0.3557046949863434
0.3413231074810028
0.3365292549133301
0.32118886709213257
0.34803450107574463
0.3298178315162658
0.3413231074810028
0.34563758969306946
0.34611696004867554
0.3322147727012634
0.3326941430568695
0.33413231372833246
0.3413231074810028
0.33461168408393854
0.3422818779945373
0.35282838344573975
0.3523489832878113
0.36816874146461487
0.358581006526947
0.3542665243148804
0.3609779477119446
0.36001917719841003
0.3782358467578888
0.3590604066848755
0.3571428656578064
0.35091084241867065
0.35810163617134094
0.36001917719841003
0.35139021277427673
0.36577180027961725
0.3609779477119446
0.3504314422607422
0.371524453163147
0.36385425925254816
0.3537871539592743
0.3710450530052185
0.3633748888969421
0.3672099709510803
0.35474592447280884
0.3384467959403992
0.34803450107574463
0.3432406485080719
0.35618409514427185
0.370086282491684
0.3686481416225433
0.36433365941047674
0.3801534175872802
0.4209012389183045
0.42186000943183893
0.4290508031845093
0.4621284902095794
0.47651007771492
0.4976030588150024
0.5043144822120667
0.47698944807052607
0.4348034560680389
