0.9232895374298096
0.858327567577362
0.5825846791267395
0.3006219863891601
0.11817553639411926
0.05736005678772926
0.1465100198984146
0.34070491790771484
0.48306840658187866
0.49136143922805786
0.5017277002334595
0.5342087149620056
0.5107117891311646
0.5411195755004883
0.5148583054542542
0.5369730591773987
0.5653075575828552
0.5507947206497192
0.5742916464805603
0.5487214922904968
0.5777470469474792
0.5770559906959534
0.5535590648651123
0.5507947206497192
0.5618520975112915
0.5183137655258179
0.5425017476081848
0.523842453956604
0.5224602818489075
0.4816862344741821
0.4512785077095032
0.4492052495479584
0.4070490598678589
0.4132688343524933
0.3586731255054474
0.3987560570240021
0.4160331785678864
0.4416033029556274
0.5072563886642456
0.533517599105835
0.535590887069702
0.5445749759674072
0.5369730591773987
0.5736005306243896
0.5625432133674622
0.5418106317520142
0.5418106317520142
0.5390462875366211
0.5390462875366211
0.5114029049873352
0.5328265428543091
0.530062198638916
0.5266067981719971
0.5169315934181212
0.5286800265312195
0.530062198638916
0.5466482639312744
0.5162404775619507
0.5418106317520142
0.5134761333465576
0.5065653324127197
0.5003455281257628
0.4823773205280304
0.508638560771942
0.4837594926357269
0.48928818106651306
0.4948168694972992
0.47062888741493225
0.5051831603050232
0.5072563886642456
0.4879060089588165
0.4816862344741821
0.49758121371269226
0.49412578344345087
0.4740843176841736
0.47961300611495966
0.469937801361084
0.4678645431995392
0.46440911293029785
0.46924671530723566
0.4816862344741821
0.4740843176841736
0.4547339379787445
0.4574982821941376
0.4450587332248688
0.4450587332248688
0.46233585476875305
0.4602626264095306
0.4858327507972717
0.4519695937633514
0.46510019898414606
0.453351765871048
0.4243261814117432
0.4498963356018066
0.4312370419502258
0.436765730381012
0.4450587332248688
0.4402211606502533
0.4837594926357269
0.5003455281257628
0.5314443707466124
0.5266067981719971
0.5376641154289246
0.587422251701355
0.5805113911628723
0.6351071000099182
0.5770559906959534
0.508638560771942
0.5148583054542542
0.5010366439819336
0.46510019898414606
0.4402211606502533
0.4111955761909485
0.445749819278717
0.40221145749092096
0.3904630243778229
0.24464409053325653
0.051140289753675454
0.4229440093040466
1.0
0.8313752412796019
0.4464409053325653
0.24049757421016693
0.07256392389535904
0.0
0.08431237190961836
0.26952314376831055
0.36973047256469727
0.4222529232501984
0.40635797381401056
0.4270905256271362
0.4505874216556549
