1.0
0.7173252105712891
0.380952388048172
0.030395137146115303
0.08713272213935853
0.10030394792556761
0.11043566465377808
0.14589665830135343
0.12563322484493256
0.11854103207588196
0.08105369657278062
0.08915907144546509
0.08004052937030792
0.13981762528419495
0.08713272213935853
0.1631205677986145
0.12462005764245986
0.15501520037651062
0.1367781162261963
0.17527861893177032
0.16616007685661316
0.20668692886829376
0.23404255509376523
0.23505572974681851
0.3120567500591278
0.2654508650302887
0.33637285232543945
0.3708206713199616
0.3454913794994354
0.4761904776096344
0.47213777899742126
0.4913880527019501
0.5420466065406799
0.5379939079284668
0.5845997929573059
0.49442756175994873
0.5045592784881592
0.4498480260372162
0.3860182464122772
0.4002026319503784
0.3181357681751251
0.26038500666618347
0.304964542388916
0.21580547094345087
0.30293819308280945
0.2573454976081848
0.23505572974681851
0.2613981664180756
0.2380952388048172
0.20668692886829376
0.32522797584533686
0.2522796392440796
0.2796352505683899
0.2046605944633484
0.24518743157386777
0.22695034742355344
0.20567375421524048
0.21985815465450287
0.20668692886829376
0.21276596188545227
0.17223910987377167
0.20060789585113523
0.2188449800014496
0.1702127605676651
0.24822695553302765
0.2320162057876587
0.1854103356599808
0.19351570308208463
0.1833839863538742
0.21580547094345087
0.18135765194892883
0.1773049682378769
0.19351570308208463
0.15501520037651062
0.22796352207660675
0.2137791216373444
0.1631205677986145
0.22897669672966003
0.1621073931455612
0.16413374245166779
0.20060789585113523
0.1560283750295639
0.21276596188545227
0.1367781162261963
0.18743667006492612
0.135764941573143
0.1955420523881912
0.20770010352134705
0.14589665830135343
0.21580547094345087
0.20770010352134705
0.19452887773513797
0.19452887773513797
0.20364741981029513
0.20668692886829376
0.1762917935848236
0.21580547094345087
0.29685917496681213
0.3272542953491211
0.3667679727077484
0.3495440781116485
0.4123606979846954
0.44478216767311096
0.4630192518234253
0.45795339345932007
0.3404255211353302
0.2684903740882873
0.26038500666618347
0.169199600815773
0.14589665830135343
0.07396149635314941
0.11448834836483
0.11955420672893524
0.06585612893104553
0.11854103207588196
0.17933130264282227
0.4488348662853241
0.9918946027755736
0.8074974417686462
0.5460993051528931
0.13880445063114166
0.0
0.1286727488040924
0.07598784565925598
0.10435663908720016
0.09726443886756897
0.07193515449762344
0.09726443886756897
0.052684903144836426
0.09726443886756897
0.07497467100620268
0.04559270665049553
