1.0
0.7718446850776672
0.6262136101722717
0.033980581909418106
0.0
0.08859223127365112
0.1626213639974594
0.2269417494535446
0.2063106745481491
0.23058252036571503
0.24150484800338745
0.27184465527534485
0.2706310749053955
0.25121358036994934
0.25121358036994934
0.25
0.276699036359787
0.303398072719574
0.2597087323665619
0.30825242400169367
0.32645630836486816
0.36529126763343805
0.36650484800338745
0.37378641963005066
0.3944174647331238
0.4211165010929108
0.5
0.5097087621688843
0.5497573018074036
0.5995145440101624
0.6565533876419067
0.6856796145439148
0.7160193920135498
0.7220873832702637
0.7402912378311157
0.6808252334594728
0.6347087621688843
0.5606796145439148
0.4842233061790466
0.44417476654052734
0.3944174647331238
0.3810679614543914
0.401699036359787
0.3640776574611664
0.377427190542221
0.3640776574611664
0.37378641963005066
0.39077669382095337
0.348300963640213
0.3822815418243408
0.375
0.362864077091217
0.3762135803699493
0.348300963640213
0.3616504967212677
0.36650484800338745
0.360436886548996
0.39077669382095337
0.34223300218582153
0.34708738327026367
0.34101942181587214
0.34951457381248474
0.3762135803699493
0.33616504073143005
0.3555825352668762
0.33616504073143005
0.35315534472465515
0.37014561891555786
0.333737850189209
0.34587377309799194
0.3300970792770386
0.3373786509037018
0.3580096960067749
0.3300970792770386
0.348300963640213
0.32645630836486816
0.360436886548996
0.3640776574611664
0.31917476654052734
0.3276698887348175
0.3385922312736511
0.32645630836486816
0.3446601927280426
0.31917476654052734
0.333737850189209
0.33980581164360046
0.33980581164360046
0.3677184581756592
0.3373786509037018
0.32888349890708923
0.3507281541824341
0.34223300218582153
0.34587377309799194
0.3276698887348175
0.3300970792770386
0.34708738327026367
0.3725728094577789
0.46480581164360046
0.44781553745269775
0.5012136101722717
0.5145630836486816
0.6407766938209534
0.7172330021858215
0.7111650705337524
0.7038834691047668
0.5582524538040161
0.49029126763343805
0.44781553745269775
0.3616504967212677
0.32645630836486816
0.31310680508613586
0.30582523345947266
0.3349514603614807
0.30218446254730225
0.3179611563682556
0.3240291178226471
0.333737850189209
0.9089806079864501
0.9126213788986206
0.7342233061790465
0.34708738327026367
0.013349514454603195
0.14684465527534485
0.22815534472465515
0.27912622690200806
0.3349514603614807
0.31553396582603455
0.3543689250946045
0.321601927280426
0.3349514603614807
0.333737850189209
0.321601927280426
