1.0
0.6763325929641724
0.19104477763175964
0.04136460646986961
0.10405117273330688
0.08017057925462721
0.043923240154981606
0.10149253904819489
0.09637526422739029
0.08869936317205429
0.07633262127637862
0.07889125496149062
0.09424307197332382
0.0810234546661377
0.10106609761714937
0.09339018911123277
0.07121535390615463
0.12025586515665054
0.09808102250099182
0.10618337243795394
0.11556503176689148
0.12665244936943054
0.12153518199920654
0.1343283653259277
0.12921108305454254
0.14456290006637573
0.13987207412719727
0.17697228491306305
0.17356076836585999
0.21023453772068024
0.19275052845478055
0.1594882756471634
0.17398720979690552
0.20085288584232328
0.21577824652194977
0.20895522832870483
0.1863539516925812
0.1671641767024994
0.15138593316078186
0.15735608339309692
0.13731342554092407
0.1466950923204422
0.12025586515665054
0.10618337243795394
0.12665244936943054
0.12409381568431854
0.1275053322315216
0.126226007938385
0.126226007938385
0.128784641623497
0.1330490410327911
0.1279317736625671
0.1454157829284668
0.12196162343025208
0.08272921293973921
0.14243070781230927
0.12579956650733948
0.1377398669719696
0.1300639659166336
0.13944563269615173
0.10405117273330688
0.12707889080047607
0.14115138351917267
0.14498934149742126
0.1697228103876114
0.19232408702373505
0.2247334718704224
0.229424312710762
0.22004264593124387
0.237100213766098
0.20127931237220764
0.19019189476966855
0.18336887657642365
0.126226007938385
0.11684434860944748
0.1057569310069084
0.09253731369972228
0.08059701323509216
0.08315564692020416
0.09253731369972228
0.06993603706359863
0.09125799685716628
0.07803837954998016
0.0
0.08656716346740721
0.27590617537498474
0.6673774123191833
0.9339019060134888
0.6993603706359863
0.22601279616355896
0.027718549594283104
0.0720682293176651
0.08528784662485121
0.10063965618610382
0.033262260258197784
0.043923240154981606
0.0682302787899971
0.07547974586486816
0.0720682293176651
0.1044776141643524
0.03496801853179932
0.028144989162683487
0.07121535390615463
0.07121535390615463
0.09637526422739029
0.07505330443382262
0.0
0.0
0.0
0.0
0.0
0.0
0.0
0.0
0.0
0.0
0.0
0.0
0.0
0.0
0.0
0.0
0.0
0.0
0.0
0.0
0.0
0.0
0.0
0.0
0.0
0.0
