0.9800732135772704
0.6535176634788513
0.43757626414299006
0.08296055346727371
0.0
0.026026839390397072
0.1020740121603012
0.15128101408481595
0.17446115612983704
0.18178121745586395
0.1907279342412949
0.20089466869831085
0.21024806797504425
0.20699471235275269
0.2130947560071945
0.21634811162948608
0.20984140038490293
0.22407482564449313
0.22244815528392792
0.22732818126678464
0.23098820447921753
0.22732818126678464
0.24684831500053403
0.24766165018081665
0.2435949593782425
0.2684018015861511
0.2639284133911133
0.2871085703372956
0.3090687394142151
0.3172021210193634
0.3542090356349945
0.37047579884529114
0.40544936060905457
0.4290362000465393
0.44164294004440313
0.46644976735115046
0.4619764089584351
0.4867832362651825
0.4745831787586212
0.4623830914497376
0.4436762928962708
0.4030093550682068
0.3655957579612732
0.3359089195728302
0.29402196407318115
0.26921513676643366
0.23749491572380063
0.23749491572380063
0.20211468636989596
0.20333468914031985
0.20048800110816956
0.20089466869831085
0.20862139761447904
0.20130133628845212
0.20008133351802823
0.21716144680976868
0.21675477921962735
0.2281415164470673
0.23058153688907623
0.23993493616580963
0.2509150207042694
0.23830825090408325
0.23546156287193296
0.2423749566078186
0.2313948720693588
0.23708824813365936
0.22570151090621948
0.23180153965950007
0.22407482564449313
0.21878813207149503
0.22163480520248413
0.22082147002220157
0.21675477921962735
0.22082147002220157
0.2236681580543518
0.22122813761234283
0.20821471512317655
0.21797478199005127
0.2139080911874771
0.21756811439991
0.22122813761234283
0.2155347764492035
0.22732818126678464
0.21797478199005127
0.22163480520248413
0.22326149046421048
0.2159414440393448
0.22854818403720853
0.22082147002220157
0.21228142082691193
0.22570151090621948
0.21106140315532684
0.21878813207149503
0.2135014235973358
0.21024806797504425
0.21187475323677063
0.2114680707454681
0.22000813484191892
0.21187475323677063
0.2126880884170532
0.2139080911874771
0.20252135396003723
0.21106140315532684
0.21065473556518555
0.20780804753303528
0.21878813207149503
0.20780804753303528
0.21634811162948608
0.21960146725177765
0.20943473279476163
0.22244815528392792
0.2135014235973358
0.22163480520248413
0.22122813761234283
0.21472142636775968
0.23180153965950007
0.24074827134609225
0.26067507266998285
0.26677510142326355
0.28588858246803284
0.31232208013534546
0.28629523515701294
0.2826352119445801
0.24603497982025144
0.21187475323677063
0.2244814932346344
0.21065473556518555
0.20008133351802823
0.18381455540657043
0.18381455540657043
0.20211468636989596
0.19682797789573667
