0.9875685572624207
0.6087751388549805
0.4095064103603363
0.07714807987213135
0.0
0.021937843412160877
0.10457038134336472
0.1349177360534668
0.15685558319091797
0.1645338237285614
0.16892139613628387
0.18354661762714383
0.19085922837257385
0.1912248581647873
0.19195611774921417
0.194149911403656
0.20255941152572632
0.186837300658226
0.20402193069458008
0.20475320518016812
0.19853748381137848
0.20767824351787567
0.22669103741645807
0.21901279687881467
0.2325411289930344
0.24387568235397336
0.26106032729148865
0.2577696442604065
0.2837294340133667
0.29689213633537287
0.3133455216884613
0.3473491668701172
0.388299822807312
0.41096892952919006
0.4310786128044128
0.45411333441734314
0.4351005554199218
0.45703840255737294
0.43729433417320246
0.42815357446670527
0.3674588799476624
0.32358318567276
0.29725778102874756
0.24095064401626584
0.22961609065532684
0.2032906711101532
0.21170018613338473
0.16307130455970764
0.1784277856349945
0.1681901216506958
0.18464350700378415
0.16599634289741516
0.1535649001598358
0.1784277856349945
0.16745886206626892
0.15502741932868955
0.1663619726896286
0.19926874339580533
0.17513711750507355
0.20840950310230252
0.1831809878349304
0.175502747297287
0.186837300658226
0.18793419003486636
0.19451554119586945
0.18281535804271695
0.18208409845829007
0.19195611774921417
0.18720293045043945
0.18354661762714383
0.1765996366739273
0.17806215584278107
0.1875685602426529
0.1681901216506958
0.17148080468177795
0.1718464344739914
0.1700182855129242
0.17330895364284515
0.16343693435192108
0.18427787721157077
0.15941499173641205
0.16599634289741516
0.16051188111305237
0.16343693435192108
0.16855575144290924
0.1718464344739914
0.17440584301948547
0.1773308962583542
0.18062157928943637
0.1736745834350586
0.17330895364284515
0.1747714877128601
0.16197440028190613
0.1729433238506317
0.17440584301948547
0.17038391530513763
0.17806215584278107
0.17257769405841827
0.17440584301948547
0.1729433238506317
0.17769652605056763
0.16965265572071075
0.1747714877128601
0.1700182855129242
0.16892139613628387
0.18574039638042447
0.16855575144290924
0.17148080468177795
0.1765996366739273
0.1773308962583542
0.16782449185848236
0.17038391530513763
0.1773308962583542
0.16892139613628387
0.17148080468177795
0.16965265572071075
0.1831809878349304
0.1729433238506317
0.16892139613628387
0.1765996366739273
0.17221206426620483
0.1700182855129242
0.1718464344739914
0.18354661762714383
0.2149908542633057
0.2212065756320953
0.2197440564632416
0.23802559077739716
0.258866548538208
0.2738574147224426
0.2394881099462509
0.2307129800319672
