0.990127980709076
0.8062157034873961
0.5290676355361937
0.3308957815170288
0.20402193069458008
0.11297988891601562
0.06325411051511765
0.06508226692676544
0.04241316393017769
0.039122484624385834
0.030712980777025223
0.027787934988737103
0.04972577840089797
0.04131627082824707
0.039488118141889565
0.04095064103603363
0.047166362404823296
0.05411334708333016
0.055575869977474206
0.062157221138477325
0.07495429366827011
0.08043875545263289
0.09542961418628691
0.1071297973394394
0.13089579343795776
0.1422303467988968
0.15612430870532987
0.18720293045043945
0.2179159075021744
0.24131627380847928
0.27970749139785767
0.3089579641819
0.32358318567276
0.3414990901947021
0.35612431168556213
0.3546617925167084
0.33418646454811096
0.32504570484161377
0.2829981744289398
0.2394881099462509
0.2062157243490219
0.16380256414413452
0.1385740339756012
0.1184643507003784
0.10274223238229752
0.07824496924877167
0.07531992346048355
0.06983546912670135
0.060329068452119834
0.061425961554050446
0.05521023645997048
0.05484460666775704
0.05776965245604515
0.060329068452119834
0.05959780514240265
0.055575869977474206
0.06946983188390732
0.068372942507267
0.08117001503705977
0.07934186607599257
0.07531992346048355
0.07458866387605667
0.07824496924877167
0.07495429366827011
0.07093235850334167
0.061425961554050446
0.061425961554050446
0.062157221138477325
0.05740402266383171
0.05776965245604515
0.05411334708333016
0.047166362404823296
0.04972577840089797
0.038025595247745514
0.040219377726316445
0.040219377726316445
0.04095064103603363
0.04314442351460457
0.040219377726316445
0.036928702145814896
0.029616087675094604
0.029981719329953197
0.03290676325559616
0.027787934988737103
0.025228518992662426
0.020109688863158223
0.02413162775337696
0.0314442403614521
0.026691041886806488
0.03217550367116928
0.0244972575455904
0.021572211757302284
0.018647165969014168
0.03400365635752678
0.06617915630340576
0.07239487767219542
0.07787933945655823
0.0906764194369316
0.11078610271215437
0.12979890406131744
0.12175502628087996
0.11956124007701872
0.10639853775501253
0.08336380124092102
0.047166362404823296
0.022669104859232903
0.011334552429616451
0.013893967494368551
0.012431444600224493
0.007312614470720291
0.006946983747184277
0.0
0.01718464307487011
0.011700183153152464
0.012797075323760508
0.022303473204374317
0.1221206560730934
0.3133455216884613
0.6910420656204224
1.0
0.8307129740715027
0.5652650594711304
0.39890310168266296
0.26106032729148865
0.1718464344739914
0.12687385082244873
0.10749542713165285
0.10383912175893784
0.08702010661363602
0.08555758744478226
0.08007312566041945
0.07385740429162979
