0.9358513355255128
0.5797362327575684
0.2685851454734802
0.09772182255983353
0.006594724021852016
0.10791366547346117
0.015587530098855495
0.05695443600416184
0.054556354880332954
0.04136690497398376
0.07793764770030974
0.006594724021852016
0.026378896087408062
0.11151079088449478
0.06175059825181961
0.09892086684703827
0.04616307094693184
0.12230215966701508
0.12529976665973663
0.08812949806451797
0.106714628636837
0.08333333581686019
0.11570743471384048
0.15047961473464963
0.1432853788137436
0.23860910534858704
0.1864508390426636
0.2266187071800232
0.2763788998126984
0.2625899314880371
0.3770983219146729
0.31534773111343384
0.2907673716545105
0.3015587627887726
0.2691846489906311
0.2955635488033294
0.22901678085327148
0.15647481381893155
0.17865706980228424
0.09112709760665891
0.1151079162955284
0.128297358751297
0.12949639558792114
0.14208632707595825
0.06714628636837006
0.10791366547346117
0.12889687716960907
0.10851319134235382
0.08513189107179642
0.08872901648283005
0.13549160957336423
0.08992806077003479
0.1366906464099884
0.09952038526535034
0.0641486793756485
0.16247002780437467
0.04796162992715836
0.04856115207076073
0.0683453232049942
0.09952038526535034
0.10731414705514908
0.029376499354839325
0.02517985552549362
0.06055155768990517
0.09592325985431673
0.10131894797086716
0.05635491758584976
0.052757792174816125
0.09652277827262878
0.03297362104058266
0.09412469714879987
0.03776978328824043
0.06354916095733643
0.09112709760665891
0.057553958147764206
0.0725419670343399
0.05515587702393532
0.06654676049947739
0.0791366919875145
0.04736211150884628
0.12350119650363922
0.03896882385015488
0.03597122430801392
0.06654676049947739
0.09652277827262878
0.07374100387096405
0.028776979073882103
0.035371702164411545
0.0641486793756485
0.026978416368365288
0.07314148545265196
0.002997601870447397
0.06354916095733643
0.08453237265348433
0.0
0.14988009631633759
0.43764987587928766
1.0
0.798561155796051
0.41726619005203247
0.2224220633506775
0.12889687716960907
0.14568345248699188
0.17565947771072388
0.1474820077419281
0.1324940025806427
0.15527577698230743
0.14208632707595825
0.16127097606658936
0.17386090755462646
0.1558752954006195
0.10851319134235382
0.11570743471384048
0.09472422301769257
0.10791366547346117
0.16786570847034454
0.0
0.0
0.0
0.0
0.0
0.0
0.0
0.0
0.0
0.0
0.0
0.0
0.0
0.0
0.0
0.0
