1.0
0.66249018907547
0.5207517743110657
0.4408770501613617
0.3429913818836212
0.14330461621284485
0.20908379554748532
0.32811275124549866
0.28112763166427607
0.15113547444343567
0.1503523886203766
0.16523100435733795
0.1675802618265152
0.1808927208185196
0.1801096349954605
0.1879404783248901
0.18402506411075592
0.1879404783248901
0.1910728216171265
0.19263899326324463
0.19185590744018555
0.20125293731689453
0.20046985149383545
0.2075176239013672
0.1996867656707764
0.19890367984771729
0.20673453807830808
0.21613155305385587
0.2208300679922104
0.23101018369197843
0.236491784453392
0.23492561280727384
0.23022709786891937
0.2294440120458603
0.2286609262228012
0.2208300679922104
0.2153484672307968
0.2020360231399536
0.184808149933815
0.1722787767648697
0.1628817468881607
0.16601409018039703
0.18167580664157867
0.1636648327112198
0.16444791853427887
0.1613155901432037
0.1675802618265152
0.1675802618265152
0.1636648327112198
0.17854346334934235
0.17384494841098783
0.1863743215799332
0.2075176239013672
0.2020360231399536
0.20046985149383545
0.20595145225524905
0.20281910896301267
0.19498825073242188
0.1996867656707764
0.20438528060913083
0.19733750820159912
0.1981205940246582
0.18167580664157867
0.19890367984771729
0.19498825073242188
0.1981205940246582
0.18167580664157867
0.19185590744018555
0.19498825073242188
0.18324197828769684
0.17071260511875153
0.1613155901432037
0.15270164608955383
0.17306186258792877
0.16914643347263336
0.17384494841098783
0.16836334764957428
0.16914643347263336
0.1613155901432037
0.16601409018039703
0.15974941849708557
0.17384494841098783
0.18950664997100833
0.16523100435733795
0.17071260511875153
0.17306186258792877
0.16523100435733795
0.16444791853427887
0.16523100435733795
0.175411120057106
0.17854346334934235
0.154267817735672
0.15974941849708557
0.1620986759662628
0.16992951929569244
0.1746280342340469
0.1761942058801651
0.1628817468881607
0.16523100435733795
0.1675802618265152
0.17384494841098783
0.17306186258792877
0.17932654917240143
0.1761942058801651
0.16836334764957428
0.1589663326740265
0.1761942058801651
0.1879404783248901
0.2631166875362396
0.308535635471344
0.34142521023750305
0.3774471282958984
0.4432263076305389
0.5215348601341248
0.5677368640899657
0.5849647521972656
0.5528582334518433
0.42129993438720703
0.25293657183647156
0.21221613883972168
0.1863743215799332
0.18245889246463773
0.1746280342340469
0.17384494841098783
0.1620986759662628
0.15740016102790833
0.15191856026649475
0.012529365718364716
0.0
0.23335944116115567
0.8120595216751098
0.94440096616745
