0.9487179517745972
0.7412587404251098
0.6293706297874451
0.5920745730400084
0.6425796151161194
0.693084716796875
0.6868686676025392
0.7078477144241333
0.7156177163124084
0.7156177163124084
0.749805748462677
0.7358197569847107
0.7381507158279419
0.7187257409095764
0.7544677257537842
0.7303807139396667
0.7195027470588684
0.7249417304992675
0.7210566997528077
0.7296037077903748
0.7233877182006837
0.689976692199707
0.7163947224617004
0.6713286638259888
0.6822066903114319
0.6581196784973145
0.6013985872268677
0.6083915829658508
0.560217559337616
0.5330225229263306
0.4576534628868103
0.42268842458724976
0.37140637636184687
0.2828282713890076
0.20745921134948728
0.1794871836900711
0.11499611288309096
0.055167056620121
0.04739704728126526
0.029526028782129288
0.08935508877038956
0.13519813120365143
0.19968919456005096
0.2657342553138733
0.3473193347454071
0.4001553952693939
0.46853145956993103
0.5260295271873474
0.5299145579338074
0.562548577785492
0.5858585834503174
0.5951825976371765
0.6278166174888611
0.6487956643104553
0.6798756718635559
0.6666666865348816
0.6736596822738647
0.6806526780128479
0.6643356680870056
0.689199686050415
0.6604506373405457
0.6542346477508545
0.6697746515274048
0.6674436926841736
0.6542346477508545
0.6759907007217407
0.6394716501235962
0.6371406316757202
0.6216006278991699
0.6324786543846129
0.626262605190277
0.6371406316757202
0.6324786543846129
0.6278166174888611
0.6317016482353209
0.6441336274147034
0.6285936236381531
0.6068376302719116
0.6045066118240356
0.5959596037864685
0.6270396113395691
0.6612276434898376
0.7094017267227173
0.690753698348999
0.7094017267227173
0.7707847952842712
0.752136766910553
0.7397047281265258
0.7700077891349792
0.7288267016410828
0.6985237002372742
0.6425796151161194
0.6557886600494385
0.5982906222343445
0.6223776340484619
0.6433566212654114
0.6278166174888611
0.6418026685714722
0.6060606241226196
0.6037296056747437
0.26884227991104126
0.0
0.062160063534975045
0.5881896018981934
1.0
0.6775446534156799
0.5811966061592102
0.6604506373405457
0.6993007063865662
0.6495726704597473
0.6526806354522705
0.6348096132278441
0.6480186581611633
0.6293706297874451
0.6355866193771361
0.6511266231536865
0.0
0.0
0.0
0.0
0.0
0.0
0.0
0.0
0.0
0.0
0.0
0.0
0.0
0.0
0.0
0.0
