1.0
0.8151316046714783
0.4486842155456543
0.13026316463947296
0.17894737422466278
0.36052632331848145
0.4131578803062439
0.5230262875556946
0.558552622795105
0.5342105031013489
0.5828947424888611
0.5572368502616881
0.5842105150222777
0.5828947424888611
0.5789473652839661
0.6138157844543457
0.5532894730567932
0.5828947424888611
0.5914473533630371
0.566447377204895
0.6052631735801697
0.5631579160690308
0.5888158082962036
0.5980263352394104
0.5690789222717285
0.5822368264198303
0.5401315689086914
0.5618420839309692
0.5348684191703796
0.5072368383407593
0.558552622795105
0.4888157844543457
0.49868419766426086
0.47697368264198303
0.4585526287555695
0.4822368323802948
0.43881580233573914
0.4684210419654846
0.46973684430122375
0.46052631735801697
0.5052631497383118
0.48486840724945063
0.5421052575111389
0.5309210419654846
0.5157894492149353
0.5618420839309692
0.5177631378173828
0.5355263352394104
0.5217105150222777
0.5026316046714783
0.5394737124443054
0.5118421316146851
0.5302631855010985
0.5342105031013489
0.49736842513084406
0.5526315569877625
0.508552610874176
0.5210526585578918
0.5
0.4901315867900848
0.567105233669281
0.5861842036247252
0.6039473414421082
0.6572368144989014
0.6934210658073425
0.8118420839309692
0.7105262875556946
0.6763157844543457
0.5769736766815186
0.5197368264198303
0.504605233669281
0.433552622795105
0.45986843109130854
0.4671052694320679
0.44078946113586426
0.4809210598468781
0.4190789461135864
0.43092104792594904
0.4907894730567932
0.6625000238418579
0.9657894968986512
0.7190789580345154
0.2059210538864136
0.0
0.12236841768026352
0.2986842095851898
0.3263157904148102
0.378947377204895
0.39802631735801697
0.3960526287555695
0.4559210538864136
0.4302631616592407
0.4618421196937561
0.4638157784938812
0.4552631676197052
0.5052631497383118
0.0
0.0
0.0
0.0
0.0
0.0
0.0
0.0
0.0
0.0
0.0
0.0
0.0
0.0
0.0
0.0
0.0
0.0
0.0
0.0
0.0
0.0
0.0
0.0
0.0
0.0
0.0
0.0
0.0
0.0
0.0
0.0
0.0
0.0
0.0
0.0
