0.9795042872428894
0.3617731034755706
0.2850333750247956
0.006673021707683802
0.0
0.11391801387071608
0.105338416993618
0.09580552577972412
0.1048617735505104
0.0734032392501831
0.09485223889350893
0.08388941735029219
0.08817921578884125
0.1043851301074028
0.06816015392541885
0.08722592890262604
0.08531935513019562
0.08436606079339981
0.10009533166885376
0.062917061150074
0.08245948702096939
0.07578646391630173
0.07435653358697891
0.09294566512107848
0.06053384020924568
0.08102954924106598
0.07197330892086029
0.06625357270240784
0.07483317703008652
0.04909437522292137
0.07912297546863557
0.08770257234573363
0.09246902167797089
0.11439466476440428
0.09580552577972412
0.11344137042760848
0.11058150976896286
0.11391801387071608
0.12821735441684723
0.10152526199817656
0.13250714540481567
0.14204004406929016
0.17635843157768247
0.21258340775966644
0.19494757056236267
0.2311725467443466
0.20066730678081512
0.18160152435302732
0.18350809812545776
0.15157292783260343
0.17302192747592926
0.14108674228191376
0.1153479516506195
0.1263107657432556
0.08388941735029219
0.09294566512107848
0.09246902167797089
0.09818875044584274
0.11391801387071608
0.06673021614551544
0.08913251012563705
0.2883698642253876
0.4542421400547028
1.0
0.5252621769905089
0.36415633559226984
0.00047664443263784046
0.037178266793489456
0.11677788197994232
0.05815061926841736
0.07244995236396788
0.07244995236396788
0.07006672769784927
0.08388941735029219
0.06720686703920364
0.08150619268417358
0.08770257234573363
0.07149666547775269
0.08627264201641081
0.07006672769784927
0.0915157273411751
0.09103908389806749
0.0848427042365074
0.105338416993618
0.07864633202552795
0.1043851301074028
0.09532888233661652
0.08722592890262604
0.10867492854595184
0.07197330892086029
0.0938989520072937
0.09485223889350893
0.10867492854595184
0.12059103697538376
0.09675882011651991
0.12869399785995483
0.12202097475528716
0.11963775008916853
0.0
0.0
0.0
0.0
0.0
0.0
0.0
0.0
0.0
0.0
0.0
0.0
0.0
0.0
0.0
0.0
0.0
0.0
0.0
0.0
0.0
0.0
0.0
0.0
0.0
0.0
0.0
0.0
0.0
0.0
0.0
0.0
0.0
0.0
