1.0
0.3080606460571289
0.09337589889764784
0.0
0.16919393837451935
0.24102154374122617
0.2920989692211151
0.33679169416427607
0.3136472404003144
0.3320032060146332
0.3455706238746643
0.37669593095779413
0.38707104325294495
0.3471668064594269
0.3711093366146088
0.3743016719818115
0.3902633786201477
0.39744612574577326
0.3822825253009796
0.412609726190567
0.4205905795097351
0.43096569180488586
0.4437350332736969
0.4453312158584594
0.4604948163032532
0.471668004989624
0.49481245875358576
0.5187549591064453
0.5075818300247192
0.5203511714935303
0.528331995010376
0.5786113142967224
0.6025538444519042
0.5969672799110413
0.6105347275733948
0.6113327741622925
0.6296887397766113
0.6256983280181885
0.5881883502006531
0.5889864563941956
0.5442937016487122
0.5003990530967712
0.47725459933280945
0.44453310966491694
0.4373503625392914
0.419792503118515
0.4213886559009552
0.41181164979934687
0.36312848329544073
0.3830806016921997
0.3703112602233887
0.3894652724266052
0.3711093366146088
0.3655227422714233
0.34397447109222407
0.35754188895225525
0.3814844489097595
0.3623304069042206
0.347964882850647
0.3383878767490387
0.34956106543540955
0.3687150776386261
0.3391859531402588
0.35674381256103516
0.34158021211624146
0.3591380715370178
0.41660016775131226
0.4405426979064941
0.4158020615577698
0.4501197040081024
0.48762968182563776
0.48044693470001215
0.4972067177295685
0.4652833342552185
0.4229848384857178
0.37749400734901434
0.37190741300582886
0.37190741300582886
0.3168395757675171
0.32003191113471985
0.3080606460571289
0.31604149937629694
0.3144453167915344
0.2992817163467407
0.3088587522506714
0.3000798225402832
0.3000798225402832
0.3008778989315033
0.2944932281970978
0.39106145501136774
0.4301675856113434
0.5363128781318665
0.9034317731857299
0.7909018397331237
0.30566638708114624
0.07661612331867218
0.0901835560798645
0.20590582489967343
0.2865123748779297
0.3471668064594269
0.35594573616981506
0.3583399951457977
0.3655227422714233
0.3687150776386261
0.3687150776386261
0.38627293705940247
0.380686342716217
0.4221867620944977
0.39425379037857056
0.40143653750419617
0.40861931443214417
0.44692736864089966
0.44852355122566223
0.4213886559009552
0.459696739912033
0.0
0.0
0.0
0.0
0.0
0.0
0.0
0.0
0.0
0.0
0.0
0.0
0.0
0.0
0.0
0.0
0.0
