0.9445506930351256
0.41491395235061646
0.116634801030159
0.1730401515960693
0.16634799540042877
0.3212237060070038
0.47896748781204224
0.48374760150909424
0.5086042284965515
0.5277246832847595
0.48852771520614624
0.5372849106788635
0.5162523984909058
0.528680682182312
0.5592734217643738
0.5086042284965515
0.5650095343589783
0.5554493069648743
0.57170170545578
0.590822160243988
0.552581250667572
0.6061185598373413
0.5965583324432373
0.609942615032196
0.6376672983169556
0.6070745587348938
0.6577438116073608
0.6520076394081116
0.6653919816017151
0.6912046074867249
0.6376672983169556
0.6606118679046631
0.6214148998260498
0.605162501335144
0.6022944450378418
0.5401529669761658
0.5869981050491333
0.5793498754501343
0.5841300487518312
0.5803059339523315
0.528680682182312
0.5583174228668213
0.5325047969818115
0.543021023273468
0.5592734217643738
0.4961759150028229
0.538240909576416
0.509560227394104
0.533460795879364
0.5391969680786133
0.490439772605896
0.5210325121879578
0.5248565673828125
0.5325047969818115
0.5487571954727173
0.4961759150028229
0.5305927395820618
0.5172083973884584
0.5248565673828125
0.543021023273468
0.48661568760871887
0.5028680562973022
0.4942638576030731
0.5076481699943542
0.5219885110855104
0.4751434028148651
0.48183557391166687
0.47801145911216736
0.4942638576030731
0.52390056848526
0.46845123171806335
0.4847036302089691
0.47896748781204224
0.4942638576030731
0.5133843421936035
0.4512428343296051
0.48661568760871887
0.47418737411499023
0.49330782890319824
0.5086042284965515
0.46462714672088623
0.49330782890319824
0.4751434028148651
0.490439772605896
0.5124282836914064
0.46845123171806335
0.5105162262916565
0.5019120573997498
0.5076481699943542
0.5277246832847595
0.49808794260025024
0.5659655928611755
0.5917782187461853
0.5975143313407898
0.6759082078933716
0.6873804926872252
0.732313573360443
0.6787762641906737
0.6424474120140076
0.6586998105049133
0.5516252517700195
0.5363288521766664
0.48374760150909424
0.46845123171806335
0.485659658908844
0.44168260693550104
0.4703632891178131
0.4579349756240845
0.45984703302383423
0.5372849106788635
0.2820267677307129
0.08795411139726639
0.4942638576030731
1.0
0.49330782890319824
0.0
0.09464627504348755
0.11376672983169556
0.3479923605918884
0.4942638576030731
0.4579349756240845
0.49235183000564575
0.4847036302089691
0.4942638576030731
0.5277246832847595
0.48757171630859375
0.5229445695877075
0.5124282836914064
0.5267686247825624
0.5697896480560303
0.519120454788208
0.54780113697052
