0.9649681448936462
0.7579618096351622
0.4787685871124268
0.0
0.07961783558130264
0.20488323271274567
0.23779192566871643
0.26008492708206177
0.25583863258361816
0.25796177983284
0.32696390151977534
0.29830148816108704
0.30360934138298035
0.29936304688453674
0.30467090010643005
0.3216560482978821
0.3195329010486603
0.34288746118545527
0.3535031974315644
0.34819531440734863
0.3842887580394745
0.41825902462005615
0.3991507291793823
0.4097664654254913
0.42569002509117126
0.5042462944984436
0.5138004422187805
0.5456475615501404
0.5912951231002808
0.6178343892097473
0.6932059526443481
0.6825902462005615
0.7452229261398315
0.7218683362007141
0.6794055104255676
0.6719745397567749
0.6050955653190613
0.5605095624923706
0.49469214677810663
0.4713375866413117
0.46496814489364624
0.41507431864738464
0.404458612203598
0.4129511713981629
0.410828024148941
0.41507431864738464
0.3842887580394745
0.420382171869278
0.40658172965049744
0.38216561079025274
0.4161358773708344
0.3991507291793823
0.3991507291793823
0.3842887580394745
0.3906581699848175
0.3906581699848175
0.3598726093769073
0.377919316291809
0.3800424635410309
0.35774946212768555
0.3768577575683594
0.36942675709724426
0.3832271695137024
0.3768577575683594
0.36942675709724426
0.3906581699848175
0.3492569029331207
0.3651804625988007
0.35456475615501404
0.35244160890579224
0.3864118754863739
0.35562631487846375
0.3619957566261292
0.36305731534957886
0.3492569029331207
0.38959661126136774
0.37367302179336553
0.3917197585105896
0.3513800501823425
0.35456475615501404
0.3768577575683594
0.3513800501823425
0.3757961690425873
0.3450106084346771
0.3662420511245728
0.3864118754863739
0.38216561079025274
0.35562631487846375
0.35774946212768555
0.36305731534957886
0.3842887580394745
0.36305731534957886
0.36942675709724426
0.3789809048175812
0.36730360984802246
0.387473464012146
0.37154990434646606
0.38216561079025274
0.404458612203598
0.4490445852279663
0.5191082954406737
0.506369411945343
0.512738823890686
0.606157124042511
0.6762208342552185
0.6953290700912476
0.5828025341033936
0.5180467367172241
0.43205943703651434
0.38535031676292414
0.3768577575683594
0.31104034185409546
0.3195329010486603
0.30891719460487366
0.31316348910331726
0.3290870487689972
0.31422504782676697
0.3290870487689972
0.36730360984802246
1.0
0.7961783409118652
0.6454352736473083
0.24946922063827515
0.1135881096124649
0.16560509800910947
0.2802547812461853
0.2622080743312836
0.3057324886322021
0.3216560482978821
0.3248407542705536
0.33121019601821894
0.3259023427963257
