0.9316309690475466
0.8966227173805236
0.30724877119064326
0.038303129374980927
0.0
0.03459637612104416
0.05766062438488007
0.07866556942462921
0.09390445053577424
0.10337726771831512
0.1009060963988304
0.09802306443452835
0.10461284965276718
0.11655683815479279
0.11079077422618865
0.11326194554567336
0.1087314635515213
0.1214991733431816
0.12973640859127045
0.13509060442447662
0.14415156841278076
0.13838550448417664
0.16186161339282987
0.1746293306350708
0.1738055944442749
0.1915156543254852
0.21087314188480377
0.21293245255947116
0.2294069230556488
0.23846787214279172
0.2434102147817612
0.25576606392860407
0.22817133367061612
0.22570016980171204
0.22858320176601407
0.210461288690567
0.210461288690567
0.18327841162681577
0.1635090559720993
0.1729818731546402
0.15527182817459106
0.14126853644847867
0.13550247251987457
0.1317957192659378
0.12685337662696838
0.12397034466266632
0.11779242008924484
0.11079077422618865
0.1206754520535469
0.11490938812494277
0.1000823751091957
0.11902800947427748
0.11573311686515808
0.1231466233730316
0.13303130865097043
0.1379736363887787
0.15115320682525635
0.12808896601200104
0.14703460037708282
0.14168038964271543
0.13714991509914398
0.14579901099205017
0.12891268730163574
0.13220757246017456
0.12973640859127045
0.11861614137887953
0.1276770979166031
0.1198517307639122
0.12726524472236633
0.1285008192062378
0.12232290208339693
0.12438220530748367
0.1214991733431816
0.12520593404769895
0.13509060442447662
0.12808896601200104
0.12232290208339693
0.11079077422618865
0.12397034466266632
0.13056012988090515
0.13838550448417664
0.14497528970241547
0.16392092406749725
0.21663920581340787
0.1886326223611832
0.1943986862897873
0.2145798951387405
0.17833608388900757
0.1762767732143402
0.17051070928573608
0.16803954541683197
0.14662273228168488
0.11614497750997543
0.111202634871006
0.10543657094240189
0.09308072179555893
0.10214167833328248
0.10420098900794982
0.0864909365773201
0.10420098900794982
0.09596375375986099
0.0992586463689804
0.09184513986110689
0.09555189311504365
0.16062602400779724
0.40115320682525635
0.5667215585708617
0.8945634365081787
1.0
0.4419275224208832
0.07207578420639038
0.015650741755962372
0.030477760359644886
0.06836903095245361
0.1000823751091957
0.10749588161706924
0.11408566683530807
0.10584843158721924
0.11614497750997543
0.12108731269836424
0.12397034466266632
0.13673806190490723
0.10667216032743453
0.1182042807340622
0.0
0.0
0.0
0.0
0.0
0.0
0.0
0.0
