1.0
0.7820088267326355
0.39569535851478577
0.06512141227722168
0.06125827878713608
0.1677704155445099
0.18763796985149384
0.19260485470294952
0.1810154467821121
0.1810154467821121
0.20033112168312073
0.20033112168312073
0.19867549836635587
0.1881898492574692
0.20309050381183624
0.21578367054462433
0.21247240900993347
0.21799117326736447
0.2113686501979828
0.2251655608415604
0.23178808391094208
0.2406180948019028
0.2549668848514557
0.22958058118820193
0.25
0.26986753940582275
0.27097129821777344
0.25441500544548035
0.2935982346534729
0.2781457006931305
0.30187636613845825
0.3256070613861084
0.34437087178230286
0.3355408310890198
0.3885209858417511
0.3885209858417511
0.40011036396026606
0.3846578299999237
0.38024282455444336
0.4194260537624359
0.39790287613868713
0.3841059505939484
0.3576158881187439
0.3355408310890198
0.3267108201980591
0.2974613606929779
0.3024282455444336
0.24668873846530917
0.23675496876239777
0.23565120995044708
0.24116997420787809
0.23675496876239777
0.21467991173267365
0.21026490628719327
0.21854305267333984
0.23675496876239777
0.22406181693077087
0.22626931965351105
0.21192052960395807
0.2168874144554138
0.22571744024753568
0.21854305267333984
0.22295805811882016
0.20750552415847776
0.19205297529697415
0.20640176534652707
0.20971302688121796
0.19205297529697415
0.1931567341089249
0.19536423683166504
0.20750552415847776
0.19536423683166504
0.1937086135149002
0.19260485470294952
0.19646799564361567
0.20088300108909607
0.1975717395544052
0.1931567341089249
0.1887417286634445
0.1881898492574692
0.19812361896038053
0.1881898492574692
0.1887417286634445
0.1832229644060135
0.1754966825246811
0.19205297529697415
0.18432670831680295
0.17384105920791623
0.1793598234653473
0.18377482891082764
0.18156732618808744
0.1821192055940628
0.1810154467821121
0.1754966825246811
0.18929359316825864
0.1854304671287537
0.1854304671287537
0.17991170287132263
0.1628035306930542
0.1754966825246811
0.1832229644060135
0.18929359316825864
0.18487858772277832
0.17770420014858243
0.1716335564851761
0.1881898492574692
0.1716335564851761
0.17494481801986694
0.16501103341579437
0.1743929386138916
0.1870860904455185
0.1821192055940628
0.185982346534729
0.22792494297027588
0.26986753940582275
0.2742825746536255
0.2759381830692291
0.32008829712867737
0.2715231776237488
0.23123620450496676
0.21633553504943848
0.2268211990594864
0.1975717395544052
0.1743929386138916
0.16887417435646057
0.1716335564851761
0.16059602797031403
0.15838852524757385
0.1539735049009323
0.15066225826740265
0.14293597638607025
0.12362030893564224
