0.9538461565971375
0.6918414831161499
0.3076923191547394
0.24102564156055448
0.13006992638111115
0.1174825206398964
0.1538461595773697
0.14638695120811462
0.1431235373020172
0.15897436439990997
0.14125874638557434
0.16083915531635284
0.15617716312408447
0.1538461595773697
0.17202797532081604
0.1571095585823059
0.1710955649614334
0.1655011624097824
0.15524475276470184
0.1804195791482925
0.15477855503559113
0.16410256922245023
0.1738927811384201
0.1566433608531952
0.17808857560157776
0.14918415248394012
0.15058274567127228
0.13846154510974884
0.10489510744810104
0.11328671127557755
0.07179487496614456
0.046620044857263565
0.022843822836875916
0.0
0.0023310023825615644
0.005594405811280012
0.0237762238830328
0.04055944085121154
0.055477853864431374
0.09370629489421843
0.09976690262556077
0.13240092992782593
0.14452214539051056
0.14219114184379575
0.1627039611339569
0.14731934666633603
0.15244755148887634
0.15897436439990997
0.14638695120811462
0.18648017942905423
0.15058274567127228
0.1738927811384201
0.1738927811384201
0.16130536794662476
0.18694639205932617
0.17855477333068848
0.1818181872367859
0.181351974606514
0.17156177759170532
0.20512820780277247
0.18461538851261136
0.19720280170440677
0.18461538851261136
0.17715618014335632
0.19487179815769196
0.181351974606514
0.1878787875175476
0.1906759887933731
0.17249417304992676
0.1822843849658966
0.17296037077903748
0.18648017942905423
0.18461538851261136
0.16876456141471863
0.18508158624172208
0.18088577687740323
0.17482517659664154
0.1790209859609604
0.16643357276916504
0.18461538851261136
0.16317015886306763
0.1794871836900711
0.1790209859609604
0.1655011624097824
0.1692307740449905
0.16876456141471863
0.18974359333515167
0.22191141545772552
0.23123542964458463
0.282051295042038
0.25128206610679626
0.27319347858428955
0.2979021072387696
0.2857808768749237
0.32400932908058167
0.24662004411220553
0.20093239843845367
0.17762237787246704
0.14219114184379575
0.15617716312408447
0.139860138297081
0.1431235373020172
0.1510489583015442
0.13659673929214475
0.1431235373020172
0.13286712765693665
0.09650349617004393
0.027039626613259315
0.05407925322651863
0.4000000059604645
0.9104894995689392
1.0
0.498834490776062
0.20606060326099396
0.10815850645303726
0.03589743748307228
0.12167832255363464
0.14825174212455747
0.13240092992782593
0.15291374921798706
0.145454540848732
0.16317015886306763
0.1627039611339569
0.1650349646806717
0.15198135375976562
0.15291374921798706
0.16363635659217834
0.16410256922245023
0.16130536794662476
0.1627039611339569
0.0
0.0
