1.0
0.9713876843452451
0.8304721117019653
0.6609442234039307
0.5028612017631531
0.4377682507038117
0.3898426294326782
0.35765379667282104
0.361230343580246
0.35121601819992065
0.35622316598892206
0.3819742500782013
0.361230343580246
0.3826895654201508
0.38125893473625183
0.3948497772216797
0.4062947034835816
0.40915593504905695
0.41058656573295593
0.4256080090999603
0.41130185127258306
0.42918455600738525
0.42417740821838373
0.4349070191383362
0.4570815563201904
0.47353363037109375
0.5164520740509033
0.49642345309257513
0.508583664894104
0.4828326106071472
0.45064377784729
0.41917023062705994
0.3783977031707764
0.36409154534339905
0.2632331848144531
0.2761087119579315
0.24964234232902527
0.22746780514717105
0.2217453569173813
0.2195994257926941
0.21244634687900543
0.2195994257926941
0.22818312048912048
0.23533619940280917
0.25178825855255127
0.2632331848144531
0.28111588954925537
0.24535049498081207
0.26466381549835205
0.2653791010379791
0.26895564794540405
0.3226037323474884
0.25321888923645014
0.24606581032276156
0.28183117508888245
0.2761087119579315
0.32546496391296387
0.3376251757144928
0.3111588060855865
0.2610872685909271
0.270386278629303
0.2696709632873535
0.28326180577278137
0.278969943523407
0.24320457875728607
0.23104435205459595
0.25751072168350214
0.21316166222095487
0.26037195324897766
0.32832616567611694
0.3798283338546753
0.365522176027298
0.35622316598892206
0.39628040790557856
0.4406294822692871
0.43276107311248774
0.4012875556945801
0.35622316598892206
0.316165953874588
0.27110156416893005
0.23748211562633517
0.21316166222095487
0.2031473517417908
0.1945636570453644
0.19814020395278928
0.18454936146736145
0.15522174537181854
0.18669527769088745
0.15879827737808228
0.18454936146736145
0.12303290516138075
0.02360515110194683
0.0
0.28969958424568176
0.8433476686477661
0.9442059993743896
0.9341917037963868
0.7439199090003966
0.5736767053604126
0.4914163053035736
0.40772533416748047
0.34907010197639465
0.3290414810180664
0.3054363429546356
0.31974250078201294
0.32618024945259094
0.3526466488838196
0.3111588060855865
0.3354792594909668
0.33619457483291626
0.3233190178871155
0.36194562911987294
0.3798283338546753
0.3862660825252533
0.0
0.0
0.0
0.0
0.0
0.0
0.0
0.0
0.0
0.0
0.0
0.0
0.0
0.0
0.0
0.0
0.0
0.0
