0.9728217720985411
0.26378896832466125
0.07434052973985672
0.0
0.1886490881443024
0.28537169098854065
0.34052756428718567
0.38209432363510126
0.36610710620880127
0.38689050078392023
0.38689050078392023
0.40047961473464966
0.4292565882205963
0.4020783305168152
0.4276578724384308
0.42126297950744634
0.4252597987651825
0.44844123721122736
0.44124701619148254
0.4380495548248291
0.4364508390426636
0.4452438056468964
0.4612310230731964
0.4476418793201447
0.44284573197364807
0.4508393406867981
0.4620303809642792
0.4844124615192413
0.46602717041969294
0.4532374143600464
0.46682652831077576
0.4804156720638275
0.49960032105445856
0.4892086386680603
0.46762588620185846
0.46522781252861023
0.44044762849807734
0.4612310230731964
0.4292565882205963
0.41167065501213074
0.40047961473464966
0.3764987885951996
0.4140687584877014
0.3932853639125824
0.3892885744571686
0.3892885744571686
0.36211031675338745
0.40687450766563416
0.3892885744571686
0.3852917551994324
0.38209432363510126
0.3741007149219513
0.38689050078392023
0.3788968920707703
0.3780975341796875
0.3828936815261841
0.38609111309051514
0.39728218317031855
0.3932853639125824
0.4012789726257324
0.4308553040027618
0.45803356170654297
0.5267785787582396
0.5499600172042847
0.5363709330558777
0.5379696488380432
0.4948041439056397
0.4772182106971741
0.4124700129032135
0.3693045675754547
0.35331735014915466
0.3485211730003357
0.363709032535553
0.34692245721817017
0.32613909244537354
0.3437250256538391
0.3509192764759064
0.3756994307041168
0.33892884850502014
0.3269384503364563
0.46842527389526367
0.5139887928962708
0.7226219177246093
1.0
0.2837729752063751
0.08792965859174728
0.02797761745750904
0.24460431933403012
0.30055955052375793
0.3445243835449219
0.3677058219909668
0.38129496574401855
0.42286172509193426
0.42126297950744634
0.41326937079429626
0.4284572303295136
0.4388489127159119
0.45803356170654297
0.4508393406867981
0.0
0.0
0.0
0.0
0.0
0.0
0.0
0.0
0.0
0.0
0.0
0.0
0.0
0.0
0.0
0.0
0.0
0.0
0.0
0.0
0.0
0.0
0.0
0.0
0.0
0.0
0.0
0.0
0.0
0.0
0.0
0.0
0.0
