1.0
0.5856378078460692
0.23684211075305936
0.1467439830303192
0.09277430921792984
0.1387154310941696
0.1788581609725952
0.17038358747959137
0.18465656042099
0.19179303944110873
0.17618198692798615
0.18911686539649963
0.18153434991836548
0.19625334441661835
0.1926850974559784
0.1868867129087448
0.18510258197784424
0.17796610295772552
0.2029438018798828
0.19446922838687897
0.1788581609725952
0.17618198692798615
0.16949152946472168
0.18733273446559903
0.17752006649971008
0.1596788614988327
0.14986619353294373
0.12533451616764069
0.12310437113046646
0.10570918768644331
0.0682426393032074
0.04192684963345528
0.004014273174107075
0.0
0.002230151556432247
0.012934879399836063
0.03033006191253662
0.04906333610415459
0.08251561224460602
0.11418376117944716
0.13202497363090515
0.15432649850845337
0.15120428800582883
0.18153434991836548
0.17752006649971008
0.17841213941574097
0.17707404494285583
0.168599471449852
0.19759143888950348
0.1984834969043732
0.19357717037200928
0.2029438018798828
0.1926850974559784
0.2109723389148712
0.20205174386501312
0.19313113391399384
0.20160570740699768
0.1904549449682236
0.20785012841224673
0.200713649392128
0.19803746044635767
0.20338982343673703
0.20115968585014343
0.21587868034839633
0.20338982343673703
0.2029438018798828
0.190900981426239
0.19937555491924283
0.20740410685539243
0.21543264389038083
0.19580730795860288
0.20383585989475247
0.19223907589912412
0.20963425934314728
0.2029438018798828
0.19803746044635767
0.19759143888950348
0.17841213941574097
0.20517395436763763
0.1984834969043732
0.19134701788425443
0.19223907589912412
0.1824264079332352
0.20829616487026212
0.20740410685539243
0.2310437113046646
0.2649420201778412
0.2613737881183624
0.2903657555580139
0.2912577986717224
0.30463871359825134
0.31355932354927063
0.29571810364723206
0.3055307865142822
0.2582515478134155
0.21721677482128143
0.18777877092361447
0.16012488305568695
0.17841213941574097
0.16503122448921204
0.17350579798221588
0.1645851880311966
0.14942015707492828
0.17305976152420044
0.1467439830303192
0.08296164125204086
0.06868866831064224
0.2029438018798828
0.678412139415741
0.9669937491416931
0.7328278422355651
0.3291703760623932
0.2662801146507263
0.14897413551807404
0.13693131506443024
0.1766280084848404
0.16993755102157593
0.1556645780801773
0.1926850974559784
0.18376450240612033
0.1726137399673462
0.18198037147521967
0.16592328250408173
0.200713649392128
0.18867082893848416
0.18421052396297452
0.18956288695335388
0.1726137399673462
0.1949152499437332
0.18554861843585968
0.0
0.0
