1.0
0.22645099461078644
0.0
0.03520456701517105
0.01522359624505043
0.1998097002506256
0.295908659696579
0.31018078327178955
0.31018078327178955
0.3111322522163391
0.30922931432724
0.3225499391555786
0.32350143790245056
0.33491912484169006
0.3301617503166199
0.3273073136806488
0.33491912484169006
0.3520456850528717
0.35585156083106995
0.35585156083106995
0.3539486229419708
0.35299715399742126
0.3615604043006897
0.3758325278759002
0.3596574664115906
0.3625119030475616
0.3758325278759002
0.382492870092392
0.37678402662277216
0.3653663098812103
0.3777354955673218
0.3748810589313507
0.38725024461746216
0.4005708992481232
0.418648898601532
0.4386298656463623
0.4529019892215729
0.4490961134433746
0.4414843022823334
0.4157944917678833
0.40247383713722235
0.3939105570316314
0.38725024461746216
0.3748810589313507
0.3606089353561401
0.37392958998680115
0.372026652097702
0.372026652097702
0.36631777882575994
0.3796384334564209
0.38725024461746216
0.40627974271774286
0.3967649936676025
0.4072312116622925
0.4272121787071228
0.4224548041820526
0.4281636476516724
0.43196955323219294
0.4234062731266022
0.40247383713722235
0.4157944917678833
0.41674596071243286
0.39866793155670166
0.3996194005012512
0.3977164626121521
0.3929590880870819
0.40532824397087097
0.3910561501979828
0.38344433903694153
0.38344433903694153
0.3796384334564209
0.37678402662277216
0.3729781210422516
0.372026652097702
0.3606089353561401
0.36726927757263184
0.3596574664115906
0.36917221546173096
0.3539486229419708
0.3520456850528717
0.3482397794723511
0.3472883105278015
0.3482397794723511
0.33967649936676025
0.3368220627307892
0.3472883105278015
0.3549000918865204
0.3996194005012512
0.4262607097625733
0.445290207862854
0.445290207862854
0.521408200263977
0.581351101398468
0.5937202572822571
0.5556612610816956
0.4976213276386261
0.4900095164775848
0.4234062731266022
0.3748810589313507
0.3434824049472809
0.3225499391555786
0.30922931432724
0.31493815779685974
0.3025689721107483
0.31208372116088867
0.3111322522163391
0.3225499391555786
0.07897240668535233
0.09419600665569304
0.6841103434562683
0.8848715424537658
0.17316840589046478
0.09895338118076323
0.1132254973053932
0.049476690590381615
0.1979067623615265
0.3016175031661988
0.3111322522163391
0.31208372116088867
0.32825881242752075
0.33491912484169006
0.34253093600273127
0.33777356147766113
0.33206468820571894
0.3463368117809296
0.3606089353561401
0.3472883105278015
0.35299715399742126
0.3549000918865204
0.0
0.0
0.0
