0.9337710738182067
0.8389951586723327
0.4450471103191376
0.22666285932064056
0.18013131618499756
0.16642877459526062
0.1338852345943451
0.11618612706661224
0.11704253405332564
0.11675706505775452
0.10904938727617264
0.1119040846824646
0.1087639182806015
0.1087639182806015
0.1136168986558914
0.10933485627174376
0.11561518907546996
0.11247502267360689
0.1190408244729042
0.12246645987033844
0.12731944024562836
0.14387667179107666
0.15015700459480283
0.16928346455097198
0.1935483813285828
0.22009706497192383
0.24664573371410367
0.2686268985271454
0.28632602095603943
0.2823294401168823
0.2669140696525574
0.2489294856786728
0.22152440249919889
0.19897231459617612
0.18127319216728208
0.16214673221111295
0.1521552950143814
0.14073650538921356
0.14359121024608612
0.14045104384422302
0.13588352501392365
0.13302883505821228
0.1307450830936432
0.13045960664749143
0.1307450830936432
0.12817585468292236
0.12960319221019745
0.12475021183490752
0.1253211498260498
0.12646302580833435
0.12589208781719208
0.12475021183490752
0.12075363844633102
0.1244647428393364
0.12589208781719208
0.12475021183490752
0.12132457643747328
0.11475877463817596
0.11647159606218338
0.11732800304889678
0.11333142966032028
0.11418783664703368
0.11390236765146255
0.1110476702451706
0.10904938727617264
0.1056237518787384
0.10790751129388808
0.10305452346801756
0.11504425108432768
0.14102198183536527
0.1473023146390915
0.14387667179107666
0.1592920422554016
0.17470739781856537
0.1772766262292862
0.18127319216728208
0.186982586979866
0.16328860819339752
0.12332286685705184
0.11647159606218338
0.10048529505729677
0.08621181547641754
0.0765058547258377
0.07336568832397461
0.06879816949367523
0.06508706510066986
0.0685127004981041
0.0630887821316719
0.06023408472537994
0.026263203471899033
0.0
0.1764202117919922
0.43477019667625433
0.6614330410957336
1.0
0.6311732530593872
0.28860977292060846
0.13502712547779083
0.13045960664749143
0.1110476702451706
0.08078789710998534
0.0796460211277008
0.07079645991325377
0.0693691149353981
0.06822723150253296
0.06708535552024841
0.07279475033283234
0.06994005292654037
0.0653725415468216
0.06679988652467728
0.07422209531068803
0.08107336610555647
0.08135883510112761
0.08250071108341217
0.09192121028900145
0.10219811648130415
0.1221809908747673
0.13588352501392365
0.15643733739852905
0.18241506814956665
0.20610904693603516
0.23408506810665128
0.24236369132995603
0.23037396371364596
0.21924065053462985
0.1955466717481613
0.17670568823814392
0.1481587141752243
0.1293177306652069
0.12046816945075987
0.10790751129388808
0.10790751129388808
