0.936244547367096
0.448034942150116
0.2733624577522278
0.18078602850437164
0.22096069157123563
0.22969432175159452
0.14148472249507904
0.0777292549610138
0.05152838304638863
0.03493449836969376
0.036681223660707474
0.02358078584074974
0.04716157168149948
0.0
0.0034934498835355043
0.05152838304638863
0.02358078584074974
0.05676855891942978
0.0244541484862566
0.04803493618965149
0.07947598397731781
0.06375546008348465
0.08646288514137267
0.0890829712152481
0.12576419115066528
0.1554585099220276
0.14672489464282987
0.19825327396392825
0.19301310181617737
0.25327509641647333
0.27772924304008484
0.26026201248168945
0.26724889874458313
0.31353712081909174
0.26026201248168945
0.19475983083248136
0.15021833777427673
0.13362444937229156
0.10567685961723328
0.03318777307868004
0.07336244732141495
0.08995632827281952
0.05502183362841606
0.06113537028431892
0.05065502226352692
0.08471615612506865
0.08209607005119324
0.07074236124753952
0.05589519813656807
0.04803493618965149
0.117903932929039
0.07161571830511093
0.06375546008348465
0.08995632827281952
0.10131004452705385
0.025327511131763455
0.08209607005119324
0.0689956322312355
0.07336244732141495
0.13013100624084473
0.09606987237930298
0.059388644993305206
0.08558952063322067
0.09082969278097151
0.117030568420887
0.10043668001890182
0.10218340903520584
0.08558952063322067
0.08733624219894409
0.11004366725683212
0.07423580437898637
0.07336244732141495
0.08820960670709611
0.05152838304638863
0.06550218164920807
0.07685589790344238
0.05589519813656807
0.03842794895172119
0.08209607005119324
0.059388644993305206
0.04716157168149948
0.06637554615736008
0.05676855891942978
0.09519650787115096
0.08471615612506865
0.08209607005119324
0.10043668001890182
0.09082969278097151
0.08122270554304123
0.11266375333070756
0.07336244732141495
0.07161571830511093
0.08646288514137267
0.06113537028431892
0.07336244732141495
0.08034934848546982
0.09519650787115096
0.05152838304638863
0.06288209557533264
0.08296943455934525
0.05589519813656807
0.11266375333070756
0.062008734792470925
0.08122270554304123
0.11441048234701157
0.13537117838859558
0.08733624219894409
0.17903929948806763
0.12576419115066528
0.11179039627313613
0.10655021667480467
0.07248908281326294
0.0689956322312355
0.0401746742427349
0.06724891066551208
0.05240174755454064
0.09082969278097151
0.0986899584531784
0.08646288514137267
0.08122270554304123
0.14235807955265045
0.17292577028274536
0.28646287322044367
0.5213973522186279
1.0
0.5572052597999573
0.4078602492809296
0.25851529836654663
0.2655021846294403
0.3030567765235901
0.2244541496038437
0.1764192134141922
