1.0
0.8485549092292786
0.7329480051994324
0.6832370162010193
0.3965317904949188
0.36994218826293945
0.3838150203227997
0.3768786191940308
0.4173410534858704
0.35260117053985596
0.360693633556366
0.3895953893661499
0.3838150203227997
0.4277456700801849
0.3491329550743103
0.3953757286071777
0.4104046225547791
0.39075145125389094
0.4566473960876465
0.3791907429695129
0.4080924987792969
0.409248560667038
0.42312139272689814
0.4751445055007935
0.4254335165023804
0.4427745640277863
0.5017340779304504
0.4890173375606537
0.5560693740844728
0.5028901696205139
0.5109826326370239
0.5317919254302979
0.5248554944992065
0.5456647276878357
0.47167629003524786
0.47167629003524786
0.4751445055007935
0.4578034579753876
0.47630056738853455
0.42312139272689814
0.42312139272689814
0.428901731967926
0.4046242833137512
0.46589595079422
0.39884394407272333
0.409248560667038
0.4138728380203247
0.38265895843505854
0.4277456700801849
0.34450867772102356
0.3976878523826599
0.3895953893661499
0.4011560678482056
0.4358381628990173
0.37456646561622614
0.3630057871341705
0.409248560667038
0.3953757286071777
0.4323699474334717
0.3734104037284851
0.4566473960876465
0.5190751552581787
0.53410404920578
0.5560693740844728
0.5375722646713257
0.5988439321517944
0.6184971332550049
0.5595375895500183
0.5687861442565918
0.4381502866744995
0.4127167761325836
0.4000000059604645
0.34566473960876465
0.35838150978088373
0.26705202460289
0.2913294732570648
0.304046243429184
0.2832369804382324
0.33757224678993225
0.2635838091373444
0.27976879477500916
0.22774566709995267
0.10404624044895172
0.06011560559272766
0.0
0.18034681677818296
0.5861271619796753
0.8924855589866638
0.9595375657081603
0.7005780339241028
0.7745664715766906
0.5329479575157166
0.4173410534858704
0.4046242833137512
0.3410404622554779
0.3965317904949188
0.39884394407272333
0.3838150203227997
0.4219653308391571
0.3653179109096527
0.41156068444252014
0.41849711537361145
0.4138728380203247
0.4219653308391571
0.3710982799530029
0.4057803452014923
0.409248560667038
0.4057803452014923
0.4057803452014923
0.0
0.0
0.0
0.0
0.0
0.0
0.0
0.0
0.0
0.0
0.0
0.0
0.0
0.0
0.0
0.0
0.0
0.0
0.0
0.0
0.0
0.0
0.0
