1.0
0.9754098653793336
0.7704917788505553
0.6295081973075867
0.5254098176956177
0.4163934290409088
0.3418032824993133
0.2950819730758667
0.23360656201839447
0.21229508519172668
0.19262294471263883
0.17540983855724335
0.1459016352891922
0.13278688490390775
0.1180327832698822
0.08442623168230055
0.04262294992804527
0.0
0.010655737482011318
0.04590163752436638
0.04754098504781723
0.14754098653793335
0.24836064875125885
0.32868853211402893
0.3606557250022888
0.36803278326988226
0.42049181461334234
0.3967213034629822
0.38360655307769775
0.36639344692230225
0.35901638865470886
0.35655736923217773
0.33524590730667114
0.32950818538665766
0.30737704038619995
0.2885245978832245
0.2508196830749512
0.24672131240367887
0.24180327355861664
0.18606556951999664
0.1426229476928711
0.09754098206758499
0.10491803288459776
0.1352459043264389
0.31721311807632446
0.507377028465271
0.44836065173149114
0.09262295067310333
0.25491803884506226
0.5590164065361023
0.97622948884964
0.9377049207687378
0.7532786726951598
0.6270492076873779
0.5147541165351868
0.40655738115310663
0.3409835994243622
0.30573770403862
0.23360656201839447
0.2368852496147156
0.0
0.0
0.0
0.0
0.0
0.0
0.0
0.0
0.0
0.0
0.0
0.0
0.0
0.0
0.0
0.0
0.0
0.0
0.0
0.0
0.0
0.0
0.0
0.0
0.0
0.0
0.0
0.0
0.0
0.0
0.0
0.0
0.0
0.0
0.0
0.0
0.0
0.0
0.0
0.0
0.0
0.0
0.0
0.0
0.0
0.0
0.0
0.0
0.0
0.0
0.0
0.0
0.0
0.0
0.0
0.0
0.0
0.0
0.0
0.0
0.0
0.0
0.0
0.0
0.0
0.0
0.0
0.0
0.0
0.0
0.0
0.0
