0.9612334966659546
0.9022026658058167
0.8088105916976928
0.7092511057853699
0.5303964614868164
0.41409692168235773
0.3066079318523407
0.2325991243124008
0.2096916288137436
0.160352423787117
0.14537444710731506
0.12334802001714706
0.10837004333734512
0.13656388223171234
0.11806167662143709
0.12951542437076569
0.12775330245494843
0.1189427301287651
0.15242290496826172
0.11453744769096375
0.13744492828845975
0.1268722414970398
0.11365638673305511
0.14713656902313232
0.12511013448238373
0.15418502688407895
0.13920705020427704
0.13215859234333038
0.15947136282920835
0.11806167662143709
0.1409691572189331
0.12775330245494843
0.11982379108667372
0.1383259892463684
0.10308369994163512
0.1162995621562004
0.10396476089954376
0.1048458144068718
0.12246695905923843
0.08898678421974182
0.11189427226781844
0.10572687536478043
0.09867841750383376
0.11541850119829176
0.08722466975450516
0.11365638673305511
0.09955947101116179
0.08810572326183319
0.11982379108667372
0.08370044082403184
0.1162995621562004
0.10396476089954376
0.08722466975450516
0.10925110429525375
0.08634360879659651
0.09955947101116179
0.0854625552892685
0.08370044082403184
0.11453744769096375
0.07048457860946655
0.09162995964288712
0.09162995964288712
0.08898678421974182
0.10748898983001708
0.08105726540088652
0.09515418857336044
0.0828193798661232
0.1162995621562004
0.19647577404975888
0.18502202630043027
0.19471365213394165
0.23436123132705688
0.28546255826950073
0.29074889421463007
0.18502202630043027
0.18061673641204837
0.1110132187604904
0.13744492828845975
0.11541850119829176
0.0414096899330616
0.06255506724119185
0.039647575467824936
0.049339208751916885
0.06431718170642853
0.039647575467824936
0.06784141063690186
0.06872246414422989
0.05726872384548187
0.08898678421974182
0.039647575467824936
0.0
0.170925110578537
0.34361234307289124
0.6511013507843018
0.9083700180053712
1.0
0.4907489120960236
0.09162995964288712
0.26696035265922546
0.34096917510032654
0.32422906160354614
0.21762114763259888
0.19471365213394165
0.19735683500766757
0.16475771367549896
0.18678414821624756
0.18590308725833887
0.18414096534252167
0.21762114763259888
0.1929515451192856
0.2264317125082016
0.2264317125082016
0.2325991243124008
0.2977973520755768
0.0
0.0
0.0
0.0
0.0
0.0
0.0
0.0
0.0
0.0
0.0
0.0
0.0
0.0
0.0
0.0
0.0
0.0
