0.9965500235557555
0.8245441317558287
0.4741251766681671
0.2030556946992874
0.17299161851406095
0.2079842239618301
0.2355840355157852
0.21340562403202057
0.20009857416152957
0.210941344499588
0.22572696208953855
0.22276984155178073
0.23459832370281217
0.2074913680553436
0.22079841792583463
0.23213405907154083
0.2183341532945633
0.23656973242759705
0.22178412973880768
0.24396254122257233
0.23706258833408356
0.2459339648485184
0.23656973242759705
0.22474125027656555
0.22621981799602509
0.21734844148159027
0.19714145362377167
0.1931986212730408
0.14440611004829407
0.13947758078575134
0.12617053091526031
0.07885657995939255
0.05914243310689926
0.0162641704082489
0.0
0.014785608276724815
0.0162641704082489
0.03302119299769401
0.05618531256914138
0.07885657995939255
0.14785608649253845
0.14440611004829407
0.15771315991878507
0.16510596871376035
0.1808772832155228
0.18679152429103849
0.22178412973880768
0.2198127210140228
0.20502710342407224
0.21488417685031888
0.21241991221904755
0.20009857416152957
0.2074913680553436
0.20157712697982788
0.20108427107334137
0.19615574181079865
0.2272055149078369
0.2020699828863144
0.19862000644207
0.19664859771728516
0.20650567114353177
0.21931986510753632
0.22424839437007904
0.17644159495830536
0.18383440375328064
0.21241991221904755
0.21143420040607447
0.174963042140007
0.21685560047626493
0.2020699828863144
0.2060128152370453
0.2079842239618301
0.23656973242759705
0.18432725965976715
0.20847707986831665
0.2074913680553436
0.21044850349426267
0.23952686786651609
0.2060128152370453
0.21143420040607447
0.1991128623485565
0.2138984650373459
0.26121240854263306
0.2513553500175476
0.28881222009658813
0.31542631983757013
0.3380975723266601
0.36471167206764227
0.3518974781036377
0.3760473132133484
0.3533760607242584
0.33760473132133484
0.29817643761634827
0.22227698564529416
0.19172005355358124
0.19221290946006772
0.17890585958957672
0.21044850349426267
0.20009857416152957
0.15130606293678284
0.05372104421257973
0.10645638406276701
0.3124691843986511
0.5017249584197998
0.8417940139770509
1.0
0.6520453691482544
0.3504189252853393
0.21143420040607447
0.2069985270500183
0.22178412973880768
0.23755544424057007
0.254805326461792
0.22769837081432345
0.2434696853160858
0.25184819102287287
0.23755544424057007
0.280433714389801
0.27304092049598694
0.26466238498687744
0.26564809679985046
0.2686052322387696
0.2853622436523437
0.2705766260623932
0.0
0.0
0.0
0.0
0.0
0.0
0.0
0.0
