1.0
0.9611784815788269
0.7649913430213928
0.558752179145813
0.3840554654598236
0.2526863217353821
0.13275563716888428
0.0967071056365967
0.10329289734363556
0.123050257563591
0.12443674355745316
0.11542461067438124
0.10537261515855788
0.08284229040145874
0.08457539230585098
0.06655112653970718
0.07244367152452467
0.07383015751838685
0.07694973796606064
0.07660312205553056
0.06377816200256348
0.054419409483671195
0.053379550576210015
0.0419410727918148
0.034662045538425446
0.031195839866995808
0.034662045538425446
0.04090121388435364
0.05268630757927895
0.09220103919506073
0.10918544232845306
0.1285961866378784
0.1559792011976242
0.1594454050064087
0.1896013915538788
0.1795493960380554
0.16984401643276215
0.1684575378894806
0.14939340949058533
0.15667244791984558
0.1466204524040222
0.14488734304904935
0.13760831952095032
0.12201039493083952
0.1355285942554474
0.1285961866378784
0.1317157745361328
0.1292894333600998
0.113691508769989
0.12443674355745316
0.12755632400512695
0.1414211392402649
0.14592720568180084
0.11265164613723753
0.12547659873962402
0.12027729302644728
0.12235701829195023
0.12547659873962402
0.10953206568956377
0.12409012019634245
0.11785095185041428
0.11785095185041428
0.1077989637851715
0.0967071056365967
0.12686309218406677
0.1383015662431717
0.1580589264631271
0.1587521731853485
0.14904679358005524
0.1653379499912262
0.15493933856487274
0.12547659873962402
0.10710571706295012
0.09809358417987823
0.1109185442328453
0.09393414109945296
0.10571923851966857
0.11854419112205504
0.08422876894474028
0.09012131392955779
0.08838821202516556
0.0873483568429947
0.10225303471088408
0.09289427846670151
0.1077989637851715
0.10363951325416564
0.08908145874738693
0.09220103919506073
0.10571923851966857
0.11646447330713272
0.132409006357193
0.13448873162269592
0.17261698842048645
0.2727902829647064
0.34246101975440973
0.48561525344848633
0.6714038252830504
0.8759098649024963
0.9819757342338562
0.8859618902206419
0.6755632758140564
0.4665511250495911
0.29532063007354736
0.15424610674381256
0.07798960059881209
0.06031195819377899
0.062045060098171234
0.07071056962013245
0.05511265248060226
0.07175043225288391
0.07036395370960236
0.06793760508298874
0.0630849227309227
0.03431542590260506
0.023916810750961304
0.018717505037784576
0.0
0.0
0.0
0.0
0.0
0.0
0.0
0.0
0.0
0.0
0.0
0.0
0.0
0.0
0.0
0.0
