0.9072164893150328
0.9057437181472777
0.8748158812522888
0.8851251602172852
0.8858615756034851
0.840206205844879
0.8365243077278137
0.7754049897193908
0.6958763003349304
0.646539032459259
0.6318114995956421
0.5854197144508362
0.5544918775558472
0.5574374198913574
0.5360824465751648
0.522827684879303
0.5279823541641235
0.5294550657272339
0.5117820501327515
0.5441825985908508
0.5684830546379088
0.576583206653595
0.5412371158599854
0.5942562818527222
0.545655369758606
0.5758468508720398
0.5486009120941162
0.5235640406608582
0.5243004560470581
0.5044182538986206
0.5184094309806824
0.5471281409263611
0.5360824465751648
0.5250368118286133
0.5478644967079163
0.5979381203651428
0.6509572863578796
0.6701030731201172
0.6597937941551208
0.700294554233551
0.6413843631744385
0.6848306059837341
0.6266568303108215
0.6399116516113281
0.6134020686149597
0.576583206653595
0.5412371158599854
0.4830633401870728
0.4823269546031952
0.45655375719070435
0.47054490447044367
0.4815905690193176
0.469072163105011
0.48600882291793823
0.4683357775211334
0.5957289934158325
0.7172312140464783
0.5375552177429199
0.607511043548584
0.8321060538291931
0.12223858386278152
0.0
0.06332842260599136
0.20250368118286127
0.3740795254707336
0.576583206653595
0.6097201704978943
0.6215022206306458
0.6251841187477112
0.6347569823265076
0.638438880443573
0.6568483114242554
0.6634756922721863
0.6811487674713135
0.6678939461708069
0.6634756922721863
0.6634756922721863
0.7039764523506165
0.7054491639137268
0.7187039852142334
0.7216494679450989
0.7827687859535217
0.8254786729812622
0.8622974753379821
0.8946980834007262
0.9432989954948424
0.9639175534248352
0.9727540612220765
1.0
0.9646539092063904
0.969808518886566
0.9477172493934632
0.8836524486541747
0.8240059018135072
0.7400588989257811
0.73122239112854
0.6877761483192444
0.6362297534942627
0.6318114995956421
0.5905743837356567
0.0
0.0
0.0
0.0
0.0
0.0
0.0
0.0
0.0
0.0
0.0
0.0
0.0
0.0
0.0
0.0
0.0
0.0
0.0
0.0
0.0
0.0
0.0
0.0
0.0
0.0
0.0
0.0
0.0
0.0
0.0
0.0
