0.9784240126609801
0.46810507774353033
0.32833021879196167
0.17823639512062073
0.20356473326683044
0.2335834950208664
0.17542213201522827
0.07317072898149489
0.0938086286187172
0.08818010985851286
0.06378986686468124
0.09005628526210785
0.05722326412796974
0.08255159109830856
0.08255159109830856
0.08348967880010605
0.06285177916288376
0.07035647332668304
0.06566604226827621
0.09193246066570282
0.13133208453655243
0.09005628526210785
0.12382739037275314
0.15103189647197723
0.18011257052421567
0.1941838711500168
0.20825515687465668
0.25140711665153503
0.27767354249954224
0.301125705242157
0.3151969909667969
0.3198874294757843
0.35084426403045654
0.3255159556865692
0.3067542314529419
0.24390244483947757
0.20450282096862793
0.14258912205696103
0.10787992179393768
0.0938086286187172
0.08911819756031036
0.0666041299700737
0.06097561120986938
0.043151970952749245
0.03283302113413811
0.07692307978868483
0.05065666139125824
0.04033771157264709
0.027204502373933792
0.026266416534781453
0.019699811935424805
0.036585364490747445
0.05534709244966506
0.024390242993831635
0.029080675914883614
0.035647280514240265
0.02251407131552696
0.030956847593188282
0.04784240201115608
0.03283302113413811
0.07223264873027802
0.06097561120986938
0.06754221022129059
0.03001876175403595
0.038461539894342416
0.03752345219254494
0.05253283306956291
0.04127579554915428
0.03939962387084961
0.0469043143093586
0.04127579554915428
0.015009380877017975
0.013133208267390728
0.01594746671617031
0.027204502373933792
0.006566604133695364
0.0
0.035647280514240265
0.028142588213086128
0.024390242993831635
0.036585364490747445
0.04409005492925644
0.03001876175403595
0.030956847593188282
0.021575985476374623
0.036585364490747445
0.0666041299700737
0.027204502373933792
0.04221388325095177
0.03939962387084961
0.04878048598766327
0.03283302113413811
0.036585364490747445
0.021575985476374623
0.03283302113413811
0.0534709207713604
0.035647280514240265
0.026266416534781453
0.02063789777457714
0.019699811935424805
0.0469043143093586
0.043151970952749245
0.0469043143093586
0.04127579554915428
0.04502814263105392
0.03939962387084961
0.0666041299700737
0.0534709207713604
0.061913695186376565
0.08161351084709166
0.10787992179393768
0.07786116003990173
0.15759849548339844
0.13789868354797363
0.09943714737892151
0.06378986686468124
0.021575985476374623
0.0469043143093586
0.01125703565776348
0.013133208267390728
0.03752345219254494
0.007504690438508987
0.005628517828881741
0.013133208267390728
0.02251407131552696
0.036585364490747445
0.09756097197532652
0.17823639512062073
0.3939962387084961
1.0
0.6547842621803284
0.3724202513694763
