1.0
0.7726293206214904
0.4655172526836395
0.2623922526836395
0.1681034415960312
0.07112068682909012
0.04256465658545494
0.021012930199503895
0.0037715516518801446
0.01993534527719021
0.018318966031074524
0.03125
0.01885775849223137
0.022629309445619583
0.03340517356991768
0.0360991396009922
0.0258620698004961
0.02801724150776863
0.026400862261652943
0.048491381108760834
0.045258618891239166
0.04418103396892548
0.05657327547669411
0.05980603396892548
0.061961207538843155
0.07596983015537262
0.08081896603107452
0.09051723778247832
0.10290948301553726
0.11853448301553726
0.13577586412429807
0.15571120381355283
0.15086206793785095
0.16433189809322357
0.17025862634181976
0.1853448301553726
0.17887930572032928
0.17403016984462738
0.15463362634181976
0.14762930572032928
0.14385776221752167
0.13308189809322357
0.12068965286016464
0.11260776221752165
0.1072198301553726
0.09913793206214903
0.10506465286016464
0.1034482792019844
0.0878232792019844
0.08836206793785094
0.0985991358757019
0.08081896603107452
0.0829741358757019
0.08243534713983534
0.10021551698446272
0.09321120381355283
0.08674568682909012
0.09698276221752167
0.06896551698446274
0.09752155095338819
0.09321120381355283
0.09590516984462738
0.09051723778247832
0.09321120381355283
0.0985991358757019
0.09913793206214903
0.08674568682909012
0.09159483015537262
0.08351293206214903
0.09482758492231368
0.09213361889123917
0.0878232792019844
0.08997844904661177
0.07165948301553726
0.08243534713983534
0.07543103396892548
0.07165948301553726
0.06681034713983536
0.07058189809322357
0.07758620381355284
0.07650861889123917
0.07435344904661177
0.08081896603107452
0.08028016984462738
0.08189655095338821
0.07543103396892548
0.08674568682909012
0.0985991358757019
0.140625
0.1627155244350433
0.14978447556495667
0.14816810190677643
0.17995689809322357
0.21551723778247836
0.21390086412429807
0.18211206793785092
0.1778017282485962
0.17995689809322357
0.14493533968925476
0.1368534415960312
0.06465516984462738
0.048491381108760834
0.04364224150776863
0.01670258678495884
0.017241379246115685
0.01778017170727253
0.01293103490024805
0.020474137738347054
0.01993534527719021
0.021012930199503895
0.032866381108760834
0.1524784415960312
0.4816810488700866
0.7182112336158752
0.8556034564971923
0.9822198152542113
0.7667025923728944
0.4811422526836395
0.2634698152542114
0.15894396603107452
0.08243534713983534
0.0258620698004961
0.011314654722809792
0.0
0.014008620753884315
0.014547414146363735
0.008081896230578423
0.01778017170727253
0.01939655095338821
0.033943966031074524
0.017241379246115685
0.03125
