1.0
0.6132252216339111
0.2813474833965301
0.20336867868900296
0.13162820041179657
0.07610730081796646
0.05427323654294013
0.01933874003589153
0.03368683531880379
0.04865876585245133
0.05489706620573997
0.039925139397382736
0.03368683531880379
0.07236431539058685
0.06674984097480774
0.08484092354774475
0.08296943455934525
0.08484092354774475
0.08296943455934525
0.1197754219174385
0.12975670397281647
0.1141609475016594
0.1534622609615326
0.1572052389383316
0.15845289826393127
0.18153461813926697
0.19151590764522552
0.20898315310478208
0.2096069902181625
0.213973805308342
0.22145976126194
0.2164691239595413
0.22956955432891843
0.2071116715669632
0.15096694231033325
0.12663754820823667
0.06674984097480774
0.09045539796352385
0.02620087377727032
0.04803493618965149
0.0642545223236084
0.05489706620573997
0.04117280244827271
0.04928259551525116
0.0835932642221451
0.10168433934450148
0.0892077386379242
0.09606987237930298
0.0661260113120079
0.05302557721734047
0.08172177523374556
0.06862133741378784
0.08733624219894409
0.07610730081796646
0.09045539796352385
0.05614472925662994
0.07673113048076628
0.06363069266080856
0.067997507750988
0.07922644913196564
0.0642545223236084
0.04429195076227188
0.08234560489654541
0.04117280244827271
0.08172177523374556
0.07548347115516663
0.08608858287334442
0.04429195076227188
0.07049282640218735
0.06175919994711876
0.039301309734582894
0.057392388582229614
0.049906425178050995
0.057392388582229614
0.039301309734582894
0.04865876585245133
0.06300686299800873
0.043668121099472046
0.0835932642221451
0.07860261946916579
0.1035558357834816
0.16157205402851105
0.18465377390384677
0.21334996819496155
0.18340611457824707
0.21771678328514096
0.25077977776527405
0.14597629010677335
0.12726138532161713
0.08546475321054457
0.05614472925662994
0.04741110280156136
0.02932002581655979
0.027448533102869987
0.018091078847646717
0.018091078847646717
0.021834060549736023
0.03618215769529343
0.008733624592423439
0.099812850356102
0.3300062417984009
0.5938864350318909
0.9363692998886108
0.6781035661697388
0.3923892676830292
0.2956955730915069
0.15970055758953094
0.08546475321054457
0.09482220560312273
0.049906425178050995
0.0
0.04928259551525116
0.029943855479359623
0.04179663211107255
0.04741110280156136
0.05926388129591942
0.06862133741378784
0.09357454627752304
0.05302557721734047
0.117903932929039
0.11353711783885956
0.1054273247718811
0.0
0.0
0.0
0.0
0.0
0.0
0.0
0.0
0.0
0.0
