1.0
0.7896103858947755
0.3967532515525818
0.29805195331573486
0.2668831050395965
0.17012986540794373
0.12662337720394135
0.11233766376972198
0.13701298832893372
0.13116882741451263
0.12467532604932784
0.13246753811836243
0.12857143580913544
0.13701298832893372
0.14935064315795898
0.1441558450460434
0.1474025994539261
0.15389610826969147
0.16363635659217834
0.16753247380256653
0.15129870176315308
0.1746753305196762
0.15194804966449735
0.15064935386180875
0.16558441519737244
0.15519480407238007
0.16428571939468384
0.1441558450460434
0.16298700869083405
0.15974025428295135
0.16168831288814545
0.16753247380256653
0.1798701286315918
0.21818181872367856
0.24935065209865567
0.22662337124347687
0.22597402334213257
0.20519480109214783
0.2090909034013748
0.23116883635520932
0.20584414899349207
0.22272726893424988
0.2006493508815765
0.23181818425655365
0.19090908765792847
0.20259740948677063
0.17402596771717072
0.1772727221250534
0.19740259647369385
0.18441557884216309
0.20454545319080353
0.16688311100006104
0.15844155848026276
0.21623376011848447
0.18441557884216309
0.12467532604932784
0.15454545617103577
0.19675324857234955
0.1746753305196762
0.15844155848026276
0.15909090638160703
0.15909090638160703
0.19285714626312253
0.15909090638160703
0.1785714328289032
0.19090908765792847
0.15064935386180875
0.16558441519737244
0.2103896141052246
0.2538961172103882
0.290909081697464
0.31558442115783686
0.30649352073669434
0.325324684381485
0.30649352073669434
0.2603895962238312
0.2603895962238312
0.24090908467769623
0.22142857313156128
0.2272727340459824
0.1746753305196762
0.16883116960525513
0.09870129823684691
0.12662337720394135
0.1441558450460434
0.11753246933221816
0.14610388875007627
0.02207792177796364
0.027922077104449272
0.04740259796380997
0.0
0.30389609932899475
0.9129869937896729
0.9733766317367551
0.6954545378684998
0.27402597665786743
0.2474025934934616
0.2220779210329056
0.15324676036834717
0.10000000149011612
0.1064935028553009
0.12012986838817596
0.07792207598686218
0.08896104246377945
0.1006493493914604
0.09220778942108153
0.09090909361839294
0.08376623690128326
0.1071428582072258
0.09350649267435072
0.09220778942108153
0.0
0.0
0.0
0.0
0.0
0.0
0.0
0.0
0.0
0.0
0.0
0.0
0.0
0.0
0.0
0.0
0.0
0.0
0.0
0.0
0.0
