1.0
0.3796849548816681
0.23900054395198825
0.09397067129611969
0.042911462485790246
0.07278653234243393
0.08039109408855438
0.057577405124902725
0.07170016318559647
0.06192286685109138
0.057034220546483994
0.06083650141954421
0.059750135987997055
0.07658880949020386
0.07441607862710951
0.05920695140957832
0.07387289404869078
0.08527974039316177
0.08690928667783737
0.09342748671770096
0.0956002175807953
0.08365018665790556
0.08527974039316177
0.0825638249516487
0.07984790951013565
0.0825638249516487
0.09668658673763277
0.08962520211935043
0.08147745579481123
0.09016838669776915
0.0
0.06844106316566467
0.10972297936677931
0.11950027197599412
0.07821836322546005
0.09451384842395782
0.11569798737764359
0.11189571022987364
0.10211841762065887
0.09668658673763277
0.0890820175409317
0.09071157127618787
0.08419337123632431
0.09342748671770096
0.10320477932691574
0.09397067129611969
0.08419337123632431
0.11135252565145493
0.08093427121639252
0.08745247125625609
0.07658880949020386
0.08690928667783737
0.08147745579481123
0.09179793298244476
0.08636610209941864
0.06952743232250214
0.06681151688098907
0.09125475585460663
0.08582292497158049
0.08527974039316177
0.06572514772415161
0.05866377055644989
0.08745247125625609
0.0977729484438896
0.0977729484438896
0.08039109408855438
0.09179793298244476
0.10700706392526627
0.08039109408855438
0.15860944986343384
0.12330255657434464
0.13742531836032867
0.15154807269573212
0.1662140190601349
0.18794134259223935
0.17870722711086273
0.16404128074645996
0.1363389492034912
0.0977729484438896
0.08527974039316177
0.07278653234243393
0.07658880949020386
0.07170016318559647
0.07495926320552827
0.06355241686105728
0.0825638249516487
0.0776751786470413
0.070613794028759
0.006518196780234575
0.16512764990329742
0.4057577550411224
0.7794677019119263
0.8245518803596495
0.25258010625839233
0.2313959747552872
0.11515481024980544
0.05594785511493682
0.0260727871209383
0.06137968599796295
0.05866377055644989
0.05323193967342377
0.09505703300237656
0.06572514772415161
0.06409560143947601
0.0673547014594078
0.07115697860717773
0.06518196314573288
0.06137968599796295
0.08039109408855438
0.08419337123632431
0.0
0.0
0.0
0.0
0.0
0.0
0.0
0.0
0.0
0.0
0.0
0.0
0.0
0.0
0.0
0.0
0.0
0.0
0.0
0.0
0.0
0.0
