1.0
0.6891515851020813
0.4248956739902496
0.33449235558509827
0.2141863703727722
0.1369958221912384
0.08970792591571808
0.08553546667098999
0.05006954073905945
0.07232267409563065
0.07858136296272278
0.09874825924634931
0.09318497776985168
0.07301808148622511
0.07371348887681961
0.10570236295461655
0.1070931851863861
0.10431154072284698
0.1077885925769806
0.1070931851863861
0.12100139260292052
0.1662030667066574
0.1689846962690353
0.1738525778055191
0.19471488893032077
0.2079276740550995
0.2155771851539612
0.25034770369529724
0.2663421332836151
0.24478442966938016
0.3031988739967346
0.28720444440841675
0.29763561487197876
0.2586926221847534
0.22114047408103943
0.2051460295915604
0.17315715551376343
0.1070931851863861
0.08623087406158446
0.06606397777795792
0.09457580000162125
0.08484005928039551
0.08831710368394852
0.10570236295461655
0.10917941480875017
0.12030597776174544
0.10222531110048294
0.0994436740875244
0.09805285185575485
0.09040334075689316
0.1112656444311142
0.09388039261102675
0.09805285185575485
0.10431154072284698
0.09735744446516037
0.11196105927228928
0.09874825924634931
0.07997218519449234
0.07649513334035873
0.09388039261102675
0.08553546667098999
0.08344923704862593
0.0744089037179947
0.08623087406158446
0.0744089037179947
0.0813630074262619
0.05702364444732665
0.07927677035331726
0.05771905556321144
0.10570236295461655
0.07649513334035873
0.07093185186386108
0.06884562224149704
0.07788595557212828
0.06815020740032196
0.09318497776985168
0.08623087406158446
0.06954102963209152
0.04798331111669541
0.05841446295380592
0.01460361573845148
0.1300417184829712
0.12726008892059326
0.17872044444084167
0.1738525778055191
0.16063977777957916
0.2155771851539612
0.2030598074197769
0.22322671115398407
0.2698192000389099
0.20166897773742676
0.17037552595138547
0.10013908147811888
0.04937412962317467
0.03407510370016098
0.031293462961912155
0.031293462961912155
0.0
0.01529902685433626
0.029902642592787743
0.019471488893032077
0.00834492314606905
0.09457580000162125
0.26495131850242615
0.6258692741394042
0.8880389332771301
0.7579972147941588
0.4860917925834656
0.3296244740486145
0.18358831107616425
0.10500695556402206
0.05424200370907784
0.04798331111669541
0.026425590738654137
0.05006954073905945
0.042420029640197754
0.022253129631280896
0.06815020740032196
0.042420029640197754
0.04867872223258018
0.07232267409563065
0.0813630074262619
0.08970792591571808
0.08484005928039551
0.09457580000162125
0.12030597776174544
0.13908205926418304
0.1369958221912384
0.1467315703630447
0.0
0.0
0.0
