1.0
0.4859813153743744
0.14597240090370178
0.08144192397594453
0.14107699692249298
0.1050289273262024
0.1232754811644554
0.12372051924467085
0.11348464339971542
0.12906096875667572
0.10636404156684875
0.1165999099612236
0.10992434620857237
0.0970182493329048
0.13039608299732208
0.10725411772727966
0.12416555732488632
0.12505562603473663
0.1068090796470642
0.14641743898391724
0.13217623531818387
0.1446373015642166
0.1522029340267181
0.13351134955883026
0.17623497545719147
0.1593235433101654
0.16688919067382812
0.1633288860321045
0.1477525532245636
0.17623497545719147
0.1468624770641327
0.1379617303609848
0.1214953288435936
0.1010235846042633
0.12194036692380904
0.1019136607646942
0.1068090796470642
0.11081442236900328
0.10146862268447876
0.1214953288435936
0.10903427004814148
0.11348464339971542
0.11348464339971542
0.1068090796470642
0.13484646379947662
0.11748998612165452
0.12105029076337814
0.126390740275383
0.11927013844251633
0.13440142571926117
0.11570983380079268
0.11081442236900328
0.12016021460294724
0.09835336357355116
0.12194036692380904
0.10547396540641785
0.09657321125268936
0.11036938428878784
0.08811748772859573
0.11437471956014632
0.09746328741312027
0.09390298277139664
0.09523809701204303
0.08099688589572905
0.10324877500534056
0.09301290661096573
0.10146862268447876
0.11526479572057724
0.12416555732488632
0.1575433909893036
0.14641743898391724
0.13707165420055387
0.15620827674865723
0.15531820058822632
0.20071205496788025
0.20827770233154297
0.16199377179145813
0.13573653995990753
0.07743658125400542
0.11259456723928452
0.08322207629680634
0.06453048437833786
0.061860259622335434
0.040943481028079994
0.06453048437833786
0.05295950174331665
0.051179349422454834
0.051179349422454834
0.029372496530413628
0.0534045398235321
0.04984423518180847
0.0
0.07298620045185089
0.282153993844986
0.5923453569412231
0.9523809552192689
0.9897641539573667
0.465064525604248
0.09879839420318605
0.07076101750135422
0.10280373692512512
0.0796617716550827
0.0863373354077339
0.06942590326070786
0.10146862268447876
0.07788161933422089
0.09167779237031937
0.08500222861766814
0.07298620045185089
0.10146862268447876
0.09301290661096573
0.08589229732751846
0.09790832549333571
0.07743658125400542
0.10235869884490965
0.1019136607646942
0.10458388924598692
0.10324877500534056
0.0
0.0
0.0
0.0
0.0
0.0
0.0
0.0
0.0
0.0
0.0
0.0
0.0
0.0
