1.0
0.783823549747467
0.5852941274642944
0.22156862914562225
0.03872549161314964
0.1039215698838234
0.11078431457281113
0.16029411554336548
0.15833333134651184
0.16813725233078003
0.18088234961032867
0.1617647111415863
0.19558823108673093
0.16421568393707275
0.18333333730697632
0.19264705479145047
0.17843137681484222
0.2088235318660736
0.19117647409439087
0.21029411256313324
0.22254902124404907
0.20098039507865903
0.23676469922065732
0.2147058844566345
0.2338235229253769
0.24754901230335236
0.2299019545316696
0.27156862616539
0.24656862020492556
0.2696078419685364
0.2852941155433655
0.2651960849761963
0.3029411733150482
0.2720588147640228
0.2857843041419983
0.2857843041419983
0.25980392098426813
0.2764706015586853
0.23284313082695007
0.2235294133424759
0.21617646515369413
0.18137255311012268
0.2098039239645004
0.1661764681339264
0.17058824002742767
0.1764705926179886
0.14950980246067047
0.1818627417087555
0.1504901945590973
0.17107842862606049
0.17549020051956177
0.15539215505123138
0.1882352977991104
0.15980392694473267
0.16519607603549957
0.18088234961032867
0.15490196645259857
0.18921568989753723
0.1568627506494522
0.17009803652763367
0.1818627417087555
0.1504901945590973
0.17549020051956177
0.15392157435417175
0.1529411822557449
0.17009803652763367
0.14754901826381683
0.1779411733150482
0.13823530077934265
0.14362744987010956
0.15196079015731812
0.1308823525905609
0.16274510324001312
0.12892156839370728
0.14215686917304993
0.14460784196853635
0.125490203499794
0.1568627506494522
0.12990196049213407
0.13774509727954865
0.14754901826381683
0.125490203499794
0.1563725471496582
0.13382352888584137
0.13676470518112183
0.15539215505123138
0.1308823525905609
0.15833333134651184
0.1303921639919281
0.1455882340669632
0.1558823585510254
0.1352941244840622
0.16127450764179227
0.1401960849761963
0.1401960849761963
0.17892156541347504
0.1632352918386459
0.20588235557079315
0.1828431338071823
0.1980392187833786
0.26274511218070984
0.24215686321258545
0.2397058755159378
0.19705882668495175
0.16519607603549957
0.1720588207244873
0.12647059559822083
0.1401960849761963
0.08529412001371382
0.0892156884074211
0.11323529481887816
0.07941176742315292
0.11225490272045135
0.08676470816135406
0.061764705926179886
0.029901960864663124
0.1411764770746231
0.38480392098426813
0.6299019455909729
0.9107843041419984
0.7715686559677123
0.5333333611488342
0.2544117569923401
0.0
0.04264706000685692
0.10833333432674408
0.1098039224743843
0.17892156541347504
0.14509804546833038
0.14362744987010956
0.17598038911819458
0.14852941036224365
