1.0
0.8610694408416749
0.5552223920822144
0.21689155697822568
0.20489755272865293
0.16841578483581543
0.07396301627159119
0.0779610201716423
0.055972013622522354
0.045477259904146194
0.05247376486659049
0.04497751221060753
0.07546226680278778
0.0779610201716423
0.08745627105236053
0.09445277601480483
0.0949525237083435
0.07996001839637756
0.104947529733181
0.07996001839637756
0.05647176504135132
0.05147426202893257
0.04647676274180412
0.04347826167941093
0.03998000919818878
0.05247376486659049
0.06396801769733429
0.05647176504135132
0.07646176964044571
0.104947529733181
0.09545227140188216
0.12543727457523343
0.11994002759456635
0.13143427670001984
0.141929030418396
0.13943028450012207
0.12093953043222427
0.14092953503131866
0.14492753148078918
0.14642678201198575
0.141929030418396
0.15142428874969482
0.1374312788248062
0.154422789812088
0.1359320282936096
0.13243378698825836
0.16191904246807098
0.14692653715610504
0.184907540678978
0.21089455485343933
0.23088455200195312
0.23288355767726895
0.2438780665397644
0.20189905166625977
0.16941529512405396
0.2283858060836792
0.1744127869606018
0.16941529512405396
0.16241879761219025
0.1374312788248062
0.10144927352666853
0.09545227140188216
0.10994502902030943
0.10394802689552309
0.12393803149461746
0.0749625191092491
0.0
0.07896052300930022
0.06546726822853088
0.08895552158355712
0.3608195781707764
0.9250375032424927
0.8925537467002868
0.6006996631622313
0.2538730502128601
0.2053973078727722
0.20589704811573029
0.1569215357303619
0.08195902407169342
0.08695652335882186
0.0734632685780525
0.08845577389001846
0.08645676821470259
0.08695652335882186
0.1079460233449936
0.1019490286707878
0.0
0.0
0.0
0.0
0.0
0.0
0.0
0.0
0.0
0.0
0.0
0.0
0.0
0.0
0.0
0.0
0.0
0.0
0.0
0.0
0.0
0.0
0.0
0.0
0.0
0.0
0.0
0.0
0.0
0.0
0.0
0.0
0.0
0.0
0.0
0.0
0.0
0.0
0.0
0.0
0.0
0.0
0.0
0.0
0.0
0.0
