1.0
0.8644911646842957
0.7378318309783934
0.3523229956626892
0.2582964599132538
0.24889381229877472
0.19690264761447904
0.243915930390358
0.21128319203853607
0.17975664138793945
0.08462389558553694
0.2228982299566269
0.16648229956626892
0.13661503791809082
0.18528760969638824
0.2853982448577881
0.2417035400867462
0.22234512865543363
0.1930309683084488
0.1930309683084488
0.18418142199516296
0.21128319203853607
0.2040929198265076
0.18860618770122528
0.1792035400867462
0.24004425108432767
0.27046459913253784
0.29314160346984863
0.27323007583618164
0.24280972778797147
0.2715708017349243
0.2317477911710739
0.19026549160480496
0.16371680796146393
0.1432522088289261
0.11061947047710417
0.08573009073734283
0.0752212405204773
0.025442477315664288
0.048672568053007126
0.017699114978313446
0.0049778763204813
0.0
0.012721238657832144
0.029314158484339718
0.05696902796626091
0.04646017774939537
0.03207964450120926
0.049225661903619766
0.04037610441446304
0.030420353636145592
0.03152654692530632
0.04977875947952271
0.05586283281445503
0.025995574891567234
0.060840707272291183
0.06028760969638824
0.05807521939277649
0.0625
0.08130531013011932
0.05199114978313447
0.08407079428434373
0.05199114978313447
0.08462389558553694
0.08296459913253784
0.07688052952289581
0.07466813921928404
0.07688052952289581
0.1023230105638504
0.09292035549879074
0.08517698943614958
0.08849557489156723
0.12389380484819412
0.08738937973976134
0.09623894095420835
0.1167035400867462
0.10066371411085127
0.09789822995662688
0.09347344934940338
0.11725663393735884
0.11393805593252182
0.10564159601926804
0.09015486389398576
0.10674779117107391
0.10453540086746216
0.06747787445783615
0.0923672541975975
0.10730088502168655
0.11615043878555296
0.08628318458795547
0.09623894095420835
0.10730088502168655
0.09955751895904541
0.0824115052819252
0.08075220882892609
0.12887167930603027
0.09181416034698486
0.10287610441446304
0.09845132380723952
0.07079645991325377
0.09126105904579161
0.10398229956626892
0.10066371411085127
0.11061947047710417
0.10176990926265717
0.20243363082408905
0.1532079577445984
0.14601770043373108
0.1731194704771042
0.2018805295228958
0.24889381229877472
0.23230087757110596
0.20353981852531436
0.16095133125782013
0.1504424810409546
0.12112832069396973
0.04701327532529831
0.0625
0.05641593039035797
0.06858406960964203
0.06360619515180588
0.05586283281445503
0.07743363082408905
0.5669247508049011
1.0
0.7505530714988707
0.5442478060722351
0.25553098320961
0.19800885021686557
0.1592920422554016
0.18805310130119324
0.10564159601926804
