0.9889094233512878
0.9445471167564392
0.8696857690811157
0.8659889101982116
0.7865064740180969
0.7449167966842651
0.6811460256576538
0.6728280782699585
0.6765249371528625
0.6598891019821167
0.6820702552795409
0.6839186549186707
0.7597042322158812
0.7292051911354066
0.6321626901626587
0.8659889101982116
1.0
0.2042513936758041
0.0
0.10258779674768448
0.5184842944145203
0.5887246131896973
0.5822550654411316
0.6275416016578673
0.5951941013336182
0.6386321783065796
0.639556348323822
0.621996283531189
0.6386321783065796
0.611829936504364
0.6506469249725342
0.6312384605407715
0.6441774368286133
0.6487985253334044
0.6201478838920593
0.6774491667747498
0.664510190486908
0.6534196138381958
0.6774491667747498
0.6709796786308289
0.7088724374771118
0.733826220035553
0.7467652559280396
0.7865064740180969
0.790203332901001
0.8622920513153075
0.8826247453689574
0.9029574990272522
0.9445471167564392
0.926987051963806
0.9454713463783264
0.9242144227027891
0.8900184631347656
0.8835489749908446
0.8105360269546509
0.8077633976936339
0.7948244214057921
0.7791127562522888
0.7883548736572266
0.7365989089012147
0.7513863444328307
0.7430683970451355
0.719963014125824
0.727356731891632
0.6950092315673828
0.719963014125824
0.706099808216095
0.6885397434234619
0.7033271789550781
0.6728280782699585
0.6913123726844788
0.6756007671356201
0.6719039082527161
0.6857671141624451
0.6635859608650208
0.6802217960357666
0.6765249371528625
0.6626617312431335
0.6756007671356201
0.6719039082527161
0.7051755785942078
0.6894639730453491
0.6635859608650208
0.6829944252967833
0.6626617312431335
0.6987060904502869
0.6996303200721741
0.6709796786308289
0.6885397434234619
0.6746765375137329
0.6977818608283997
0.6876155138015747
0.6792976260185242
0.6968576908111572
0.6672828197479248
0.7070240378379822
0.6903881430625916
0.6802217960357666
0.6987060904502869
0.6857671141624451
0.706099808216095
0.7088724374771118
0.6913123726844788
0.7014787197113037
0.6792976260185242
0.7347504496574403
0.7402957677841185
0.7587800621986389
0.8031423091888428
0.8308687806129454
0.8595194220542908
0.8937153220176696
0.919593334197998
0.9168207049369811
0.8622920513153075
0.8512014746665953
0.790203332901001
0.7107208967208862
0.692236602306366
0.6589648723602295
0.6728280782699585
0.6460258960723877
0.6330868601799011
0.6728280782699585
0.0
0.0
0.0
0.0
0.0
0.0
0.0
0.0
