0.9394879937171936
0.9635376334190368
0.7075251936912537
0.39332816004753113
0.26997673511505127
0.1644685864448547
0.259115606546402
0.2257564067840576
0.20791311562061307
0.1466252952814102
0.12567882239818573
0.15283165872097015
0.13421256840229034
0.17222653329372406
0.14507369697093964
0.12257564067840576
0.11171450465917589
0.12179984152317049
0.1093871220946312
0.10473234951496124
0.1194724589586258
0.09542281180620192
0.0977501943707466
0.08844064921140671
0.0775795206427574
0.07447633892297743
0.07370053976774214
0.05430566146969795
0.048875097185373306
0.04344452917575836
0.036462374031543725
0.020946471020579335
0.0
0.016291698440909386
0.038789760321378715
0.0775795206427574
0.10473234951496124
0.10705973953008652
0.11093871295452117
0.1373157501220703
0.12257564067840576
0.14584949612617493
0.13110938668251035
0.14972847700119019
0.12024825811386108
0.15205585956573486
0.12257564067840576
0.0977501943707466
0.10085337609052658
0.10395655781030654
0.11326609551906584
0.0977501943707466
0.11404189467430113
0.07214895635843278
0.10705973953008652
0.08533746749162675
0.07059736549854279
0.0977501943707466
0.12102404981851576
0.15438324213027954
0.13266097009181976
0.10085337609052658
0.1644685864448547
0.20325833559036252
0.1675717681646347
0.1442979127168655
0.14274631440639496
0.12723040580749512
0.07292474806308745
0.07835531234741211
0.055857252329587936
0.06439100205898285
0.06361520290374756
0.03180760145187378
0.08456167578697203
0.0690457746386528
0.0775795206427574
0.12645462155342102
0.2071373164653778
0.47090768814086914
0.6400310397148132
0.6353762745857239
0.9270752668380736
0.8952676653861998
1.0
0.8929402828216552
0.5872769355773926
0.2668735384941101
0.188518226146698
0.17532971501350403
0.15050426125526428
0.1582622230052948
0.08378588408231734
0.0496508926153183
0.06439100205898285
0.03723816946148872
0.01861908473074436
0.029480217024683952
0.0
0.0
0.0
0.0
0.0
0.0
0.0
0.0
0.0
0.0
0.0
0.0
0.0
0.0
0.0
0.0
0.0
0.0
0.0
0.0
0.0
0.0
0.0
0.0
0.0
0.0
0.0
0.0
0.0
0.0
0.0
0.0
0.0
0.0
