0.9781659245491027
0.9160601496696472
0.3978651165962219
0.0359048992395401
0.0684133917093277
0.11741872876882552
0.14119359850883484
0.1348859816789627
0.0994662791490555
0.08636584132909775
0.08976224809885025
0.08539544045925139
0.09849587827920912
0.11305191367864607
0.15963125228881836
0.15623483061790466
0.12615235149860382
0.0907326564192772
0.12712275981903076
0.1518680304288864
0.14798641204833984
0.20378457009792328
0.14556041359901428
0.1659388691186905
0.1916545331478119
0.2100921869277954
0.23192624747753143
0.21106259524822235
0.2712275683879852
0.2959728240966797
0.25764191150665283
0.2901504039764404
0.2508490979671478
0.325084924697876
0.3605045974254608
0.26589033007621765
0.3265404999256134
0.29354682564735407
0.2231926321983337
0.2222222238779068
0.19019892811775208
0.16108685731887817
0.16885007917881012
0.15963125228881836
0.16690926253795624
0.16302765905857086
0.17176127433776855
0.19213974475860596
0.16545365750789642
0.12178554385900496
0.16496846079826355
0.20426976680755612
0.197962149977684
0.18195050954818723
0.15769043564796448
0.16545365750789642
0.19213974475860596
0.18000970780849457
0.19408054649829865
0.21251820027828217
0.14119359850883484
0.197962149977684
0.1639980524778366
0.1639980524778366
0.2231926321983337
0.23920427262783048
0.18292091786861417
0.272197961807251
0.24890829622745517
0.24308587610721588
0.26589033007621765
0.28044638037681574
0.21300339698791504
0.13537117838859558
0.08588063716888428
0.1193595305085182
0.14944201707839963
0.13197477161884308
0.052886947989463806
0.07472100853919984
0.04560892656445503
0.07617661356925964
0.11014071106910704
0.048520136624574654
0.003881610929965973
0.04415332525968552
0.2440562844276428
0.6424065828323364
1.0
0.7661329507827759
0.2382338643074036
0.0
0.08588063716888428
0.06307617574930191
0.0902474522590637
0.06938379257917404
0.04997574165463448
0.049490537494421005
0.049490537494421005
0.06113537028431892
0.11547792702913284
0.08102862536907197
0.06307617574930191
0.043182920664548874
0.07811741530895233
0.0
0.0
0.0
0.0
0.0
0.0
0.0
0.0
0.0
0.0
0.0
0.0
0.0
0.0
0.0
0.0
0.0
0.0
0.0
0.0
0.0
0.0
0.0
0.0
0.0
0.0
0.0
