1.0
0.6984359622001648
0.42375367879867554
0.34066471457481384
0.24291300773620603
0.1891495585441589
0.12707722187042236
0.09481915831565857
0.10703812539577484
0.08797653764486314
0.11290322244167328
0.1006842628121376
0.09139785170555113
0.12218964099884032
0.13049852848052979
0.12316715717315672
0.1339198499917984
0.11485826224088667
0.12023460119962692
0.1348973661661148
0.14320625364780426
0.16129031777381897
0.17253176867961884
0.20674486458301544
0.20869989693164823
0.23607037961483
0.24535679817199707
0.24242424964904785
0.2487781047821045
0.2355816215276718
0.2282502502202988
0.21945258975028992
0.19990225136280057
0.1974584609270096
0.18670576810836792
0.16324535012245178
0.15689149498939514
0.13734115660190582
0.1348973661661148
0.11876832693815231
0.12121212482452393
0.10899315774440764
0.09775171428918839
0.09433040022850035
0.08651026338338853
0.06500488519668579
0.07086998969316483
0.0493646152317524
0.05327468365430832
0.03470185771584511
0.021994134411215786
0.03812316805124282
0.026392962783575055
0.04692082107067108
0.03176930546760559
0.0503421314060688
0.050830889493227005
0.027370478957891464
0.06304985284805298
0.041055720299482346
0.06304985284805298
0.061094820499420166
0.021994134411215786
0.034213099628686905
0.04740957915782928
0.05376344174146652
0.04007820039987564
0.021994134411215786
0.037145651876926415
0.028347996994853016
0.05180840566754341
0.04496578872203826
0.0493646152317524
0.061094820499420166
0.0674486830830574
0.09286412596702576
0.11045943200588226
0.09286412596702576
0.07086998969316483
0.07869012653827667
0.10654936730861664
0.10850439965724944
0.06940371543169022
0.09628543257713315
0.08895405381917953
0.09775171428918839
0.09481915831565857
0.04447702690958977
0.0498533733189106
0.012218964286148548
0.017106549814343452
0.012218964286148548
0.0
0.013196481391787527
0.007331378292292356
0.014662756584584711
0.01564027369022369
0.0029325513169169426
0.02003910019993782
0.02688172087073326
0.18084067106246948
0.5312805771827698
0.8431084752082824
0.5913978219032288
0.31036168336868286
0.24144671857357025
0.15786901116371155
0.0669599249958992
0.04398826882243157
0.023949168622493744
0.014173998497426508
0.014173998497426508
0.016129031777381897
0.04056695848703384
0.05376344174146652
0.039100684225559235
0.04398826882243157
0.07917888462543486
0.1006842628121376
0.09286412596702576
0.13049852848052979
0.12414467334747314
0.0
0.0
0.0
0.0
0.0
0.0
0.0
0.0
0.0
0.0
