1.0
0.6993681192398071
0.2021948844194412
0.0
0.11107415705919264
0.18523445725440976
0.2667109966278076
0.35450616478919983
0.42035251855850214
0.4363152682781219
0.446291983127594
0.4496175646781921
0.4575989246368408
0.44928500056266785
0.44861987233161926
0.4589291512966156
0.4605919420719146
0.4639175236225128
0.4712337851524353
0.48021283745765686
0.48087796568870544
0.4845360815525055
0.4965081512928009
0.5118057727813721
0.5157964825630188
0.5314266681671144
0.5424010753631592
0.5440638661384584
0.5424010753631592
0.5414034128189087
0.5251080989837646
0.5221150517463684
0.5144662261009216
0.5108081102371216
0.5024941563606262
0.5041569471359253
0.5038244128227234
0.4981709420681
0.5028267502784729
0.5041569471359253
0.5024941563606262
0.5078151226043701
0.5058197379112244
0.5121383666992188
0.5071499943733215
0.5104755759239197
0.5177918076515198
0.5404056906700134
0.5593615174293518
0.5510475635528564
0.5563684701919556
0.5440638661384584
0.5191220641136169
0.5001662969589232
0.4805454015731812
0.4978383779525757
0.49883604049682617
0.4825407266616821
0.4891918897628784
0.4921849071979522
0.5001662969589232
0.4931825697422028
0.491852343082428
0.4905221164226532
0.5001662969589232
0.49085468053817755
0.5131360292434692
0.6637845039367676
0.7748586535453795
0.7565680146217345
0.8436980247497559
0.8270701766014099
0.47389423847198486
0.03126039355993271
0.10675091296434402
0.18523445725440976
0.21582973003387448
0.3591619431972504
0.4160292744636536
0.4669105410575866
0.47090122103691107
0.48653143644332886
0.48752909898757935
0.48653143644332886
0.49085468053817755
0.0
0.0
0.0
0.0
0.0
0.0
0.0
0.0
0.0
0.0
0.0
0.0
0.0
0.0
0.0
0.0
0.0
0.0
0.0
0.0
0.0
0.0
0.0
0.0
0.0
0.0
0.0
0.0
0.0
0.0
0.0
0.0
0.0
0.0
0.0
0.0
0.0
0.0
0.0
0.0
0.0
0.0
0.0
0.0
0.0
0.0
0.0
