1.0
0.5762603878974915
0.22271856665611267
0.472878098487854
0.5781748294830321
0.4358647167682648
0.3573707640171051
0.2878111004829407
0.30121251940727234
0.3331206142902374
0.2820676565170288
0.30950862169265747
0.3037651479244232
0.3075941205024719
0.31142309308052063
0.32610082626342773
0.3031269907951355
0.3024888336658478
0.30121251940727234
0.29419273138046265
0.2929163873195648
0.2992980182170868
0.2520740330219269
0.23994894325733185
0.20740267634391785
0.18634332716465
0.14741544425487518
0.12125080078840256
0.09572431445121764
0.06636885553598404
0.04211869835853577
0.056796427816152566
0.033822592347860336
0.04913848266005516
0.09253350645303726
0.13082322478294373
0.17613273859024048
0.22080408036708832
0.20931716263294217
0.25271219015121454
0.280791312456131
0.2827058136463165
0.2916400730609894
0.29738354682922363
0.30121251940727234
0.3133375942707062
0.3273771405220032
0.3331206142902374
0.33439692854881287
0.3401404023170471
0.342693030834198
0.3924696743488312
0.4052329361438751
0.46585834026336664
0.4543714225292206
0.5067006945610046
0.5054243803024292
0.5028717517852783
0.4403318464756012
0.407785564661026
0.3892788887023926
0.3414167165756225
0.2980217039585113
0.27568602561950684
0.30440330505371094
0.27249521017074585
0.24696873128414157
0.27568602561950684
0.26483726501464844
0.260370135307312
0.2418634295463562
0.26930439472198486
0.24696873128414157
0.25271219015121454
0.24633057415485385
0.1703892797231674
0.0
0.08359923213720322
0.22399489581584928
0.6234843730926514
0.958519458770752
0.24122527241706848
0.2450542449951172
0.558391809463501
0.4333120584487915
0.35545629262924194
0.2673899233341217
0.2565411627292633
0.26866623759269714
0.24696873128414157
0.2622846066951752
0.2769623398780823
0.2699425518512726
0.2654754221439361
0.0
0.0
0.0
0.0
0.0
0.0
0.0
0.0
0.0
0.0
0.0
0.0
0.0
0.0
0.0
0.0
0.0
0.0
0.0
0.0
0.0
0.0
0.0
0.0
0.0
0.0
0.0
0.0
0.0
0.0
0.0
0.0
0.0
0.0
0.0
0.0
0.0
0.0
