0.9996336698532104
0.7791208624839783
0.1230769231915474
0.24945054948329923
0.46630036830902094
0.5787546038627625
0.5465201735496521
0.5578754544258118
0.5641025900840759
0.5633699893951416
0.5688644647598267
0.565201461315155
0.569597065448761
0.5714285969734192
0.5725274682044983
0.5754578709602356
0.5688644647598267
0.5794872045516968
0.5846154093742371
0.5710622668266296
0.5824176073074341
0.5644688606262207
0.5802198052406311
0.5853480100631714
0.5750916004180908
0.5842490792274475
0.5692307949066162
0.569597065448761
0.55421245098114
0.5146520137786865
0.49743589758872986
0.4809523820877075
0.48168498277664173
0.4593406617641449
0.43443223834037775
0.42747253179550165
0.41465201973915106
0.43846154212951666
0.4611721634864807
0.4655677676200866
0.4846153855323792
0.48754578828811646
0.5179487466812134
0.5304029583930969
0.5329670310020447
0.542124569416046
0.5531135797500609
0.5648351907730104
0.55970698595047
0.5509157776832581
0.5534798502922058
0.5545787811279297
0.5611721873283385
0.5534798502922058
0.5443223714828491
0.5509157776832581
0.5399267673492432
0.5586080551147461
0.5468864440917969
0.531501829624176
0.5373626351356505
0.5289377570152283
0.5523809790611267
0.5366300344467163
0.5256410241127014
0.535897433757782
0.5322344303131104
0.535897433757782
0.523809552192688
0.5091575384140015
0.5329670310020447
0.5142857432365417
0.5278388261795044
0.5212454199790955
0.5095238089561462
0.5351648330688477
0.5304029583930969
0.5344322323799133
0.5197802186012268
0.5168498158454895
0.5388278365135193
0.5304029583930969
0.5516483783721924
0.55421245098114
0.5608058571815491
0.5501831769943237
0.5417582392692566
0.5300366282463074
0.4956043958663941
0.48754578828811646
0.5018315315246582
0.5084249377250671
0.5245421528816223
0.49670329689979553
0.4893772900104522
0.4934065937995911
0.49084249138832087
0.4959706962108612
0.4805860817432404
0.49487179517745966
0.5142857432365417
0.5761904716491699
0.6930403113365173
0.7978022098541259
1.0
0.6285714507102966
0.0
0.1765567809343338
0.38241758942604065
0.49487179517745966
0.5197802186012268
0.0
0.0
0.0
0.0
0.0
0.0
0.0
0.0
0.0
0.0
0.0
0.0
0.0
0.0
0.0
0.0
0.0
0.0
0.0
0.0
0.0
