0.9461599588394163
0.9208234548568723
0.923990488052368
0.8677751421928405
0.820269227027893
0.7640538215637206
0.7038796544075012
0.6634995937347412
0.7015043497085571
0.6737925410270691
0.6706255078315735
0.684085488319397
0.6381630897521973
0.6444972157478333
0.6595407724380493
0.8313539028167725
0.9952493906021118
0.9105305075645447
0.473475843667984
0.032462392002344125
0.045922406017780304
0.0
0.17577196657657623
0.3768804371356964
0.3966745734214783
0.4576405286788941
0.5146476626396179
0.5011876225471497
0.5376088619232178
0.6357877850532532
0.6888360977172852
0.7458432316780089
0.7600950002670288
0.771179735660553
0.7355502843856812
0.7418844103813171
0.7569279670715331
0.7719715237617492
0.8012668490409851
0.7878068089485168
0.8131433129310608
0.8289785981178284
0.8194774389266967
0.8487727642059326
0.7901821136474609
0.7632620930671693
0.7632620930671693
0.7395091056823729
0.7228820323944091
0.6983373165130615
0.7323831915855407
0.726840853691101
0.7165479063987732
0.7189232110977173
0.6888360977172852
0.6991290450096129
0.6817102432250977
0.6674584150314331
0.711797297000885
0.6793349385261536
0.6753761172294617
0.6848772764205933
0.7260490655899047
0.730799674987793
0.7125890851020813
0.7015043497085571
0.7323831915855407
0.730799674987793
0.7537608742713928
0.7323831915855407
0.7292161583900452
0.7553443908691406
0.7363420724868774
0.7862232923507689
0.7505938410758973
0.7505938410758973
0.7442597150802611
0.7315914630889891
0.7252573370933533
0.7046714425086975
0.6943784356117249
0.7078384757041931
0.7165479063987732
0.7165479063987732
0.6801266670227051
0.6880443096160889
0.7165479063987732
0.7925574183464049
0.8107680082321168
0.771179735660553
0.8281868696212769
0.8923198580741881
0.9034045934677123
0.9200316667556762
0.8836104273796082
0.8194774389266967
0.8289785981178284
0.7593032717704773
0.6896278858184814
0.646080732345581
0.6769596338272095
0.6508313417434692
0.6365795731544496
0.6389548778533936
0.6231195330619812
0.6128265857696533
0.6357877850532532
0.8210609555244445
1.0
0.8772763013839722
0.3309580385684967
0.0
0.0
0.0
0.0
0.0
0.0
0.0
0.0
0.0
0.0
0.0
0.0
0.0
0.0
0.0
0.0
0.0
0.0
0.0
0.0
0.0
