0.9448087215423585
0.7737705111503601
0.44590163230896
0.3748633861541748
0.2961748540401459
0.3300546407699585
0.2743169367313385
0.31256830692291254
0.3267759680747986
0.3065573871135712
0.35245901346206665
0.3142076432704925
0.27650272846221924
0.33497267961502075
0.3404371440410614
0.3715847134590149
0.3508196771144867
0.34863388538360596
0.3781420886516571
0.3393442630767822
0.38142076134681696
0.3890710473060608
0.36338797211647034
0.33114755153656006
0.3196721374988556
0.3765027225017548
0.3721311390399933
0.33770492672920227
0.36939892172813416
0.3464480936527252
0.2994535565376282
0.34535518288612366
0.33114755153656006
0.3300546407699585
0.3054644763469696
0.26939889788627625
0.30327868461608887
0.3300546407699585
0.3393442630767822
0.2907103896141052
0.3202185928821564
0.31092897057533264
0.2786885201931
0.3234972655773163
0.31092897057533264
0.34262296557426447
0.3207650184631348
0.31038251519203186
0.29398906230926514
0.25901639461517334
0.31038251519203186
0.29890710115432734
0.28743168711662287
0.2885245978832245
0.3005464375019073
0.292896181344986
0.26557376980781555
0.291256844997406
0.3262295126914978
0.3754098415374756
0.37978142499923706
0.33224043250083923
0.3961748778820038
0.4273224174976349
0.4519125819206238
0.46994534134864807
0.40655738115310663
0.3601092994213104
0.35300546884536743
0.28961747884750366
0.28961747884750366
0.24153006076812744
0.2890710234642029
0.2513661086559296
0.24808743596076965
0.19617486000061035
0.02841529995203018
0.0
0.45027321577072144
0.8497267961502075
1.0
0.8344262242317199
0.45136612653732294
0.4060109257698059
0.32513660192489624
0.327322393655777
0.36939892172813416
0.2579234838485718
0.3442623019218445
0.3300546407699585
0.3622950911521912
0.3573770523071289
0.35956284403800964
0.3409835994243622
0.3579235076904297
0.36338797211647034
0.0
0.0
0.0
0.0
0.0
0.0
0.0
0.0
0.0
0.0
0.0
0.0
0.0
0.0
0.0
0.0
0.0
0.0
0.0
0.0
0.0
0.0
0.0
0.0
0.0
0.0
0.0
0.0
0.0
0.0
0.0
0.0
0.0
0.0
0.0
0.0
