0.9993626475334167
0.5232632160186768
0.22498406469821927
0.0
0.16889739036560059
0.2772466540336609
0.25175270438194275
0.23645633459091184
0.2536647617816925
0.25302740931510925
0.26577436923980713
0.2594009041786194
0.26704907417297363
0.26704907417297363
0.28489482402801514
0.3103887736797333
0.2893562912940979
0.2995538413524628
0.2976418137550354
0.3371574282646179
0.3377947807312012
0.3154875636100769
0.3320586383342743
0.3371574282646179
0.38432121276855463
0.4085404574871063
0.41682600975036627
0.4486934244632721
0.45889100432395935
0.4716379940509796
0.5079668760299683
0.5041427612304688
0.516889750957489
0.5188018083572388
0.5188018083572388
0.5009559988975525
0.47864881157875055
0.4716379940509796
0.46271511912345886
0.4206500947475433
0.39770555496215826
0.37348631024360657
0.38495856523513794
0.37858510017395014
0.3613766729831696
0.35181644558906555
0.3550031781196594
0.35436582565307617
0.38495856523513794
0.38177183270454407
0.3798597753047943
0.39324411749839777
0.3766730427742004
0.38432121276855463
0.35755258798599243
0.36583811044692993
0.39451879262924194
0.38495856523513794
0.3537285029888153
0.38177183270454407
0.3773103952407837
0.37348631024360657
0.38177183270454407
0.36010196805000305
0.35755258798599243
0.3894200026988983
0.36010196805000305
0.3556405305862427
0.3696621954441071
0.36583811044692993
0.34353092312812805
0.3365200757980346
0.35946461558341974
0.3486297130584717
0.34990438818931574
0.36010196805000305
0.3479923605918884
0.35054174065589905
0.34990438818931574
0.3741236329078674
0.4028043448925018
0.40152963995933527
0.447418749332428
0.4295729696750641
0.46845123171806335
0.47418737411499023
0.4964945912361145
0.47418737411499023
0.4486934244632721
0.3900573551654816
0.33970680832862854
0.3263224959373474
0.3161249160766601
0.283620148897171
0.28298279643058777
0.2868068814277649
0.2772466540336609
0.2651370167732239
0.29190567135810846
0.264499694108963
0.26386234164237976
0.2453792244195938
0.2899936139583588
0.4206500947475433
0.6908859014511108
1.0
0.7565328478813171
0.44040790200233454
0.11026131361722946
0.0847673714160919
0.24219247698783877
0.3072020411491394
0.274059921503067
0.2479286193847656
0.2702358067035675
0.2970044612884521
0.2938177287578583
0.2963671088218689
0.2938177287578583
0.3167622685432434
0.3065646886825561
0.31357553601264954
0.3199490010738373
0.3288719058036804
0.32186105847358704
0.34608030319213867
0.0
0.0
0.0
0.0
0.0
0.0
