0.9914610981941224
0.4563567340373993
0.0
0.22296015918254847
0.19734345376491544
0.12618595361709595
0.13377609848976135
0.12808349728584287
0.1242884248495102
0.1404174566268921
0.12713472545146942
0.09487666189670561
0.10531309247016905
0.11480075865983964
0.11764705926179884
0.12998102605342865
0.1318785548210144
0.12333966046571732
0.1442125290632248
0.1318785548210144
0.15749526023864746
0.16508539021015167
0.17362429201602936
0.1935483813285828
0.18975332379341123
0.20967741310596463
0.21821631491184235
0.2106261849403381
0.24478177726268768
0.25711575150489807
0.2950664162635803
0.276091068983078
0.27514231204986567
0.27703985571861267
0.2552182078361511
0.25616699457168574
0.24003794789314273
0.24003794789314273
0.2352941185235977
0.2239089161157608
0.21916508674621585
0.196394681930542
0.20018975436687467
0.20588235557079315
0.20493358373641968
0.20967741310596463
0.18880455195903775
0.191650852560997
0.2115749567747116
0.18975332379341123
0.20683111250400543
0.20398482680320737
0.18975332379341123
0.20683111250400543
0.191650852560997
0.196394681930542
0.19449715316295624
0.18026565015316007
0.20113852620124817
0.19449715316295624
0.19449715316295624
0.20493358373641968
0.20303605496883392
0.191650852560997
0.2239089161157608
0.29886147379875183
0.34250473976135254
0.32258063554763794
0.44686907529830927
0.43738141655921936
0.4667931795120239
0.4383301734924317
0.37381404638290405
0.3472485840320587
0.2808349132537842
0.21442125737667084
0.17362429201602936
0.16698291897773743
0.17267552018165588
0.1679316908121109
0.17741934955120087
0.15370018780231476
0.17077799141407013
0.13377609848976135
0.13282732665538788
0.313092976808548
0.5607210397720337
0.6584440469741821
1.0
0.8140417337417601
0.20493358373641968
0.15085388720035553
0.25047439336776733
0.20493358373641968
0.16698291897773743
0.16318786144256592
0.1404174566268921
0.16129031777381897
0.1555977165699005
0.14611005783081055
0.1480075865983963
0.1366223841905594
0.14705882966518402
0.151802659034729
0.156546488404274
0.0
0.0
0.0
0.0
0.0
0.0
0.0
0.0
0.0
0.0
0.0
0.0
0.0
0.0
0.0
0.0
0.0
0.0
0.0
0.0
0.0
0.0
0.0
0.0
0.0
0.0
0.0
