0.9628632664680482
0.6975241899490356
0.39881592988967896
0.21582347154617307
0.0
0.1711517721414566
0.15177610516548157
0.21420882642269132
0.23196986317634585
0.17976318299770355
0.24327233433723447
0.21420882642269132
0.24111948907375333
0.23089343309402463
0.22012917697429657
0.23519913852214813
0.2082884758710861
0.22443488240242004
0.24327233433723447
0.20613563060760495
0.2578040957450866
0.20290635526180267
0.23627556860446927
0.24111948907375333
0.22766415774822235
0.266953706741333
0.24004305899143216
0.2443487644195557
0.2712594270706177
0.2502691149711609
0.293864369392395
0.28686758875846863
0.3191604018211365
0.3116253912448883
0.2949407994747162
0.3622174263000488
0.31969860196113586
0.35898816585540766
0.34445640444755554
0.3089343309402466
0.3148546814918518
0.2847147583961487
0.2841765284538269
0.28955867886543274
0.24111948907375333
0.280409038066864
0.22874058783054352
0.24542519450187683
0.2642626464366913
0.2185145318508148
0.2766415476799011
0.1996770650148392
0.2508073151111603
0.2674919366836548
0.24542519450187683
0.2771797776222229
0.2427341192960739
0.27879440784454346
0.25134554505348206
0.2260495126247406
0.2712594270706177
0.23627556860446927
0.2766415476799011
0.24973089993000033
0.22228202223777768
0.27179762721061707
0.2443487644195557
0.2529601752758026
0.23735199868679047
0.22174380719661713
0.25618946552276606
0.2136706113815308
0.247578039765358
0.247578039765358
0.2395048439502716
0.30032292008399963
0.2578040957450866
0.3191604018211365
0.302475780248642
0.34768569469451904
0.3762109875679016
0.3493003249168396
0.3702906370162964
0.34445640444755554
0.2987082898616791
0.3078579008579254
0.24219590425491333
0.2674919366836548
0.22551129758358
0.18837459385395047
0.2115177661180496
0.1846071034669876
0.21743810176849365
0.20613563060760495
0.18945102393627167
0.21044133603572843
0.19429494440555567
0.40204522013664246
0.4817007482051849
0.7545748353004454
1.0
0.6415500640869141
0.3611410260200501
0.09849300235509872
0.04359526187181473
0.17007535696029663
0.1733046323060989
0.24542519450187683
0.2125941812992096
0.18245425820350647
0.24542519450187683
0.21097955107688904
0.253498375415802
0.24596339464187625
0.21582347154617307
0.25565123558044434
0.21474704146385193
0.2508073151111603
0.22712594270706177
0.22389666736125943
0.0
0.0
0.0
0.0
0.0
0.0
0.0
0.0
0.0
0.0
0.0
0.0
