0.9233402013778687
0.435318261384964
0.19233401119709012
0.0
0.0294318962842226
0.105407252907753
0.07186858355998993
0.06913073360919952
0.06913073360919952
0.08350444585084915
0.10403832793235777
0.07118412107229233
0.111567422747612
0.09924709051847456
0.09856262803077696
0.1211498975753784
0.07323750853538513
0.1143052726984024
0.14852841198444366
0.14784394204616547
0.08966461569070816
0.13415469229221344
0.2012320309877396
0.1718001365661621
0.2026009559631348
0.230663925409317
0.2149212807416916
0.30595481395721436
0.2765229344367981
0.29911020398139954
0.3436002731323242
0.3737166225910186
0.4312115013599396
0.4654346406459808
0.47227925062179565
0.47227925062179565
0.49623546004295355
0.48802191019058233
0.4517453908920288
0.40314853191375727
0.3497604429721832
0.29979467391967773
0.26009583473205566
0.2354551702737808
0.2012320309877396
0.1615331918001175
0.1738535314798355
0.19712525606155396
0.18480493128299716
0.18617385625839236
0.19370293617248532
0.19301848113536835
0.2067077308893204
0.18343600630760193
0.18412046134471893
0.2354551702737808
0.18275153636932373
0.1683778166770935
0.16427104175090787
0.16632443666458127
0.19849418103694916
0.17727583646774292
0.19301848113536835
0.1868583112955093
0.2094455808401108
0.1690622866153717
0.14236824214458463
0.18069815635681152
0.21149897575378415
0.2135523557662964
0.19849418103694916
0.17727583646774292
0.20054757595062253
0.2272416204214096
0.2026009559631348
0.20054757595062253
0.23477070033550265
0.23956194519996643
0.18480493128299716
0.23613962531089783
0.21013005077838895
0.18412046134471893
0.21560575067996976
0.17453798651695251
0.1738535314798355
0.19164955615997317
0.19233401119709012
0.21286790072917935
0.1882272362709045
0.14510609209537506
0.13826146721839905
0.09514031559228896
0.1211498975753784
0.13894592225551605
0.1197809725999832
0.14647501707077026
0.14647501707077026
0.13826146721839905
0.1122518852353096
0.12662559747695923
0.1101984977722168
0.09103354066610336
0.15058179199695587
0.18206708133220673
0.19164955615997317
0.21971252560615537
0.2149212807416916
0.3251197934150696
0.2258726954460144
0.217659130692482
0.25119781494140625
0.25872689485549927
0.21149897575378415
0.1656399667263031
0.17864476144313812
0.15263518691062927
0.12457221001386642
0.15605749189853668
0.108829565346241
0.14305269718170166
0.09445585310459137
0.06844627112150192
0.28062969446182245
0.5427789092063904
1.0
0.5297741293907166
0.20602327585220337
0.08555784076452254
0.0034223133698105808
0.1601642668247223
0.06776180863380432
0.07665982097387315
