1.0
0.6916136145591736
0.5419320464134216
0.17038217186927795
0.0
0.10934182256460188
0.1157112494111061
0.1459660232067108
0.18577495217323303
0.16401274502277374
0.20276008546352384
0.17781315743923187
0.19002123177051544
0.2054140120744705
0.18259023129940033
0.2208067923784256
0.19692143797874448
0.21072186529636383
0.22558386623859403
0.21125265955924988
0.25690022110939026
0.2271762192249298
0.2468152940273285
0.2584925591945648
0.24787685275077817
0.29617834091186523
0.26433122158050537
0.2802547812461853
0.29830148816108704
0.2855626344680786
0.33704882860183716
0.3041401207447052
0.3163481950759888
0.3259023427963257
0.30254778265953064
0.3174097537994385
0.2855626344680786
0.27707007527351374
0.2834394872188568
0.22664543986320493
0.25690022110939026
0.2054140120744705
0.20647558569908145
0.2208067923784256
0.18630573153495789
0.22558386623859403
0.18630573153495789
0.20966029167175287
0.22292993962764737
0.19373673200607297
0.2298301458358765
0.20169851183891296
0.21390658617019653
0.2287685722112656
0.20912951231002808
0.24097664654254916
0.20912951231002808
0.225053071975708
0.23460721969604487
0.2006369382143021
0.23619957268238068
0.202229306101799
0.21337579190731049
0.22770701348781583
0.19532908499240875
0.22558386623859403
0.18683651089668277
0.2006369382143021
0.20912951231002808
0.18471337854862213
0.2080679386854172
0.18365180492401123
0.19267515838146207
0.2006369382143021
0.17569002509117126
0.20966029167175287
0.17887473106384277
0.18630573153495789
0.1958598792552948
0.18046708405017847
0.1990445852279663
0.1751592308282852
0.18205945193767548
0.19426751136779785
0.16348195075988767
0.19745223224163053
0.1666666716337204
0.18205945193767548
0.18418258428573608
0.1602972447872162
0.19373673200607297
0.16560509800910947
0.17250530421733856
0.1831210255622864
0.1597664505243301
0.19320593774318692
0.18046708405017847
0.1990445852279663
0.2287685722112656
0.21284501254558563
0.2468152940273285
0.2632696330547333
0.2956475615501404
0.27866241335868835
0.23566879332065585
0.2154989391565323
0.18630573153495789
0.17462845146656036
0.15658174455165863
0.1135881096124649
0.1353503167629242
0.10456475615501404
0.12473461031913756
0.12791931629180908
0.10350318253040312
0.1114649698138237
0.02866242080926895
0.1406581699848175
0.3731422424316406
0.631104052066803
0.9363057613372802
0.8710191249847411
0.6369426846504211
0.4087048768997192
0.06210191175341606
0.06740976870059967
0.09607218950986862
0.14437367022037506
0.1831210255622864
0.17250530421733856
0.19745223224163053
0.16507430374622345
