1.0
0.9721029996871949
0.795064389705658
0.7349785566329955
0.2414163053035736
0.011802575550973415
0.0
0.1190987154841423
0.31652361154556274
0.36695277690887446
0.40879827737808233
0.4055793881416321
0.39592275023460394
0.40879827737808233
0.33261802792549133
0.34763947129249567
0.34120172262191767
0.3444206118583679
0.36051502823829645
0.301502138376236
0.3154506385326385
0.32188841700553894
0.2736051380634308
0.31223174929618835
0.25965663790702814
0.29184550046920776
0.2714592218399048
0.20922747254371643
0.2306866943836212
0.21888412535190585
0.2628755271434784
0.2778970003128052
0.2628755271434784
0.3047210276126861
0.2854077219963074
0.34763947129249567
0.3948497772216797
0.4345493614673615
0.4871244728565216
0.49463519454002386
0.5793991684913635
0.6362661123275757
0.6416308879852295
0.6630901098251343
0.6427038908004761
0.6319742202758789
0.630901277065277
0.6137338876724243
0.6373390555381775
0.5944206118583679
0.6062231659889221
0.6094420552253723
0.5944206118583679
0.6620171666145325
0.6405579447746277
0.6040772795677185
0.5793991684913635
0.557939887046814
0.5901287794113159
0.5461373329162598
0.5761802792549133
0.5869098901748657
0.5740343332290649
0.6072961091995239
0.5622317790985107
0.5740343332290649
0.5675965547561646
0.557939887046814
0.5858368873596193
0.5847639441490173
0.0
0.0
0.0
0.0
0.0
0.0
0.0
0.0
0.0
0.0
0.0
0.0
0.0
0.0
0.0
0.0
0.0
0.0
0.0
0.0
0.0
0.0
0.0
0.0
0.0
0.0
0.0
0.0
0.0
0.0
0.0
0.0
0.0
0.0
0.0
0.0
0.0
0.0
0.0
0.0
0.0
0.0
0.0
0.0
0.0
0.0
0.0
0.0
0.0
0.0
0.0
0.0
0.0
0.0
0.0
0.0
0.0
0.0
0.0
0.0
0.0
0.0
