1.0
0.6101292371749878
0.11078871041536333
0.07807966321706772
0.11026114225387572
0.11448166519403456
0.12318649142980576
0.1139541044831276
0.1245054081082344
0.1218675822019577
0.11052493005990982
0.11791083961725234
0.10445792973041534
0.10867845267057417
0.10973358154296876
0.1002374067902565
0.10234766453504562
0.09839092940092087
0.1055130586028099
0.09865470975637439
0.10419414192438124
0.10762331634759902
0.11210761964321136
0.13162754476070404
0.12898971140384674
0.14850962162017822
0.15563176572322843
0.17145872116088867
0.1788446307182312
0.19203376770019528
0.1967818588018417
0.21181745827198029
0.21023476123809812
0.21498285233974457
0.2110261172056198
0.20627802610397336
0.21076233685016632
0.2115536779165268
0.2054866850376129
0.2054866850376129
0.20997098088264465
0.20522288978099823
0.19308888912200928
0.2123450338840485
0.19968345761299133
0.19361646473407745
0.19889211654663083
0.19150619208812716
0.18491163849830627
0.19388024508953092
0.17989976704120636
0.1846478432416916
0.18280136585235596
0.1841202825307846
0.1785808503627777
0.17699815332889557
0.18860459327697757
0.18438406288623807
0.18543919920921323
0.19150619208812716
0.21551041305065155
0.24030598998069763
0.23766815662384036
0.2437351644039154
0.23687681555747983
0.227380633354187
0.2279082089662552
0.2139277309179306
0.18992350995540616
0.18016354739665985
0.17119494080543518
0.19388024508953092
0.16934846341609955
0.1733051985502243
0.1730414181947708
0.17145872116088867
0.170667365193367
0.16908466815948486
0.17488789558410645
0.16908466815948486
0.13004484772682187
0.08177261799573897
0.0
0.08889474719762802
0.4827222228050232
0.9949881434440612
0.6454761028289795
0.11606436222791672
0.07359535992145537
0.09918227046728134
0.11606436222791672
0.12345027923583984
0.11606436222791672
0.1218675822019577
0.11711949110031128
0.11659193038940428
0.11448166519403456
0.1084146648645401
0.11237140744924544
0.10604061931371687
0.10261144489049911
0.10762331634759902
0.0
0.0
0.0
0.0
0.0
0.0
0.0
0.0
0.0
0.0
0.0
0.0
0.0
0.0
0.0
0.0
0.0
0.0
0.0
0.0
0.0
0.0
0.0
0.0
0.0
0.0
0.0
0.0
0.0
0.0
