0.8628884553909301
0.6727604866027832
0.1718464344739914
0.4351005554199218
0.6654478907585144
0.21389396488666532
0.0
0.03290676325559616
0.05484460666775704
0.11334551870822906
0.2212065756320953
0.24131627380847928
0.21572211384773252
0.2559415102005005
0.24314442276954648
0.2650822699069977
0.2687385678291321
0.2614259719848633
0.29433271288871765
0.29250457882881165
0.29981717467308044
0.28153565526008606
0.28884825110435486
0.3308957815170288
0.3089579641819
0.3217550218105316
0.3308957815170288
0.29798904061317444
0.3418647050857544
0.3144424259662628
0.3491773307323456
0.3327239453792572
0.32358318567276
0.3674588799476624
0.3455210328102112
0.3638025522232056
0.3564899563789368
0.3327239453792572
0.38208410143852234
0.325411319732666
0.3180987238883972
0.3162705600261688
0.27239489555358887
0.3180987238883972
0.30347350239753723
0.3180987238883972
0.3619744181632996
0.3784277737140656
0.42961609363555914
0.4131627082824707
0.4186471700668335
0.4223034679889679
0.4076782464981079
0.43144422769546503
0.39488115906715393
0.4131627082824707
0.4149908721446991
0.4095064103603363
0.4424131512641906
0.39488115906715393
0.4040219485759735
0.4113345444202423
0.4040219485759735
0.42778792977333063
0.38208410143852234
0.38939669728279114
0.4021937847137451
0.4003656208515167
0.4552102386951447
0.42778792977333063
0.4424131512641906
0.43144422769546503
0.43327239155769354
0.4680073261260986
0.4424131512641906
0.4442413151264191
0.4424131512641906
0.4515539407730103
0.46983546018600464
0.4442413151264191
0.5246800780296326
0.6270566582679749
0.6837294101715088
0.7733089327812195
0.7659963369369507
0.9506398439407348
0.9926874041557312
1.0
0.9140768051147461
0.8299817442893982
0.7915905117988585
0.645338237285614
0.48263254761695856
0.3930530250072479
0.3327239453792572
0.27605119347572327
0.27239489555358887
0.2212065756320953
0.24314442276954648
0.18647167086601257
0.18647167086601257
0.1736745834350586
0.18464350700378415
0.0
0.0
0.0
0.0
0.0
0.0
0.0
0.0
0.0
0.0
0.0
0.0
0.0
0.0
0.0
0.0
0.0
0.0
0.0
0.0
0.0
0.0
0.0
0.0
0.0
0.0
0.0
0.0
0.0
