1.0
0.8823529481887817
0.5349761247634888
0.3346581757068634
0.1740858554840088
0.10413354635238647
0.11764705926179884
0.11367249488830566
0.09697933495044707
0.12559618055820465
0.0898251160979271
0.13513512909412384
0.13513512909412384
0.11208266764879227
0.13434022665023804
0.10254371911287308
0.13751986622810364
0.12082670629024504
0.10969793051481246
0.1685214638710022
0.11526232212781906
0.14705882966518402
0.13910970091819763
0.13831478357315063
0.18441970646381375
0.14308425784111023
0.1629570722579956
0.1542130410671234
0.1693163812160492
0.170906201004982
0.1518283039331436
0.19713830947875977
0.1724960207939148
0.1772654950618744
0.23449920117855072
0.20349761843681333
0.24721780419349673
0.2527821958065033
0.2639109790325165
0.30127185583114624
0.24483306705951688
0.315580278635025
0.29491254687309265
0.27980920672416687
0.28219395875930786
0.2408585101366043
0.2599363923072815
0.2551669180393219
0.24165341258049008
0.28378379344940186
0.24801272153854367
0.28219395875930786
0.2662957012653351
0.23608903586864471
0.2551669180393219
0.20588235557079315
0.28537359833717346
0.2655007839202881
0.22734498977661127
0.24880762398242953
0.20906201004981995
0.2583465874195099
0.24801272153854367
0.23767885565757751
0.22178059816360476
0.20190778374671936
0.24642288684844968
0.22734498977661127
0.20429252088069916
0.23052464425563807
0.183624804019928
0.2368839383125305
0.20349761843681333
0.196343407034874
0.22575516998767847
0.22416533529758453
0.3338632881641388
0.317965030670166
0.341812402009964
0.4284578561782837
0.4332273304462433
0.4674085974693298
0.4650238454341888
0.45151033997535706
0.3855325877666473
0.23449920117855072
0.22893482446670527
0.19236883521080017
0.13672496378421783
0.1677265465259552
0.12400636076927184
0.14228935539722443
0.11605723202228546
0.20588235557079315
0.3489666283130646
0.5087440609931946
0.8418123722076416
0.9650238752365112
0.6208267211914064
0.3489666283130646
0.1740858554840088
0.11367249488830566
0.062003180384635925
0.055643878877162926
0.0810810774564743
0.022257551550865173
0.07551669329404832
0.04451510310173035
0.03179650381207466
0.05961844325065613
0.0071542132645845405
0.038950715214014046
0.01907790079712868
0.0
0.03815580159425736
0.013513513840734959
0.0
0.0
0.0
0.0
0.0
0.0
0.0
0.0
0.0
0.0
0.0
0.0
0.0
0.0
0.0
0.0
