1.0
0.7568965554237365
0.5870689749717712
0.19568964838981628
0.0
0.10603448003530502
0.18103447556495664
0.2353448271751404
0.21379309892654416
0.23275862634181976
0.26379311084747314
0.22327585518360135
0.24137930572032928
0.24396552145481107
0.274137943983078
0.2896551787853241
0.2827586233615875
0.2844827473163605
0.29137930274009705
0.30603447556495667
0.32413792610168457
0.3318965435028076
0.3534482717514038
0.3810344934463501
0.3879310488700866
0.4482758641242981
0.4379310309886932
0.49741378426551813
0.5551724433898926
0.5974137783050537
0.6491379141807556
0.6577585935592651
0.692241370677948
0.6793103218078613
0.6482758522033691
0.6129310131072998
0.5198276042938232
0.48793104290962214
0.442241370677948
0.4000000059604645
0.4034482836723328
0.3405172526836395
0.3499999940395355
0.30689653754234314
0.3112069070339203
0.3232758641242981
0.2784482836723328
0.30517241358757013
0.2982758581638336
0.3112069070339203
0.30431035161018366
0.29482758045196533
0.25775861740112305
0.2965517342090606
0.28793102502822876
0.3146551847457886
0.3163793087005615
0.3224138021469116
0.28534483909606934
0.2586206793785095
0.33793103694915766
0.2681034505367279
0.29396551847457886
0.29051724076271057
0.3206896483898163
0.32499998807907104
0.30086207389831543
0.2922413647174835
0.30517241358757013
0.28534483909606934
0.32758620381355286
0.28189656138420105
0.28793102502822876
0.30517241358757013
0.341379314661026
0.40258622169494634
0.42068964242935186
0.3568965494632721
0.4482758641242981
0.5560345053672792
0.5431034564971924
0.48275861144065857
0.3603448271751404
0.3741379380226135
0.3362068831920624
0.27068966627120966
0.23620688915252683
0.24396552145481107
0.24913793802261353
0.2284482717514038
0.2629310488700866
0.23965516686439517
0.23706896603107447
0.24655172228813169
0.5982758402824402
0.9060344696044922
0.5086206793785095
0.3120689690113068
0.03534482792019844
0.052586205303668976
0.16293103992938995
0.14396551251411435
0.16206896305084229
0.18793103098869324
0.2017241418361664
0.22327585518360135
0.19655172526836395
0.20344828069210047
0.216379314661026
0.20517241954803464
0.2405172437429428
0.21379309892654416
0.22931034862995148
0.24137930572032928
0.0
0.0
0.0
0.0
0.0
0.0
0.0
0.0
0.0
0.0
0.0
0.0
0.0
0.0
0.0
0.0
0.0
0.0
