0.9102692008018493
0.6999002695083617
0.7657029032707214
1.0
0.797607183456421
0.5842472314834595
0.43968096375465393
0.3958125710487366
0.36590230464935297
0.3609172403812408
0.3958125710487366
0.36789631843566895
0.3968095779418945
0.3828514516353607
0.38883349299430847
0.43968096375465393
0.3758723735809326
0.4007976055145264
0.4017946124076843
0.40279161930084234
0.44067797064781195
0.38484546542167664
0.427716851234436
0.42073777318000793
0.4137587249279022
0.41774675250053406
0.39481556415557856
0.42372882366180414
0.3778663873672485
0.3649052977561951
0.356929212808609
0.3170488476753235
0.3100697994232178
0.27617147564888
0.24526420235633847
0.210368886590004
0.16251246631145477
0.15852442383766174
0.16251246631145477
0.1714855432510376
0.20538385212421417
0.20338982343673703
0.23330010473728177
0.2791625261306762
0.25324028730392456
0.27218344807624817
0.24426719546318051
0.2791625261306762
0.2811565399169922
0.3010967075824737
0.28913259506225586
0.27517446875572205
0.2901296019554138
0.2741774618625641
0.28215354681015015
0.2781654894351959
0.2352941185235977
0.2671984136104584
0.2632103562355041
0.2662014067173004
0.2881355881690979
0.2671984136104584
0.285144567489624
0.25623130798339844
0.3290129601955414
0.3609172403812408
0.34995013475418085
0.39481556415557856
0.4217348098754882
0.3768693804740906
0.28414756059646606
0.2472582310438156
0.27517446875572205
0.2572283148765564
0.285144567489624
0.2602193355560303
0.24027916789054873
0.26221334934234614
0.2502492666244507
0.277168482542038
0.24027916789054873
0.24426719546318051
0.26121634244918823
0.22233299911022184
0.2552343010902405
0.24227318167686465
0.23330010473728177
0.26520439982414246
0.1286141574382782
0.0
0.034895315766334534
0.34995013475418085
0.7986041903495789
0.7627118825912476
0.6201395988464355
0.8933200240135194
0.7886341214179992
0.5952143669128418
0.47956132888793945
0.4147557318210602
0.3459621071815491
0.3429710865020752
0.3838484585285186
0.3828514516353607
0.3898304998874664
0.3778663873672485
0.38883349299430847
0.43469589948654175
0.3908275067806244
0.3968095779418945
0.3798604309558869
0.3649052977561951
0.40777668356895447
0.0
0.0
0.0
0.0
0.0
0.0
0.0
0.0
0.0
0.0
0.0
0.0
0.0
0.0
0.0
0.0
0.0
0.0
0.0
