1.0
0.41709053516387934
0.213631734251976
0.0
0.1607324481010437
0.27772125601768494
0.3448626697063446
0.41709053516387934
0.4221770167350769
0.4069176018238068
0.37741607427597046
0.4465920627117157
0.4699898362159729
0.4710071086883545
0.42929807305336
0.45879960060119623
0.4974567592144013
0.523906409740448
0.525941014289856
0.5503560304641724
0.513733446598053
0.5757883787155151
0.6073245406150818
0.6419125199317932
0.6683621406555176
0.6866734623908997
0.76093590259552
0.7884028553962708
0.848423182964325
0.8840284943580627
0.8616480231285094
0.9277721047401427
0.9084435105323792
0.8870803713798523
0.7721261382102966
0.6948118209838867
0.6236011981964111
0.571719229221344
0.5208545327186584
0.4496439397335053
0.43845370411872864
0.46490335464477534
0.46897253394126887
0.4842319488525391
0.4120040833950042
0.41302135586738586
0.4577822983264923
0.42115971446037287
0.46693795919418335
0.4181078374385834
0.43540182709693914
0.46490335464477534
0.46592065691947937
0.430315375328064
0.4120040833950042
0.4038657248020172
0.46897253394126887
0.43845370411872864
0.39471006393432617
0.41302135586738586
0.43540182709693914
0.46286877989768976
0.5564598441123961
0.0
0.0
0.0
0.0
0.0
0.0
0.0
0.0
0.0
0.0
0.0
0.0
0.0
0.0
0.0
0.0
0.0
0.0
0.0
0.0
0.0
0.0
0.0
0.0
0.0
0.0
0.0
0.0
0.0
0.0
0.0
0.0
0.0
0.0
0.0
0.0
0.0
0.0
0.0
0.0
0.0
0.0
0.0
0.0
0.0
0.0
0.0
0.0
0.0
0.0
0.0
0.0
0.0
0.0
0.0
0.0
0.0
0.0
0.0
0.0
0.0
0.0
0.0
0.0
0.0
0.0
0.0
0.0
0.0
