0.9886746406555176
0.9850015044212339
0.9963269233703613
0.9761248826980592
0.9614325165748595
0.9403122067451475
0.908172607421875
0.8959289789199829
0.8637893795967102
0.8567492961883546
0.8374655842781066
0.8197122812271118
0.8224670886993408
0.8007346391677856
0.8007346391677856
0.8019589781761169
0.7891031503677368
0.7961432337760925
0.7808386683464049
0.7808386683464049
0.7838996052742003
0.784205675125122
0.7838996052742003
0.7627792954444885
0.7704315781593322
0.7725742459297181
0.7670645713806152
0.7777777910232544
0.7615549564361571
0.765228033065796
0.7621670961380003
0.7471686601638795
0.7545148730278014
0.7330884337425232
0.7220692038536071
0.7226813435554504
0.7174777984619141
0.715335190296173
0.71870219707489
0.7523722052574157
0.7725742459297181
0.7676767706871032
0.7897153496742249
0.8013467788696289
0.8258340954780578
0.8344046473503112
0.8340985774993896
0.8264462947845459
0.8022650480270386
0.788184881210327
0.7627792954444885
0.7263544797897338
0.716865599155426
0.7000306248664856
0.7040097713470458
0.7092133164405823
0.6923783421516417
0.7030915021896361
0.7226813435554504
0.7982859015464783
0.8445056676864624
0.844811737537384
0.8870523571968079
1.0
0.8022650480270386
0.5163758993148804
0.26201409101486206
0.07101316004991531
0.0
0.0
0.0
0.0
0.0
0.0
0.0
0.0
0.0
0.0
0.0
0.0
0.0
0.0
0.0
0.0
0.0
0.0
0.0
0.0
0.0
0.0
0.0
0.0
0.0
0.0
0.0
0.0
0.0
0.0
0.0
0.0
0.0
0.0
0.0
0.0
0.0
0.0
0.0
0.0
0.0
0.0
0.0
0.0
0.0
0.0
0.0
0.0
0.0
0.0
0.0
0.0
0.0
0.0
0.0
0.0
0.0
0.0
0.0
0.0
0.0
0.0
0.0
0.0
