0.8878878951072691
0.8543543815612794
0.5390390157699585
0.18768769502639768
0.14414414763450623
0.1421421468257904
0.0865865871310234
0.014014014042913912
0.03403403237462044
0.0400400385260582
0.04454454407095909
0.03753753751516342
0.04654654487967491
0.05605605617165565
0.06156156212091446
0.08208208531141281
0.06406406313180923
0.10560560226440428
0.0865865871310234
0.07607607543468475
0.07307307422161102
0.07507507503032684
0.06056056171655655
0.0655655637383461
0.0655655637383461
0.05955956131219864
0.05605605617165565
0.06606606394052505
0.0865865871310234
0.09209208935499193
0.09459459781646729
0.1111111119389534
0.10910911113023757
0.11011011153459548
0.1256256252527237
0.11861861497163773
0.12712712585926056
0.13063062727451324
0.12112112343311308
0.13613612949848175
0.15615615248680115
0.13863864541053772
0.1321321278810501
0.13613612949848175
0.1321321278810501
0.15465465188026428
0.14014014601707458
0.18068067729473117
0.2167167216539383
0.21171170473098755
0.23573572933673856
0.2247247248888016
0.2022022008895874
0.1851851791143417
0.18718717992305756
0.16366367042064667
0.16066065430641174
0.18818819522857663
0.14314314723014832
0.1001001000404358
0.08608608692884445
0.07657657563686371
0.09759759902954099
0.07807807624340057
0.08858858793973921
0.01701701618731022
0.0
0.05405405536293984
0.02102102153003216
0.22822822630405423
0.6416416168212891
1.0
0.7567567825317383
0.3863863945007324
0.16466467082500455
0.2057057023048401
0.1656656712293625
0.05255255103111267
0.053053051233291626
0.06206206232309341
0.05655655637383461
0.04054053872823715
0.05605605617165565
0.05455455556511879
0.08008007705211638
0.0
0.0
0.0
0.0
0.0
0.0
0.0
0.0
0.0
0.0
0.0
0.0
0.0
0.0
0.0
0.0
0.0
0.0
0.0
0.0
0.0
0.0
0.0
0.0
0.0
0.0
0.0
0.0
0.0
0.0
0.0
0.0
0.0
0.0
0.0
0.0
0.0
0.0
0.0
0.0
0.0
0.0
0.0
0.0
0.0
0.0
0.0
