1.0
0.4869312644004822
0.24104550480842593
0.03484995290637016
0.22846078872680664
0.34075507521629333
0.4249758124351501
0.45014521479606634
0.42884802818298334
0.4201355278491974
0.4211035966873169
0.4627299010753632
0.4898354411125183
0.4840271174907684
0.4753146171569824
0.48305904865264887
0.5256534218788146
0.5459825992584229
0.5256534218788146
0.5217812061309814
0.5401742458343506
0.5963214039802551
0.6282671689987184
0.639883816242218
0.6505324244499208
0.6989351511001587
0.7792836427688599
0.8228460550308228
0.846079409122467
0.8780251741409301
0.8983542919158934
0.9467570185661317
0.9535334110260008
0.9041626453399657
0.841239094734192
0.7241045236587523
0.6911907196044922
0.6427879929542542
0.5721200108528137
0.5266215205192566
0.49467569589614874
0.515972912311554
0.5411422848701477
0.5053243041038513
0.4753146171569824
0.4646660089492798
0.5188770294189453
0.5188770294189453
0.4791868329048157
0.4753146171569824
0.45304936170578
0.4878993332386017
0.47821879386901855
0.4888673722743988
0.4646660089492798
0.446272999048233
0.48596322536468506
0.4675701856613159
0.4627299010753632
0.4646660089492798
0.5043562650680542
0.562439501285553
0.5556631088256836
0.5895450115203857
0.6234269142150879
0.5876089334487915
0.529525637626648
0.4917715489864349
0.4975798726081848
0.4627299010753632
0.4211035966873169
0.4394966065883637
0.4569215774536133
0.4046466648578644
0.4085188806056976
0.3901258409023285
0.4269119203090668
0.41529524326324463
0.33397871255874634
0.37270087003707886
0.5062923431396484
0.8964182138442993
0.9506292343139648
0.42787995934486395
0.16747337579727173
0.0
0.28848016262054443
0.3775411546230316
0.38431751728057856
0.41723135113716125
0.3775411546230316
0.4549854695796967
0.47047433257102966
0.4607937932014465
0.4714424014091492
0.4307841360569
0.4975798726081848
0.0
0.0
0.0
0.0
0.0
0.0
0.0
0.0
0.0
0.0
0.0
0.0
0.0
0.0
0.0
0.0
0.0
0.0
0.0
0.0
0.0
0.0
0.0
0.0
0.0
0.0
0.0
0.0
0.0
0.0
0.0
0.0
0.0
0.0
0.0
