1.0
0.837782323360443
0.6940451860427856
0.685831606388092
0.7494866251945494
0.7310061454772949
0.5174537897109985
0.47022587060928334
0.4496919810771942
0.4024640619754791
0.3921971321105957
0.3039014339447021
0.2669404447078705
0.34907597303390503
0.2340862452983856
0.223819300532341
0.1170431226491928
0.12936344742774963
0.14373716711997983
0.09034907817840576
0.07186858355998993
0.024640657007694244
0.05954825505614281
0.0
0.03696098551154137
0.03285421058535576
0.018480492755770683
0.06776180863380432
0.04928131401538849
0.08418890833854675
0.10061601549386978
0.05749486759305
0.13552361726760864
0.14579054713249207
0.13141684234142303
0.1601642668247223
0.17453798651695251
0.2320328503847122
0.223819300532341
0.24640657007694244
0.26283368468284607
0.24640657007694244
0.2607802748680115
0.30595481395721436
0.26283368468284607
0.223819300532341
0.21149897575378415
0.2710472345352173
0.2936345040798187
0.26283368468284607
0.26283368468284607
0.24435319006443024
0.28747433423995966
0.28747433423995966
0.2751539945602417
0.2731006145477295
0.24640657007694244
0.2854209542274475
0.2895277142524719
0.29158109426498413
0.29158109426498413
0.31006160378456116
0.37166324257850647
0.3141683638095856
0.342915803194046
0.32854208350181574
0.29158109426498413
0.31622177362442017
0.2279260754585266
0.2648870646953583
0.29158109426498413
0.29568788409233093
0.3203285336494446
0.2669404447078705
0.2607802748680115
0.24640657007694244
0.20328542590141296
0.2731006145477295
0.15605749189853668
0.2053388059139252
0.24845996499061584
0.2217659205198288
0.25256672501564026
0.2854209542274475
0.2669404447078705
0.30184805393218994
0.2299794703722
0.2854209542274475
0.14784394204616547
0.2279260754585266
0.3141683638095856
0.4065708518028259
0.47022587060928334
0.5564681887626648
0.6201232075691223
0.5872690081596376
0.5626283288002014
0.4024640619754791
0.29568788409233093
0.0
0.0
0.0
0.0
0.0
0.0
0.0
0.0
0.0
0.0
0.0
0.0
0.0
0.0
0.0
0.0
0.0
0.0
0.0
0.0
0.0
0.0
0.0
0.0
0.0
0.0
0.0
0.0
0.0
0.0
0.0
0.0
0.0
