0.9884598255157471
0.6351531147956848
0.33865955471992487
0.2108300030231476
0.17354638874530792
0.2121615558862686
0.25122058391571045
0.21171770989894864
0.22814026474952695
0.21793164312839508
0.22059476375579837
0.2392365783452988
0.22503328323364255
0.22680869698524475
0.24944518506526947
0.24101197719573972
0.2396804243326187
0.25210830569267273
0.2587660849094391
0.24811363220214844
0.2392365783452988
0.26009765267372126
0.23746116459369657
0.2330226302146912
0.2068353295326233
0.23213493824005127
0.21171770989894864
0.16866400837898254
0.18730580806732175
0.16378162801265717
0.11495783179998396
0.08610741049051283
0.04216600209474564
0.03861517831683159
0.0
0.015090989880263804
0.04127829521894455
0.057700842618942254
0.09986684471368787
0.10430537164211272
0.14558365941047668
0.1984021365642548
0.18375499546527865
0.1988459825515747
0.21304926276206967
0.21926321089267728
0.2365734577178955
0.2263648509979248
0.22814026474952695
0.2108300030231476
0.2330226302146912
0.2365734577178955
0.21660009026527405
0.217043936252594
0.21171770989894864
0.2201509028673172
0.2259209901094437
0.20639148354530332
0.21482467651367188
0.21304926276206967
0.20062139630317688
0.21127386391162872
0.1881935149431229
0.1855304092168808
0.18641811609268188
0.20505991578102112
0.19973368942737577
0.16955171525478363
0.17976032197475433
0.1979582756757736
0.19751442968845367
0.17665335536003113
0.17221482098102567
0.188637375831604
0.17310252785682678
0.1753217875957489
0.1952951550483704
0.17221482098102567
0.18419884145259857
0.18109187483787537
0.17265868186950684
0.18464270234107968
0.1784287542104721
0.17310252785682678
0.1793164610862732
0.1881935149431229
0.2210386097431183
0.24411895871162412
0.26675543189048767
0.2760763466358185
0.3280071020126343
0.3373280167579651
0.3257878422737121
0.34398579597473145
0.29604971408843994
0.28184643387794495
0.2516644597053528
0.18286728858947757
0.18197958171367645
0.17043940722942352
0.1611185073852539
0.18020416796207428
0.1682201474905014
0.0794496238231659
0.03506435826420784
0.20861074328422544
0.434087872505188
0.7092764973640442
1.0
0.8268974423408508
0.4811362624168396
0.2529959976673126
0.162006214261055
0.19041278958320615
0.1948513090610504
0.19085663557052607
0.24900132417678836
0.19618286192417145
0.21837550401687625
0.19440746307373047
0.2108300030231476
0.25654682517051697
0.20372836291790009
0.2414558380842209
0.21260541677474973
0.23035952448844907
0.2396804243326187
0.23124723136425016
0.2330226302146912
0.0
0.0
0.0
