0.9889655113220215
0.5758620500564575
0.15310344099998474
0.006896551698446274
0.2206896543502808
0.5027586221694945
0.5986207127571106
0.6000000238418579
0.613103449344635
0.6041379570961
0.6068965792655945
0.6282758712768555
0.6213793158531189
0.6441379189491272
0.6248275637626648
0.6248275637626648
0.6413792967796326
0.6241379380226135
0.6496551632881165
0.6324138045310974
0.6399999856948853
0.6806896328926086
0.6634482741355896
0.682068943977356
0.6586207151412964
0.6903448104858398
0.7351723909378051
0.708965539932251
0.7331034541130067
0.7262068986892701
0.7565517425537108
0.7806896567344666
0.7565517425537108
0.7786206603050232
0.7448275685310363
0.7289655208587646
0.7303448319435119
0.6627586483955383
0.6682758331298828
0.6144827604293823
0.612413763999939
0.6013793349266052
0.5931034684181212
0.6089655160903931
0.591034471988678
0.6089655160903931
0.6206896305084229
0.586896538734436
0.6151723861694336
0.5979310274124146
0.6000000238418579
0.6200000047683716
0.6000000238418579
0.6227586269378662
0.5972414016723633
0.6324138045310974
0.639310359954834
0.6220689415931702
0.6275861859321593
0.617241382598877
0.6310344934463501
0.6234482526779175
0.591034471988678
0.6193103194236755
0.6096552014350891
0.6137930750846863
0.612413763999939
0.5855172276496887
0.6220689415931702
0.5931034684181212
0.6103448271751404
0.6186206936836243
0.5806896686553955
0.6006896495819092
0.5703448057174683
0.6013793349266052
0.5986207127571106
0.5772413611412048
0.5944827795028688
0.595862090587616
0.6358620524406433
0.6696551442146301
0.6517241597175598
0.6800000071525574
0.7110344767570496
0.7324137687683105
0.7124137878417969
0.6682758331298828
0.6765516996383666
0.6041379570961
0.6068965792655945
0.5896551609039307
0.5765517354011536
0.5827586054801941
0.5627586245536804
0.5606896281242371
0.568965494632721
0.5400000214576721
0.5668965578079224
0.5600000023841858
0.6213793158531189
0.6117241382598877
0.6082758903503418
0.660689651966095
0.7682758569717406
1.0
0.4365517199039459
0.08206896483898163
0.0
0.31931033730506897
0.5503448247909546
0.58344829082489
0.5813792943954468
0.6268965601921082
0.6034482717514038
0.6227586269378662
0.6075862050056458
0.6179310083389281
0.6496551632881165
0.6317241191864014
0.6524137854576111
0.6296551823616028
0.6337931156158447
0.6572414040565491
0.6475862264633179
0.660689651966095
0.661379337310791
0.6586207151412964
0.682068943977356
0.682758629322052
0.6931034326553345
0.0
