1.0
0.43427619338035583
0.11522462218999863
0.03161397576332092
0.1335274577140808
0.16389350593090057
0.1772046536207199
0.18760399520397184
0.17013311386108398
0.18635606765747073
0.165557399392128
0.16971713304519653
0.17678868770599365
0.1559900194406509
0.1772046536207199
0.1564059853553772
0.1580698788166046
0.1717970073223114
0.1559900194406509
0.17221297323703763
0.14891846477985382
0.14933444559574127
0.1555740386247635
0.13227953016757965
0.14517471194267273
0.12354408949613573
0.13144758343696594
0.1360232979059219
0.1181364357471466
0.14475873112678528
0.12853577733039856
0.13311147689819336
0.13560731709003448
0.12396006286144257
0.15016639232635498
0.14683860540390015
0.1772046536207199
0.19342762231826785
0.18885190784931183
0.20757071673870087
0.1884359419345856
0.1871880143880844
0.19051580131053925
0.16971713304519653
0.18885190784931183
0.16222961246967316
0.1518302857875824
0.1518302857875824
0.13768719136714935
0.1559900194406509
0.13893510401248932
0.15391014516353607
0.15931780636310575
0.14600665867328644
0.16347754001617432
0.14642262458801267
0.1509983390569687
0.1572379320859909
0.1526622325181961
0.16680532693862915
0.14933444559574127
0.16638934612274167
0.17512479424476624
0.15682196617126465
0.18219633400440216
0.16472545266151428
0.17595674097537994
0.1801164746284485
0.16430948674678802
0.17678868770599365
0.14683860540390015
0.1555740386247635
0.1534941792488098
0.1372712105512619
0.14850249886512756
0.12312811613082884
0.1264559030532837
0.13394342362880707
0.13103161752223969
0.15474209189414978
0.13394342362880707
0.16014975309371948
0.16597338020801544
0.16306155920028687
0.17845258116722107
0.1717970073223114
0.19675540924072263
0.21838602423667908
0.2337770313024521
0.29034942388534546
0.27246257662773127
0.23419301211833957
0.2142262905836105
0.1826123148202896
0.1834442615509033
0.15765391290187836
0.15224625170230863
0.14975041151046753
0.12770383059978485
0.14392678439617157
0.1335274577140808
0.1526622325181961
0.1509983390569687
0.13560731709003448
0.1526622325181961
0.1326955109834671
0.14226289093494415
0.14642262458801267
0.1564059853553772
0.18552412092685697
0.28327786922454834
0.7075707316398621
0.9504991769790648
0.3881031572818756
0.07945091277360915
0.0
0.12063227593898772
0.16597338020801544
0.15765391290187836
0.17595674097537994
0.1559900194406509
0.1838602274656296
0.19592346251010892
0.1871880143880844
0.19425956904888156
0.16805323958396912
0.1801164746284485
0.18219633400440216
0.16181364655494687
0.17221297323703763
0.14309483766555786
0.1572379320859909
