1.0
0.7246116995811462
0.19653524458408356
0.0
0.13381123542785645
0.20908004045486447
0.25388291478157043
0.2646355926990509
0.26105138659477234
0.2718040645122528
0.2735961675643921
0.2777777910232544
0.2694145739078522
0.2628434896469116
0.2700119614601135
0.2819593846797943
0.28733572363853455
0.27419355511665344
0.2658303380012512
0.28315412998199463
0.280764639377594
0.28315412998199463
0.26224613189697266
0.2658303380012512
0.2616487443447113
0.2628434896469116
0.2532855570316314
0.23237754404544833
0.2222222238779068
0.23237754404544833
0.2502986788749695
0.28016725182533264
0.2927120625972748
0.30824372172355646
0.31959378719329834
0.32974910736083984
0.3363201916217804
0.3160095512866974
0.3112305998802185
0.30824372172355646
0.3213858902454376
0.3315412104129791
0.3189964294433594
0.31660693883895874
0.3189964294433594
0.3231780230998993
0.33572283387184143
0.32974910736083984
0.3273596167564392
0.3243727684020996
0.31660693883895874
0.3351254463195801
0.32676225900650024
0.3189964294433594
0.32078853249549866
0.3279569745063782
0.35304659605026245
0.36081242561340326
0.37634408473968506
0.38829150795936573
0.41636797785758967
0.4068100452423096
0.4157706201076508
0.39247313141822815
0.3584229350090027
0.3936678469181061
0.3751493394374848
0.3273596167564392
0.318399041891098
0.301075279712677
0.29629629850387573
0.3070489764213562
0.30227002501487726
0.2867383658885956
0.29330945014953613
0.301075279712677
0.29450419545173645
0.22461171448230743
0.1170848235487938
0.20489844679832456
0.5537634491920471
0.952210247516632
0.8094384670257568
0.3046594858169556
0.030465949326753616
0.16606929898262024
0.24671445786952967
0.2909199595451355
0.29151731729507446
0.301672637462616
0.31182795763015747
0.3213858902454376
0.321983277797699
0.3160095512866974
0.3279569745063782
0.3291517198085785
0.3375149369239807
0.0
0.0
0.0
0.0
0.0
0.0
0.0
0.0
0.0
0.0
0.0
0.0
0.0
0.0
0.0
0.0
0.0
0.0
0.0
0.0
0.0
0.0
0.0
0.0
0.0
0.0
0.0
0.0
0.0
0.0
0.0
0.0
0.0
0.0
0.0
