0.949935793876648
0.7463414669036865
0.10680359601974489
0.0
0.04903722554445267
0.04595635458827019
0.10064184665679932
0.14249037206172943
0.17894737422466278
0.1761232316493988
0.17047496140003204
0.20077021420001984
0.18485237658023837
0.20256739854812625
0.17843389511108398
0.17355583608150482
0.1925545632839203
0.18921694159507751
0.18741977214813232
0.19794608652591705
0.20770218968391416
0.15892168879508972
0.18485237658023837
0.5406932234764099
0.7178434133529663
0.19845956563949585
0.19743260741233823
0.17047496140003204
0.181001290678978
0.16456995904445648
0.16379974782466888
0.16456995904445648
0.1566110402345657
0.15430039167404175
0.17201539874076843
0.17586649954319
0.18793325126171112
0.20000000298023224
0.19306804239749908
0.20205391943454745
0.21437740325927732
0.6618741750717163
0.3663671314716339
0.4441591799259186
0.708344042301178
0.7394095063209533
0.7453144788742065
0.7448010444641113
0.7679075598716736
0.7697047591209412
0.78228497505188
0.7768934369087219
0.7743260860443115
0.7558408379554749
0.7430038452148436
0.7055199146270752
0.6790757179260254
0.19948652386665344
0.3489088714122772
0.16816431283950803
0.20282413065433505
0.19768933951854703
0.1779204159975052
0.17175866663455963
0.19332477450370789
0.18664954602718356
0.20025673508644104
0.1745827943086624
0.5840821862220764
0.7843388915061951
0.979974329471588
1.0
0.7748395204544067
0.13247753679752347
0.039024390280246735
0.0741976872086525
0.09935814887285233
0.14249037206172943
0.19152760505676267
0.18613606691360476
0.5845956206321716
0.6883183717727661
0.501925528049469
0.698074460029602
0.6911424994468689
0.0
0.0
0.0
0.0
0.0
0.0
0.0
0.0
0.0
0.0
0.0
0.0
0.0
0.0
0.0
0.0
0.0
0.0
0.0
0.0
0.0
0.0
0.0
0.0
0.0
0.0
0.0
0.0
0.0
0.0
0.0
0.0
0.0
0.0
0.0
0.0
0.0
0.0
0.0
0.0
0.0
0.0
0.0
0.0
0.0
0.0
0.0
