0.9511764645576477
0.6205882430076599
0.4611764848232269
0.5111764669418335
0.3594117760658264
0.3499999940395355
0.34470587968826294
0.318823516368866
0.2917647063732147
0.294705867767334
0.31411764025688166
0.3088235259056092
0.29411765933036804
0.3252941071987152
0.29352942109107966
0.31470587849617004
0.2988235354423523
0.30705881118774414
0.32823529839515686
0.3135294020175934
0.3294117748737335
0.34705883264541626
0.30764704942703247
0.3047058880329132
0.2782352864742279
0.275882363319397
0.30705881118774414
0.2776470482349396
0.25588235259056086
0.29058822989463806
0.3023529350757599
0.35588234663009644
0.3235294222831726
0.33764705061912537
0.35411766171455383
0.3617646992206573
0.3858823478221893
0.3735294044017792
0.33117645978927607
0.3347058892250061
0.36058822274208074
0.3711764812469482
0.35411766171455383
0.3499999940395355
0.36470589041709894
0.3435294032096863
0.3623529374599457
0.34705883264541626
0.3794117569923401
0.36882352828979487
0.3794117569923401
0.3799999952316284
0.3711764812469482
0.3923529386520386
0.36588236689567566
0.35588234663009644
0.38647058606147766
0.38647058606147766
0.38941177725791926
0.39941176772117615
0.38823530077934265
0.41823530197143555
0.3970588147640228
0.3947058916091919
0.4105882346630096
0.42411765456199646
0.44764706492424006
0.42705881595611567
0.4300000071525574
0.46352940797805786
0.4376470446586609
0.48588234186172485
0.5199999809265137
0.5323529243469238
0.5511764883995056
0.6188235282897949
0.6005882620811462
0.5729411840438843
0.570588231086731
0.5641176700592041
0.5264706015586853
0.4929411709308624
0.44999998807907104
0.451764702796936
0.4323529303073883
0.4488235414028168
0.475882351398468
0.40999999642372126
0.1523529440164566
0.0
0.2294117659330368
0.8023529648780823
1.0
0.7235293984413147
0.6100000143051147
0.6323529481887816
0.5264706015586853
0.5005882382392883
0.49411764740943914
0.5029411911964417
0.47470587491989136
0.46352940797805786
0.4300000071525574
0.4347058832645416
0.42705881595611567
0.4170588254928589
0.451764702796936
0.44235295057296753
0.45411765575408936
0.0
0.0
0.0
0.0
0.0
0.0
0.0
0.0
0.0
0.0
0.0
0.0
0.0
0.0
0.0
0.0
0.0
0.0
0.0
0.0
0.0
0.0
0.0
