0.9487274289131165
0.8959793448448181
0.5547768473625183
0.31943932175636286
0.19144226610660553
0.10807819664478302
0.05533013492822647
0.054592400789260864
0.046477314084768295
0.03725562617182732
0.043895240873098366
0.03024714067578316
0.03393581882119179
0.043895240873098366
0.03799336031079292
0.051272593438625336
0.04094430059194565
0.05311693251132965
0.0590188130736351
0.06160088628530502
0.0818886011838913
0.07672445476055145
0.09774991124868393
0.1184064894914627
0.13205459713935852
0.14939136803150177
0.15750645101070404
0.190335676074028
0.2227960228919983
0.24419033527374268
0.27369973063468933
0.284028023481369
0.2939874529838562
0.29656952619552607
0.2914053797721863
0.2902987897396088
0.2574695646762848
0.23201771080493927
0.20545923709869385
0.1652526706457138
0.14976023137569427
0.11398008465766905
0.09959424287080765
0.08815935254096986
0.07414238154888153
0.08668387681245805
0.06787163764238358
0.06381408870220184
0.0700848400592804
0.06897823512554169
0.07303577661514282
0.07377351820468903
0.08336406946182251
0.08815935254096986
0.07451125234365462
0.08447067439556122
0.07377351820468903
0.07488011568784714
0.07156030833721161
0.05643673986196518
0.0726669132709503
0.05754334107041359
0.06012541428208351
0.06233862042427063
0.05348579958081245
0.06676503270864487
0.05164146050810814
0.04426410794258118
0.043895240873098366
0.04168203473091125
0.04869052022695541
0.03725562617182732
0.035780154168605804
0.039468832314014435
0.029140539467334747
0.03393581882119179
0.024345260113477703
0.024714127182960514
0.033566948026418686
0.025451863184571263
0.03762449324131012
0.023976393043994904
0.016230173408985134
0.02840280346572399
0.019181113690137863
0.032460346817970276
0.020287716761231422
0.0177056435495615
0.03319808095693588
0.03172261267900467
0.04278863966464996
0.029140539467334747
0.02582073025405407
0.04942825436592103
0.0711914449930191
0.07893766462802888
0.07930652797222137
0.09774991124868393
0.12910364568233487
0.13795647025108335
0.12135743349790572
0.1172998920083046
0.11102914065122604
0.07229804247617722
0.025451863184571263
0.026189597323536873
0.0036886758171021934
0.0
0.007008484099060297
0.008115086704492569
0.019918849691748616
0.005533013492822647
0.0051641459576785564
0.015492438338696957
0.014754703268408775
0.1294725239276886
0.3382515609264374
0.6798229217529297
1.0
0.7226116061210632
0.3961637914180756
0.2807082235813141
0.17299889028072357
0.1172998920083046
0.08963482081890106
0.08520840853452681
0.05237919464707375
0.05237919464707375
0.0590188130736351
0.05643673986196518
0.06528956443071365
0.05385466665029526
