1.0
0.8518306612968445
0.7448512315750122
0.4668192267417908
0.2065217345952988
0.11556064337491988
0.07494278997182846
0.06750571727752686
0.09267734736204147
0.19393593072891235
0.21739129722118375
0.20594966411590576
0.2328375279903412
0.2362700253725052
0.2374141812324524
0.25171625614166254
0.25171625614166254
0.24713958799839017
0.24599541723728177
0.2705949544906616
0.2808924615383148
0.29805493354797363
0.30320367217063904
0.32723110914230347
0.3524027466773987
0.37757438421249384
0.3958809971809387
0.44450801610946655
0.4668192267417908
0.4988558292388916
0.5423340797424316
0.5623570084571838
0.5846682190895081
0.5949656963348389
0.5818077921867371
0.5411899089813232
0.5040045976638794
0.4725400507450104
0.41418763995170593
0.3878718614578247
0.3535469174385071
0.33009153604507446
0.31121280789375305
0.28947368264198303
0.2911899387836456
0.267734557390213
0.260869562625885
0.2688787281513214
0.2660183012485504
0.2602974772453308
0.2580091655254364
0.246567502617836
0.25
0.25057208538055414
0.2488558292388916
0.2442791759967804
0.2511441707611084
0.24599541723728177
0.2522883415222168
0.2236842066049576
0.23340961337089536
0.23798626661300656
0.23112128674983975
0.21624714136123657
0.23112128674983975
0.21052631735801697
0.2110984027385712
0.2099542319774628
0.20594966411590576
0.2110984027385712
0.20366132259368896
0.19622425734996796
0.2065217345952988
0.19736842811107635
0.2191075533628464
0.2397025227546692
0.2831807732582092
0.29004576802253723
0.32780319452285767
0.32951945066452026
0.2774599492549896
0.30434781312942505
0.28203660249710083
0.214530885219574
0.21624714136123657
0.18993134796619413
0.18935926258563995
0.1733409613370895
0.17505720257759094
0.16590389609336853
0.1378718465566635
0.1378718465566635
0.16132722795009613
0.15389016270637512
0.1733409613370895
0.15789473056793213
0.1693363785743713
0.1664759665727615
0.1733409613370895
0.17848969995975494
0.18306636810302732
0.1716247200965881
0.1716247200965881
0.18649885058403012
0.1744851320981979
0.18535469472408292
0.1710526347160339
0.10297483205795288
0.0
0.06407322734594345
0.38615560531616205
0.9113272428512573
0.8157894611358641
0.7660183310508728
0.5612128376960753
0.21395881474018097
0.10869564861059187
0.04691075533628464
0.025171624496579167
0.014874141663312912
0.11098398268222807
0.1418764293193817
0.1733409613370895
0.1693363785743713
0.17562928795814514
0.1704805493354797
0.17791761457920074
0.18993134796619413
0.19508008658885956
0.18707093596458435
0.18993134796619413
0.19851258397102356
