1.0
0.6339768171310425
0.1652509719133377
0.23861004412174225
0.2988416850566864
0.20386099815368647
0.13745173811912537
0.13050192594528198
0.13745173811912537
0.1513513475656509
0.15675675868988037
0.1752895712852478
0.16988417506217957
0.1683397740125656
0.17683397233486176
0.18069498240947723
0.18841698765754697
0.19691120088100436
0.1752895712852478
0.19073359668254847
0.17220076918601987
0.18918919563293457
0.17915058135986328
0.1652509719133377
0.18996138870716092
0.1652509719133377
0.17451737821102142
0.1428571492433548
0.13822393119335175
0.13745173811912537
0.09575289487838744
0.09884169697761536
0.0779922753572464
0.0810810774564743
0.09806949645280838
0.10733591020107268
0.1135135143995285
0.12664093077182767
0.11969111859798431
0.10579150915145874
0.10965251177549362
0.12895752489566803
0.09884169697761536
0.09806949645280838
0.1227799206972122
0.11737451702356339
0.12586872279644012
0.12895752489566803
0.12741312384605408
0.14749035239219663
0.14517374336719513
0.16679537296295166
0.1559845507144928
0.15366795659065247
0.17142857611179352
0.15057915449142456
0.15057915449142456
0.15752895176410675
0.13436293601989746
0.14749035239219663
0.14440155029296875
0.1552123576402664
0.15366795659065247
0.14362934231758115
0.14054054021835327
0.14208494126796722
0.1359073370695114
0.13745173811912537
0.1559845507144928
0.2138996124267578
0.23552124202251437
0.21853281557559967
0.265637069940567
0.2594594657421112
0.25791504979133606
0.2525096535682678
0.2525096535682678
0.2339768409729004
0.1984556019306183
0.11119691282510756
0.07258687168359756
0.058687258511781686
0.04710424691438674
0.046332046389579766
0.07258687168359756
0.08880309015512465
0.1590733528137207
0.1976833939552307
0.3776061832904816
0.7505791783332824
0.6023166179656982
0.07181467115879059
0.05405405536293984
0.17220076918601987
0.09189189225435257
0.0
0.013899614103138447
0.02702702768146992
0.013899614103138447
0.028571428731083866
0.0154440151527524
0.00308880303055048
0.02084942162036896
0.022393822669982914
0.06100386008620262
0.0
0.0
0.0
0.0
0.0
0.0
0.0
0.0
0.0
0.0
0.0
0.0
0.0
0.0
0.0
0.0
0.0
0.0
0.0
0.0
0.0
0.0
0.0
0.0
0.0
0.0
0.0
