0.9993146061897277
1.0
0.7285812497138977
0.3516106903553009
0.29883483052253723
0.27895820140838623
0.17614804208278656
0.14530500769615173
0.1583276242017746
0.1487320065498352
0.15969842672348022
0.148046612739563
0.16175462305545807
0.167923241853714
0.1727210432291031
0.18094585835933685
0.18642906844615936
0.19054146111011505
0.1960246711969376
0.1775188446044922
0.18026044964790344
0.18917065858840945
0.19465386867523196
0.20699109137058255
0.18779985606670377
0.17135024070739746
0.1932830661535263
0.17683345079421997
0.1871144622564316
0.17409184575080872
0.18231666088104248
0.19945168495178223
0.216586709022522
0.2193283140659332
0.2179575115442276
0.22618231177330017
0.23920492827892303
0.25496914982795715
0.2529129683971405
0.25496914982795715
0.2590815722942352
0.26936256885528564
0.24537354707717893
0.2522275447845459
0.2378341257572174
0.2357779294252396
0.24400274455547327
0.2330363243818283
0.2357779294252396
0.22481150925159452
0.2179575115442276
0.2179575115442276
0.21315969526767728
0.21521590650081637
0.2083618938922882
0.1973954737186432
0.2186429053544998
0.21110349893569944
0.21178889274597168
0.1973954737186432
0.19945168495178223
0.20973269641399384
0.21521590650081637
0.2076764851808548
0.19465386867523196
0.20287868380546567
0.20013707876205444
0.1925976723432541
0.19945168495178223
0.2076764851808548
0.25085675716400146
0.32830706238746643
0.3625771105289459
0.3543522953987121
0.3077450394630432
0.2323509305715561
0.22892391681671145
0.18574365973472595
0.1925976723432541
0.22412611544132233
0.2234407067298889
0.23029471933841705
0.1925976723432541
0.16449622809886932
0.14119260013103485
0.13776558637619019
0.1638108342885971
0.15421521663665771
0.17477723956108093
0.06031528487801552
0.05071967095136642
0.06374228745698929
0.0
0.2748457789421081
0.8704591989517213
0.9348869323730468
0.6778615713119507
0.27964359521865845
0.2371487319469452
0.26387935876846313
0.16723783314228055
0.13570939004421234
0.13639478385448456
0.12200137227773666
0.128169983625412
0.12679918110370636
0.13708019256591797
0.14530500769615173
0.14736120402812955
0.15490061044692993
0.1494174152612686
0.1692940443754196
0.1535298079252243
0.0
0.0
0.0
0.0
0.0
0.0
0.0
0.0
0.0
0.0
0.0
0.0
0.0
0.0
0.0
0.0
0.0
0.0
0.0
