1.0
0.9107657074928285
0.7000575661659241
0.37132987380027765
0.2320092171430588
0.16637881100177765
0.1404720842838287
0.12953367829322815
0.11686816066503523
0.1116868183016777
0.11398963630199432
0.1255037486553192
0.1375935524702072
0.1341393142938614
0.13010938465595245
0.1375935524702072
0.15659181773662567
0.16753022372722623
0.17098446190357208
0.1727115660905838
0.18307426571846008
0.2049510627985001
0.2475532591342926
0.2440990209579468
0.2751871049404144
0.29591250419616694
0.3189406991004944
0.34945309162139887
0.3834196925163269
0.38514679670333857
0.4156591892242432
0.41508346796035767
0.4208405315876007
0.393782377243042
0.3362118601799011
0.310305118560791
0.24870465695858
0.21704088151454923
0.17098446190357208
0.15198618173599243
0.15601612627506256
0.14392630755901337
0.13874496519565582
0.11514104902744292
0.11801957339048384
0.11686816066503523
0.11974669247865675
0.11571675539016724
0.10938399285078047
0.09383995085954666
0.11053540557622908
0.10189982503652573
0.12953367829322815
0.11053540557622908
0.10708117485046385
0.11917098611593246
0.11571675539016724
0.123200923204422
0.11801957339048384
0.10592976212501524
0.11686816066503523
0.10765688121318816
0.12665514647960663
0.14104779064655304
0.10305123776197432
0.1237766295671463
0.10938399285078047
0.11801957339048384
0.11053540557622908
0.10650546848773956
0.123200923204422
0.1099596992135048
0.11514104902744292
0.12435232847929
0.12953367829322815
0.15486471354961395
0.16695451736450195
0.1997697204351425
0.21531376242637637
0.22279793024063113
0.2510074973106384
0.20610247552394864
0.17616580426692963
0.1485319584608078
0.10708117485046385
0.09383995085954666
0.09096142649650572
0.09556706994771955
0.09326425194740295
0.07311456650495529
0.0
0.0759930908679962
0.3448474407196045
0.560736894607544
0.9366724491119384
0.9078871607780457
0.6563040018081665
0.33909037709236145
0.22682785987854004
0.16637881100177765
0.15486471354961395
0.12895797193050385
0.13529072701931
0.14795625209808347
0.13816925883293152
0.1525618880987167
0.15659181773662567
0.16522739827632904
0.16637881100177765
0.16350029408931732
0.18940702080726624
0.19055843353271484
0.0
0.0
0.0
0.0
0.0
0.0
0.0
0.0
0.0
0.0
0.0
0.0
0.0
0.0
0.0
0.0
0.0
0.0
0.0
0.0
