1.0
0.4314400553703308
0.21285140514373777
0.16408491134643555
0.25415948033332825
0.3516924977302551
0.3436603546142578
0.3505450487136841
0.3488238751888275
0.35915088653564453
0.33964428305625916
0.34767642617225647
0.3580034375190735
0.3580034375190735
0.3757888674736023
0.3654618561267853
0.3780837655067444
0.40562248229980474
0.38898450136184687
0.4010327160358429
0.4234079122543335
0.4348823726177216
0.4406196177005768
0.45152035355567927
0.4257028102874756
0.4618473947048187
0.4767642021179199
0.4670109152793884
0.4825014472007752
0.4738955795764923
0.46987950801849365
0.46471601724624634
0.43602982163429266
0.4337349534034729
0.41021227836608887
0.39529547095298767
0.35685598850250244
0.3551348149776459
0.33792310953140253
0.37406769394874567
0.3327596187591553
0.348250150680542
0.3539873659610748
0.35685598850250244
0.3499713242053985
0.37062534689903254
0.36431440711021423
0.3499713242053985
0.357429713010788
0.37980493903160095
0.36201950907707214
0.37406769394874567
0.36259323358535767
0.36775675415992737
0.4142283499240875
0.3786574900150299
0.3723465204238892
0.3815261125564575
0.36718302965164173
0.38439473509788513
0.3631669580936432
0.3637406826019287
0.3666093051433563
0.35628226399421686
0.3757888674736023
0.3488238751888275
0.32989099621772766
0.3281698226928711
0.38611587882041926
0.3947217464447021
0.41480207443237294
0.43660354614257807
0.4193918406963348
0.3987378180027008
0.4245553612709045
0.4480780363082886
0.402753859758377
0.3763625919818878
0.3356282413005829
0.3012048304080963
0.29432013630867004
0.29202523827552795
0.29087778925895685
0.2730923593044281
0.27538725733757013
0.2748135328292846
0.3275960981845856
0.36259323358535767
0.5547906160354614
0.980493426322937
0.37062534689903254
0.0
0.040734365582466125
0.1933448016643524
0.25243833661079407
0.24268501996994016
0.23637406527996063
0.2409638613462448
0.24899598956108093
0.28169822692871094
0.2639127969741821
0.26735514402389526
0.2776821553707123
0.2581755518913269
0.2639127969741821
0.28915661573410034
0.0
0.0
0.0
0.0
0.0
0.0
0.0
0.0
0.0
0.0
0.0
0.0
0.0
0.0
0.0
0.0
0.0
0.0
0.0
0.0
0.0
0.0
0.0
0.0
0.0
0.0
