0.9415121078491211
1.0
0.9650499224662781
0.9322396516799927
0.9286733269691468
0.8701854348182678
0.812410831451416
0.7660484910011292
0.7139800190925598
0.7004279494285583
0.6854493618011475
0.6626248359680176
0.636233925819397
0.6162624955177307
0.5898715853691101
0.5920113921165465
0.6141226887702942
0.6398003101348877
0.6305277943611145
0.6162624955177307
0.6455064415931702
0.6233951449394226
0.6554921269416809
0.6462196707725525
0.6512125730514526
0.6398003101348877
0.6355206966400145
0.61768901348114
0.6233951449394226
0.6184023022651672
0.6134093999862671
0.6162624955177307
0.6191155314445496
0.6419400572776793
0.7075605988502502
0.7368045449256898
0.7432239651679992
0.7360913157463074
0.6975749135017395
0.7432239651679992
0.7054208517074585
0.7089871764183044
0.703281044960022
0.61768901348114
0.6276747584342957
0.5770328044891356
0.5563480854034424
0.5328102707862854
0.5542082786560059
0.49643367528915405
0.4907275438308716
0.5014265179634094
0.4935806095600128
0.5106989741325377
0.7018544673919678
0.6184023022651672
0.5577746033668518
0.6833095550537108
0.3017118275165558
0.0
0.06990014016628265
0.16119828820228577
0.27032810449600214
0.4835948646068573
0.5592011213302612
0.5527817606925964
0.5756062865257263
0.554921567440033
0.5613409280776978
0.5777460932731628
0.5756062865257263
0.5820257067680359
0.5905848741531372
0.5805991291999817
0.6155492067337036
0.5998573303222656
0.6298145651817322
0.6547788977622986
0.6569187045097351
0.6990014314651489
0.6947218179702759
0.75820255279541
0.8038516640663147
0.8395149707794188
0.8815976977348327
0.9051355123519896
0.9087018370628357
0.9286733269691468
0.9037089943885804
0.8773181438446046
0.8316690325736998
0.7674750089645386
0.7211126685142517
0.6533523797988892
0.6319543719291687
0.6012839078903198
0.5634807348251343
0.5406562089920044
0.5699001550674438
0.52781742811203
0.5042796134948729
0.5114122629165649
0.5164051651954651
0.0
0.0
0.0
0.0
0.0
0.0
0.0
0.0
0.0
0.0
0.0
0.0
0.0
0.0
0.0
0.0
0.0
0.0
0.0
0.0
0.0
0.0
0.0
0.0
0.0
0.0
0.0
0.0
0.0
