1.0
0.926987051963806
0.7005545496940613
0.5212569236755371
0.48521256446838373
0.4390018582344055
0.39741221070289606
0.40295749902725214
0.417744904756546
0.4168207049369812
0.4426987171173096
0.417744904756546
0.43160814046859747
0.4426987171173096
0.4343807697296143
0.4417744874954224
0.42698705196380615
0.4353049993515015
0.45286506414413447
0.43715342879295355
0.4787430763244629
0.4343807697296143
0.4500924348831177
0.4500924348831177
0.4343807697296143
0.4510166347026825
0.40388169884681696
0.4168207049369812
0.36598891019821167
0.36506468057632446
0.35674676299095154
0.2717190384864807
0.25785583257675165
0.22550831735134125
0.22920517623424527
0.2495379000902176
0.18853974342346191
0.23567467927932736
0.24306839704513547
0.28003695607185364
0.2883549034595489
0.28188538551330566
0.30961182713508606
0.2883549034595489
0.30129390954971313
0.305914968252182
0.28927910327911377
0.3003696799278259
0.2717190384864807
0.2883549034595489
0.30129390954971313
0.26802217960357666
0.31423291563987726
0.290203332901001
0.2791127562522888
0.292051762342453
0.2698706090450287
0.30961182713508606
0.292051762342453
0.2763400971889496
0.30961182713508606
0.29112753272056574
0.3622920513153076
0.37245839834213257
0.405730128288269
0.42051756381988525
0.32347503304481506
0.29574862122535706
0.30406653881073
0.2883549034595489
0.2883549034595489
0.26155269145965576
0.2929759621620178
0.2754158973693848
0.2717190384864807
0.2698706090450287
0.24029575288295743
0.2698706090450287
0.2606284618377685
0.2624768912792206
0.25970426201820374
0.2365988940000534
0.2754158973693848
0.2476894706487656
0.2227356731891632
0.08133086562156677
0.0
0.23290203511714933
0.5360443592071533
0.8197782039642334
0.6229205131530762
0.7606284618377684
0.9380776286125184
0.6728280782699585
0.5286506414413452
0.4731977880001068
0.3909426927566528
0.40388169884681696
0.38077634572982794
0.40480592846870417
0.39648798108100886
0.390018492937088
0.4232901930809021
0.40110906958580017
0.40295749902725214
0.4103511869907379
0.3872458338737488
0.3946395516395569
0.36968576908111567
0.39371535181999207
0.3789279162883759
0.3484288454055786
0.0
0.0
0.0
0.0
0.0
0.0
0.0
0.0
0.0
0.0
0.0
0.0
0.0
0.0
0.0
0.0
0.0
0.0
0.0
0.0
