1.0
0.6493855714797974
0.5019201040267944
0.09639016538858412
0.06643625348806381
0.09216590225696564
0.1912442445755005
0.23924730718135837
0.25960060954093933
0.27419355511665344
0.2853302657604217
0.287634402513504
0.2864823341369629
0.2983871102333069
0.302611380815506
0.3068356513977051
0.3172042965888977
0.3245007693767548
0.3444700539112091
0.3502304255962372
0.3567588329315185
0.3713517785072327
0.35061442852020264
0.36635944247245783
0.3613671362400055
0.37019968032836914
0.3621351718902588
0.35906296968460083
0.3740399479866028
0.3744239509105682
0.3771121203899384
0.3671275079250336
0.3671275079250336
0.3786482214927673
0.38748079538345337
0.3886328637599945
0.3790322542190552
0.3863287270069122
0.3947772681713104
0.3855606615543365
0.38210445642471313
0.379416286945343
0.38056835532188416
0.39247313141822815
0.39016896486282343
0.3905529975891113
0.3863287270069122
0.38440859317779535
0.3867127597332001
0.3951613008975983
0.3828724920749664
0.3751920163631439
0.3732718825340271
0.3759600520133972
0.370583713054657
0.3509984612464905
0.3494623601436615
0.3306451737880707
0.3256528377532959
0.3145161271095276
0.32603687047958374
0.35906296968460083
0.34408602118492126
0.35176652669906616
0.35944700241088867
0.37980031967163086
0.3909370303153992
0.36789554357528687
0.3317972421646118
0.301075279712677
0.29032257199287415
0.2899385690689087
0.2430875599384308
0.24039939045906064
0.23003071546554563
0.2331029176712036
0.23348695039749143
0.2261904776096344
0.2899385690689087
0.46390169858932495
0.6705068945884705
0.9819508194923402
0.6520737409591675
0.47273424267768854
0.04685099795460701
0.0
0.029185868799686432
0.12173578888177872
0.17741934955120087
0.20967741310596463
0.2162058353424072
0.22657449543476105
0.2254224270582199
0.23463901877403257
0.2288786470890045
0.2380952388048172
0.24385561048984528
0.24039939045906064
0.2542242705821991
0.2519201338291168
0.24846389889717105
0.2634408473968506
0.26920121908187866
0.2653609812259674
0.2753456234931946
0.2711213529109955
0.2757296562194824
0.29224270582199097
0.290706604719162
0.29800307750701904
0.2960829436779022
0.2899385690689087
0.29109063744544983
0.28840246796607966
0.2837941646575928
0.27496159076690674
0.27764976024627686
0.27918586134910583
0.28955453634262085
0.28110599517822266
0.27419355511665344
0.2738095223903656
0.287634402513504
0.2761136591434479
0.2745775878429413
0.2799539268016815
0.2857142984867096
0.27688172459602356
0.2807219624519348
0.27688172459602356
0.2745775878429413
0.2745775878429413
