0.9576629996299744
0.8365791440010071
0.5325995087623596
0.287044882774353
0.0
0.16257408261299133
0.18289585411548612
0.2497883141040802
0.22777307033538816
0.23370026051998136
0.22777307033538816
0.23370026051998136
0.254868745803833
0.23624047636985776
0.248941570520401
0.24386113882064817
0.24132090806961057
0.2565622329711914
0.21761219203472135
0.24470786750316617
0.24640135467052457
0.259102463722229
0.2802709639072418
0.2624894082546234
0.2667231261730194
0.29043182730674744
0.2794242203235626
0.29297205805778503
0.2887383699417114
0.30482640862464905
0.32006773352622986
0.32853513956069946
0.36240473389625544
0.36409822106361384
0.37256562709808344
0.3945808708667755
0.37171888351440424
0.41151565313339233
0.3971210718154907
0.3886536955833435
0.3827264904975891
0.3497036397457123
0.3547840714454651
0.31837424635887146
0.32260796427726746
0.31160032749176025
0.29297205805778503
0.30651989579200745
0.265029639005661
0.287044882774353
0.28281116485595703
0.2718035578727722
0.270956814289093
0.24724809825420377
0.287044882774353
0.28535139560699463
0.2667231261730194
0.28281116485595703
0.2794242203235626
0.28450465202331543
0.2726503014564514
0.276883989572525
0.29212531447410583
0.28281116485595703
0.2794242203235626
0.29212531447410583
0.2751905024051666
0.2718035578727722
0.2540220022201538
0.2734970450401306
0.24386113882064817
0.248941570520401
0.2574089765548706
0.24047417938709256
0.24640135467052457
0.2497883141040802
0.23200677335262296
0.23708721995353696
0.24470786750316617
0.2574089765548706
0.2734970450401306
0.29889923334121704
0.3598645329475403
0.33700254559516907
0.37171888351440424
0.4403048157691956
0.4436917901039124
0.42675697803497314
0.3945808708667755
0.3852667212486267
0.3437764644622803
0.2751905024051666
0.2692633271217346
0.20914478600025177
0.19983065128326416
0.19729043543338773
0.19136324524879453
0.20491109788417816
0.1752751916646957
0.18882302939891812
0.18204911053180692
0.19305673241615293
0.19136324524879453
0.3598645329475403
0.4360711276531219
0.7764606475830078
1.0
0.764606237411499
0.43776461482048035
0.12108382582664488
0.029635902494192123
0.14563928544521332
0.19475020468235013
0.19559694826602933
0.21337848901748657
0.22777307033538816
0.22015240788459775
0.24132090806961057
0.23116002976894376
0.24216765165328977
0.23962743580341336
0.22523285448551175
0.24386113882064817
0.23116002976894376
0.24809484183788297
0.25317528843879694
0.0
0.0
0.0
0.0
0.0
0.0
