0.9549839496612548
1.0
0.7588424682617188
0.4750804007053375
0.27170416712760925
0.21463023126125333
0.2057877779006958
0.16800643503665924
0.19935691356658933
0.11414790898561476
0.08360128849744797
0.07717041671276093
0.1028938889503479
0.0755627006292343
0.09003215283155441
0.07154341042041779
0.07797427475452422
0.06430868059396744
0.04903537034988403
0.05707395449280738
0.09405145049095152
0.053858522325754166
0.06993569433689117
0.0755627006292343
0.0755627006292343
0.06752411276102066
0.05787781253457069
0.01607717014849186
0.013665595091879368
0.005627009551972151
0.010450161062180996
0.013665595091879368
0.004019292537122965
0.01607717014849186
0.02491961419582367
0.0
0.006430868059396744
0.05064308643341064
0.053858522325754166
0.052250802516937256
0.08199357241392134
0.09807074069976807
0.09485530853271484
0.09887459874153136
0.1053054630756378
0.09565916657447816
0.1036977469921112
0.10450160503387453
0.09405145049095152
0.053858522325754166
0.09405145049095152
0.06752411276102066
0.07717041671276093
0.08279743045568466
0.07797427475452422
0.07475884258747101
0.06270096451044083
0.0755627006292343
0.117363341152668
0.11977492272853851
0.13987138867378235
0.12138263881206512
0.134244367480278
0.15032154321670532
0.1889067590236664
0.20980706810951233
0.15434083342552185
0.1784565895795822
0.1310289353132248
0.0876205787062645
0.08681672066450119
0.05787781253457069
0.06832797080278397
0.053858522325754166
0.06511253863573073
0.06511253863573073
0.08038584887981415
0.11012861877679823
0.15434083342552185
0.3633440434932709
0.6615755558013916
0.6744372844696045
0.7837620377540588
0.9236334562301636
0.9300643205642701
0.9533762335777282
0.6471061110496521
0.381028950214386
0.23070739209651947
0.1334405094385147
0.18086816370487213
0.16559486091136932
0.175241157412529
0.06511253863573073
0.06832797080278397
0.07475884258747101
0.07877813279628754
0.07475884258747101
0.06591639667749405
0.06511253863573073
0.0
0.0
0.0
0.0
0.0
0.0
0.0
0.0
0.0
0.0
0.0
0.0
0.0
0.0
0.0
0.0
0.0
0.0
0.0
0.0
0.0
0.0
0.0
0.0
0.0
0.0
0.0
0.0
0.0
0.0
0.0
0.0
