0.9899224638938906
0.7651162743568419
0.6542635560035706
0.6209302544593811
0.7147286534309387
0.6658914685249329
0.6542635560035706
0.656589150428772
0.6658914685249329
0.6751937866210938
0.6627907156944275
0.6620154976844788
0.6503875851631165
0.6534883975982666
0.6426356434822083
0.6441860198974608
0.6488372087478638
0.6263566017150879
0.630232572555542
0.617054283618927
0.5961240530014038
0.5953488349914551
0.565891444683075
0.5945736169815063
0.5790697932243347
0.5643410682678223
0.5348837375640869
0.4953488409519196
0.44651162624359125
0.4186046421527863
0.367441862821579
0.3294573724269867
0.2550387680530548
0.2201550453901291
0.13875968754291534
0.08294573426246643
0.018604651093482968
0.0
0.044186048209667206
0.06744185835123062
0.12170542776584624
0.22248062491416928
0.262790709733963
0.3558139503002167
0.408527135848999
0.45038759708404547
0.5046511888504028
0.5077519416809082
0.5217054486274719
0.5480620265007019
0.5790697932243347
0.5581395626068115
0.5441860556602478
0.55271315574646
0.5403100848197937
0.5232558250427246
0.5682170391082764
0.5604650974273682
0.5403100848197937
0.5581395626068115
0.5302325487136841
0.5596899390220642
0.5806201696395874
0.5806201696395874
0.5558139681816101
0.568992257118225
0.565116286277771
0.5604650974273682
0.5899224877357483
0.5813953280448914
0.5682170391082764
0.5883721113204956
0.6139534711837769
0.5968992114067078
0.5992248058319092
0.6000000238418579
0.603875994682312
0.5852712988853456
0.6062015295028688
0.6093023419380188
0.6015504002571106
0.5930232405662537
0.5992248058319092
0.5906976461410521
0.5968992114067078
0.6077519655227661
0.6232557892799377
0.5976744294166565
0.617054283618927
0.6093023419380188
0.5961240530014038
0.617054283618927
0.5875968933105469
0.6116279363632202
0.630232572555542
0.6255813837051392
0.6124030947685242
0.5976744294166565
0.6255813837051392
0.6062015295028688
0.6069767475128174
0.6131783127784729
0.6139534711837769
0.6248062252998352
0.6000000238418579
0.6410852670669556
0.6875969171524048
0.7317829728126525
0.7317829728126525
0.7767441868782043
0.7635658979415892
0.7666666507720947
0.7178294658660889
0.6961240172386169
0.6658914685249329
0.648061990737915
0.6201550364494324
0.631007730960846
0.6465116143226624
0.6325581669807434
0.6131783127784729
0.6209302544593811
0.6069767475128174
0.5930232405662537
0.31162789463996887
0.07054263353347777
0.08217054605484007
0.6279069781303406
1.0
0.6914728879928589
0.6147286891937256
0.7240310311317443
