1.0
0.7638888955116272
0.5101010203361511
0.3232323229312897
0.28535354137420654
0.2083333283662796
0.2411616146564484
0.2752525210380554
0.2411616146564484
0.2752525210380554
0.2752525210380554
0.280303031206131
0.3080808222293854
0.2550505101680756
0.30050504207611084
0.31818181276321406
0.31439393758773804
0.338383823633194
0.3244949579238892
0.3484848439693451
0.310606062412262
0.3497474789619446
0.3358585834503174
0.310606062412262
0.28409090638160706
0.2916666567325592
0.29797980189323425
0.28409090638160706
0.17676767706871033
0.1527777761220932
0.12752525508403778
0.07575757801532745
0.08712121099233627
0.020202020183205605
0.02651515230536461
0.0
0.03787878900766373
0.08838383853435516
0.06439393758773804
0.09848485141992569
0.1111111119389534
0.14141413569450378
0.16919191181659698
0.1224747449159622
0.1654040366411209
0.14646464586257935
0.14646464586257935
0.15530303120613098
0.13131313025951383
0.16919191181659698
0.1641414165496826
0.17803029716014862
0.19696970283985135
0.17676767706871033
0.18939393758773804
0.16035354137420654
0.17803029716014862
0.0
0.0
0.0
0.0
0.0
0.0
0.0
0.0
0.0
0.0
0.0
0.0
0.0
0.0
0.0
0.0
0.0
0.0
0.0
0.0
0.0
0.0
0.0
0.0
0.0
0.0
0.0
0.0
0.0
0.0
0.0
0.0
0.0
0.0
0.0
0.0
0.0
0.0
0.0
0.0
0.0
0.0
0.0
0.0
0.0
0.0
0.0
0.0
0.0
0.0
0.0
0.0
0.0
0.0
0.0
0.0
0.0
0.0
0.0
0.0
0.0
0.0
0.0
0.0
0.0
0.0
0.0
0.0
0.0
0.0
0.0
0.0
0.0
0.0
0.0
