0.9055337905883789
0.9904974699020384
0.8060368895530701
0.46394634246826166
0.12800447642803192
0.0
0.04136389121413231
0.002794857369735837
0.005030743312090635
0.05254331976175308
0.09782001376152039
0.18334265053272247
0.2258244901895523
0.21129122376441956
0.17384013533592224
0.17887087166309357
0.1553940773010254
0.1347121298313141
0.12912242114543915
0.1313582956790924
0.11794298142194748
0.1285634487867355
0.14197875559329987
0.1307993233203888
0.11514812707901
0.12968139350414276
0.12465064227581024
0.14645053446292877
0.1274455040693283
0.11403018236160278
0.12073784321546555
0.10173281282186508
0.08049189299345016
0.06260480731725693
0.07713806629180908
0.06651760637760161
0.07937394827604294
0.09334824234247208
0.07098937779664993
0.07937394827604294
0.08719955384731293
0.10564561188220976
0.13024035096168518
0.14086081087589264
0.17048630118370056
0.16992732882499695
0.21464505791664124
0.22638344764709473
0.23420906066894528
0.24427054822444916
0.24259363114833832
0.23029625415802
0.24203465878963473
0.23923979699611664
0.23756287992000577
0.21743990480899808
0.2118501961231232
0.2118501961231232
0.21129122376441956
0.22414757311344144
0.21688093245029447
0.21743990480899808
0.22470654547214508
0.23644493520259857
0.22694242000579837
0.23644493520259857
0.2548910081386566
0.2576858699321747
0.2459474503993988
0.24986025691032407
0.2548910081386566
0.24818333983421323
0.2593627870082855
0.254332035779953
0.2520961463451385
0.2532140910625458
0.2632755637168884
0.2778088450431824
0.2621576189994812
0.28451648354530334
0.27333706617355347
0.2699832320213318
0.28842929005622864
0.2794857323169708
0.2906651794910431
0.2912241518497467
0.28395751118659973
0.25600895285606384
0.27669090032577515
0.26439350843429565
0.2576858699321747
0.24315260350704196
0.2548910081386566
0.257126897573471
0.24203465878963473
0.24203465878963473
0.24930128455162048
0.2615986466407776
0.24203465878963473
0.24371157586574557
0.24371157586574557
0.26383453607559204
0.25992172956466675
0.25377306342124933
0.2291783094406128
0.22414757311344144
0.24091671407222748
0.25600895285606384
0.23365008831024167
0.23979876935482025
0.22247065603733063
0.23085522651672363
0.2414756864309311
0.25544998049736023
0.2448295205831528
0.2297372817993164
0.2453884780406952
0.2353270053863525
0.24986025691032407
0.2448295205831528
0.23420906066894528
0.254332035779953
0.24986025691032407
0.26718837022781367
0.25600895285606384
0.2459474503993988
0.2465064227581024
0.24315260350704196
0.24706539511680603
0.2520961463451385
0.25377306342124933
0.24371157586574557
