0.8920266032218933
0.9939091801643373
0.65836101770401
0.24418604373931885
0.2873754203319549
0.2785160541534424
0.18050941824913025
0.17995570600032806
0.1622369885444641
0.19656699895858765
0.18272425234317777
0.21040974557399747
0.19933554530143735
0.2220376580953598
0.19656699895858765
0.24141749739646912
0.22037652134895325
0.24473975598812103
0.2718715369701385
0.22037652134895325
0.2552602291107178
0.24363233149051663
0.23366555571556089
0.2547065317630768
0.20044296979904172
0.21816168725490567
0.22093023359775543
0.1423034369945526
0.18826134502887723
0.18106311559677124
0.1710963398218155
0.16998893022537231
0.19712071120738983
0.18881505727767944
0.20985603332519528
0.20099668204784396
0.1710963398218155
0.16112956404685974
0.18881505727767944
0.17995570600032806
0.16279070079326627
0.18770764768123624
0.13289035856723783
0.14119601249694824
0.13621261715888977
0.19656699895858765
0.2585825026035309
0.25138428807258606
0.3006644546985626
0.2702104151248932
0.30730897188186646
0.2425249218940735
0.27630120515823364
0.2458471804857254
0.2225913554430008
0.2259136140346527
0.24695459008216855
0.18881505727767944
0.1666666716337204
0.14008858799934387
0.15227021276950836
0.15337763726711273
0.15780730545520782
0.11295680701732635
0.06699889153242111
0.06810630857944489
0.0
0.2253599166870117
0.6849390864372252
1.0
0.8239202499389648
0.4324474036693573
0.2585825026035309
0.29623478651046753
0.17552602291107175
0.16002215445041656
0.16334441304206848
0.17718715965747833
0.1893687695264816
0.18050941824913025
0.21816168725490567
0.0
0.0
0.0
0.0
0.0
0.0
0.0
0.0
0.0
0.0
0.0
0.0
0.0
0.0
0.0
0.0
0.0
0.0
0.0
0.0
0.0
0.0
0.0
0.0
0.0
0.0
0.0
0.0
0.0
0.0
0.0
0.0
0.0
0.0
0.0
0.0
0.0
0.0
0.0
0.0
0.0
0.0
0.0
0.0
0.0
0.0
0.0
0.0
0.0
0.0
0.0
