0.93516206741333
1.0
0.7967581152915953
0.46321696043014526
0.3634663224220276
0.2755610942840576
0.2917705774307251
0.28615960478782654
0.2948877811431885
0.2761845290660858
0.307356595993042
0.26995012164115906
0.2942643463611603
0.28615960478782654
0.3129675686359405
0.331047385931015
0.32543641328811646
0.3354114592075348
0.3322942554950714
0.3316708207130432
0.3503740727901459
0.34164589643478394
0.35723191499710083
0.3366583585739136
0.332917720079422
0.332917720079422
0.3223192095756531
0.3048628568649292
0.31109726428985596
0.28990024328231806
0.2911471426486969
0.25748130679130554
0.2475062310695648
0.2643391489982605
0.2612219452857971
0.28865337371826166
0.2755610942840576
0.31546133756637573
0.3198254406452179
0.32917705178260803
0.3453865349292755
0.3385286927223205
0.33915212750434875
0.33354115486145014
0.35162094235420227
0.35785534977912903
0.34351620078086853
0.3466334044933319
0.35473814606666565
0.3410224318504333
0.35473814606666565
0.3441396653652191
0.3360349237918854
0.3428927659988404
0.32730674743652344
0.35286784172058105
0.32855361700057983
0.3216957747936249
0.3341645896434784
0.3129675686359405
0.32668328285217285
0.3322942554950714
0.3229426443576813
0.3036159574985504
0.3048628568649292
0.307356595993042
0.2948877811431885
0.302369087934494
0.3428927659988404
0.3690772950649261
0.4002493619918823
0.40710723400115967
0.4875311851501465
0.46446382999420166
0.3852867782115936
0.3690772950649261
0.32481297850608826
0.28553617000579834
0.27306732535362244
0.24563591182231903
0.2612219452857971
0.2524937689304352
0.25748130679130554
0.17892767488956451
0.01184538658708334
0.0
0.3940149545669556
0.8192020058631898
0.9731920361518861
0.7556109428405762
0.4295511245727539
0.359725683927536
0.25436410307884216
0.2481296807527542
0.24688279628753665
0.28428927063941956
0.2761845290660858
0.2637157142162323
0.27369076013565063
0.28304240107536316
0.2942643463611603
0.2961346507072449
0.29862841963768005
0.0
0.0
0.0
0.0
0.0
0.0
0.0
0.0
0.0
0.0
0.0
0.0
0.0
0.0
0.0
0.0
0.0
0.0
0.0
0.0
0.0
0.0
0.0
0.0
0.0
0.0
0.0
0.0
0.0
