0.9949748516082765
0.7839195728302003
0.6331658363342285
0.7336683273315429
0.5795645117759705
0.5988274812698364
0.5268006920814513
0.35678392648696894
0.3626465797424317
0.3969849348068237
0.36348408460617065
0.3902847468852997
0.33919596672058105
0.3785594701766968
0.36180904507637024
0.3819095492362976
0.41289782524108887
0.34673365950584406
0.37604689598083496
0.3425460755825043
0.32412061095237726
0.3458961546421051
0.3216080367565155
0.311557799577713
0.25376883149147034
0.25125628709793085
0.18509212136268613
0.1448911279439926
0.10385259985923768
0.11055276542901991
0.041038524359464645
0.05108877643942833
0.0
0.07286432385444641
0.007537688594311475
0.14070351421833038
0.14740368723869324
0.18509212136268613
0.2830820679664612
0.3458961546421051
0.37185928225517273
0.402847558259964
0.4145728647708893
0.45728641748428334
0.4162479043006897
0.4388609826564789
0.42797321081161493
0.4112227857112885
0.43969848752021784
0.46482411026954645
0.4045226275920868
0.4589614868164063
0.4078727066516876
0.4388609826564789
0.43718594312667847
0.42294806241989136
0.428810715675354
0.3944723606109619
0.4430485665798187
0.37353435158729553
0.4321607947349548
0.3777219355106354
0.37939697504043574
0.4145728647708893
0.36599665880203247
0.3827470541000366
0.4162479043006897
0.3475711941719055
0.3685092031955719
0.40536013245582575
0.4078727066516876
0.42043551802635193
0.4916248023509979
0.5309882760047913
0.4581239521503448
0.45979899168014526
0.570351779460907
0.4706867635250092
0.5326633453369141
0.520100474357605
0.4790619909763336
0.4514237940311432
0.42294806241989136
0.37437185645103455
0.33752092719078064
0.32663315534591675
0.2629815638065338
0.3031825721263885
0.3107202649116516
0.26800671219825745
0.3073701858520508
0.2872696816921234
0.3031825721263885
0.29313233494758606
0.31742042303085327
0.30820769071578974
0.20016750693321228
0.15494138002395627
0.2805695235729217
0.7261306643486024
1.0
0.7638190984725952
0.6566163897514343
0.6331658363342285
0.5862646698951721
0.5954774022102356
0.4857621490955353
0.36348408460617065
0.3785594701766968
0.30150753259658813
0.3333333432674408
0.3366834223270416
0.3056951463222504
0.3542713522911072
0.31574538350105286
0.3199329972267151
0.32998326420784
0.2881072163581848
0.2981574535369873
0.2621440589427948
0.3090452253818512
0.0
0.0
0.0
0.0
0.0
0.0
0.0
0.0
0.0
0.0
0.0
