0.9544072747230528
1.0
0.9513677954673768
0.9057750701904298
0.7781155109405516
0.7294833064079284
0.6170212626457214
0.49240121245384216
0.40729483962059027
0.34346505999565125
0.33130699396133423
0.2857142984867096
0.22188450396060944
0.21580547094345087
0.1367781162261963
0.08510638028383255
0.0547112450003624
0.0273556225001812
0.0273556225001812
0.0
0.021276595070958138
0.06382978707551956
0.06990881264209747
0.08206687122583389
0.060790274292230606
0.04255319014191628
0.030395137146115303
0.07598784565925598
0.1094224900007248
0.09422492235898973
0.1428571492433548
0.15197569131851196
0.15805470943450928
0.20668692886829376
0.1762917935848236
0.15501520037651062
0.15197569131851196
0.15805470943450928
0.1702127605676651
0.13069908320903778
0.17325228452682495
0.14589665830135343
0.16717325150966644
0.15197569131851196
0.15197569131851196
0.17933130264282227
0.18844984471797943
0.1762917935848236
0.16717325150966644
0.10030394792556761
0.1094224900007248
0.10638298094272612
0.060790274292230606
0.03951367735862732
0.01215805485844612
0.06382978707551956
0.02431610971689224
0.03951367735862732
0.05167173221707344
0.06382978707551956
0.10638298094272612
0.08206687122583389
0.06686930358409882
0.09118541330099104
0.09118541330099104
0.06990881264209747
0.09118541330099104
0.1094224900007248
0.11246200650930405
0.09726443886756897
0.060790274292230606
0.0273556225001812
0.07598784565925598
0.09422492235898973
0.08510638028383255
0.12462005764245986
0.09118541330099104
0.0881458967924118
0.11854103207588196
0.1094224900007248
0.14589665830135343
0.1489361673593521
0.15501520037651062
0.17325228452682495
0.12462005764245986
0.12765957415103912
0.09422492235898973
0.11246200650930405
0.16717325150966644
0.12765957415103912
0.0
0.0
0.0
0.0
0.0
0.0
0.0
0.0
0.0
0.0
0.0
0.0
0.0
0.0
0.0
0.0
0.0
0.0
0.0
0.0
0.0
0.0
0.0
0.0
0.0
0.0
0.0
0.0
0.0
0.0
0.0
0.0
0.0
0.0
0.0
0.0
0.0
0.0
0.0
0.0
0.0
0.0
