1.0
0.6240000128746033
0.29919999837875366
0.16832000017166135
0.13952000439167023
0.14176000654697418
0.09632000327110289
0.0902400016784668
0.08383999764919281
0.07872000336647034
0.0809599980711937
0.07072000205516815
0.06911999732255936
0.06911999732255936
0.07039999961853027
0.0684799998998642
0.06943999975919724
0.07872000336647034
0.07776000350713731
0.07840000092983244
0.08928000181913376
0.08895999938249587
0.10592000186443327
0.12064000219106674
0.1289599984884262
0.15423999726772308
0.18240000307559967
0.20863999426364896
0.22976000607013705
0.24223999679088593
0.27616000175476074
0.2921600043773651
0.306879997253418
0.29600000381469727
0.2662400007247925
0.23839999735355377
0.20543999969959256
0.18080000579357147
0.15360000729560852
0.1305599957704544
0.12383999675512312
0.11168000102043152
0.1136000007390976
0.11327999830245972
0.10815999656915665
0.10815999656915665
0.10304000228643416
0.1088000014424324
0.10431999713182448
0.10112000256776808
0.10527999699115752
0.09888000041246414
0.10463999956846236
0.11231999844312668
0.10688000172376633
0.1071999967098236
0.10016000270843504
0.09855999797582625
0.10112000256776808
0.09759999811649321
0.09728000313043593
0.09216000139713287
0.08640000224113464
0.08287999778985977
0.07807999849319458
0.07872000336647034
0.06880000233650208
0.07615999877452849
0.0745600014925003
0.07103999704122543
0.07936000078916548
0.07968000322580338
0.08479999750852586
0.088639996945858
0.07840000092983244
0.08352000266313551
0.07039999961853027
0.07744000107049942
0.07391999661922455
0.06272000074386597
0.06911999732255936
0.06815999746322632
0.09120000153779984
0.11711999773979188
0.1103999987244606
0.11327999830245972
0.11744000017642973
0.1260800063610077
0.1136000007390976
0.11327999830245972
0.11104000359773636
0.09312000125646593
0.07807999849319458
0.06911999732255936
0.053759999573230736
0.04800000041723251
0.03999999910593033
0.046720001846551895
0.04320000112056732
0.03359999880194664
0.04543999955058098
0.03328000009059906
0.008960000239312649
0.0
0.11680000275373457
0.36671999096870417
0.5411199927330017
0.8118399977684021
0.6985599994659424
0.29440000653266907
0.133760005235672
0.09663999825716017
0.10367999970912932
0.07680000364780426
0.0560000017285347
0.05407999828457832
0.03968000039458274
0.04224000126123428
0.05087999999523162
0.03903999924659729
0.05087999999523162
0.04608000069856644
0.041919998824596405
0.04032000154256821
0.038079999387264245
0.05152000114321709
0.04960000142455101
0.05728000029921532
0.06880000233650208
0.0
0.0
0.0
