1.0
0.6064630150794983
0.42695882916450495
0.24501992762088773
0.20030987262725833
0.11575918644666672
0.10004426538944244
0.09738822281360626
0.09406816959381104
0.08521469682455063
0.07791057974100113
0.08277998864650726
0.07724656909704208
0.08300133049488068
0.07082779705524445
0.07281982898712158
0.07414785027503966
0.07591854780912398
0.07813191413879393
0.07237716019153595
0.07569721341133116
0.07791057974100113
0.08255865424871443
0.08587870746850966
0.07857459038496017
0.08078795671463011
0.07348383963108063
0.07636122405529022
0.0701637864112854
0.07038512825965881
0.08056662231683731
0.08499336242675781
0.09406816959381104
0.09561753273010254
0.0993802547454834
0.10911908000707626
0.12217795848846436
0.12926073372364044
0.1434262990951538
0.14276228845119476
0.14541833102703094
0.14364762604236603
0.1387782245874405
0.14541833102703094
0.1403275728225708
0.13833554089069366
0.13922089338302612
0.13678619265556335
0.13280212879180908
0.12372731417417526
0.12749004364013672
0.1257193386554718
0.12394864857196808
0.12372731417417526
0.12129260599613188
0.11531651020050047
0.1084550693631172
0.11243913322687148
0.11000442504882812
0.10734838247299194
0.1084550693631172
0.10137228667736052
0.10048694163560867
0.10779105871915816
0.10270030796527863
0.102257639169693
0.11310314387083052
0.10447100549936295
0.1139884889125824
0.12527666985988617
0.1507304161787033
0.16755200922489166
0.14121292531490323
0.16445329785346985
0.1569278389215469
0.15250110626220703
0.1491810530424118
0.14143426716327667
0.13988490402698517
0.11531651020050047
0.10801239311695097
0.09893758594989777
0.09030544757843016
0.08964143693447113
0.07392651587724684
0.07414785027503966
0.07481186091899872
0.07857459038496017
0.04758742824196816
0.0
0.14718902111053467
0.4736609160900116
0.8514829277992249
0.8185037374496461
0.5613102912902832
0.3678618967533112
0.22731296718120572
0.1839309483766556
0.10292164981365204
0.08189464360475539
0.08167330920696257
0.08764940500259398
0.08455068618059158
0.09451084583997726
0.09141212701797485
0.08831341564655304
0.0847720205783844
0.08764940500259398
0.09251881390810013
0.09296149015426637
0.09296149015426637
0.0
0.0
0.0
0.0
0.0
0.0
0.0
0.0
0.0
0.0
0.0
0.0
0.0
0.0
0.0
0.0
0.0
0.0
0.0
0.0
0.0
