0.9401309490203856
1.0
0.9232928156852721
0.8437792062759398
0.6903648376464844
0.5182413458824158
0.4125350713729858
0.27128157019615173
0.21141253411769864
0.15341441333293915
0.10196445137262344
0.1103835329413414
0.07202993333339691
0.08606173843145369
0.07296539098024368
0.051449954509735114
0.08886810392141342
0.057062674313783646
0.07483629882335664
0.07390084117650986
0.054256312549114234
0.08512628823518753
0.05519176647067071
0.06828811764717102
0.07483629882335664
0.056127220392227166
0.08793264627456665
0.06267539411783217
0.07764265686273575
0.07764265686273575
0.05893358215689659
0.08793264627456665
0.054256312549114234
0.06828811764717102
0.06080449000000954
0.038353603333234794
0.0757717490196228
0.04022450745105744
0.05519176647067071
0.051449954509735114
0.027128156274557117
0.056127220392227166
0.022450888529419896
0.043966323137283325
0.041159961372613914
0.017773620784282684
0.04957904666662216
0.01964452676475048
0.038353603333234794
0.030869971960783005
0.014031805098056791
0.04677268490195274
0.01590271294116974
0.03554724156856537
0.024321796372532845
0.003741814754903317
0.038353603333234794
0.014031805098056791
0.028063610196113583
0.02525725029408932
0.003741814754903317
0.024321796372532845
0.0
0.01590271294116974
0.004677268676459788
0.003741814754903317
0.0
0.0
0.0
0.0
0.0
0.0
0.0
0.0
0.0
0.0
0.0
0.0
0.0
0.0
0.0
0.0
0.0
0.0
0.0
0.0
0.0
0.0
0.0
0.0
0.0
0.0
0.0
0.0
0.0
0.0
0.0
0.0
0.0
0.0
0.0
0.0
0.0
0.0
0.0
0.0
0.0
0.0
0.0
0.0
0.0
0.0
0.0
0.0
0.0
0.0
0.0
0.0
0.0
0.0
0.0
0.0
0.0
0.0
0.0
0.0
0.0
0.0
0.0
0.0
0.0
0.0
