1.0
0.8637559413909912
0.42398738861083984
0.05260389298200607
0.05786428228020668
0.20147290825843808
0.2140978425741196
0.18148343265056607
0.20988953113555908
0.19779063761234283
0.21725407242774963
0.1962125152349472
0.195686474442482
0.2261967360973358
0.22777485847473145
0.2214623838663101
0.23724356293678284
0.22935296595096588
0.24513414502143857
0.24408206343650815
0.2593371868133545
0.2561809718608856
0.26775380969047546
0.2830089330673218
0.2693319320678711
0.30247238278388977
0.2851130962371826
0.2782745957374573
0.27722251415252686
0.24723829329013824
0.24776433408260343
0.24513414502143857
0.24513414502143857
0.24460810422897336
0.25197264552116394
0.2593371868133545
0.28406101465225214
0.2540768086910248
0.2740662693977356
0.27196213603019714
0.25775906443595886
0.2735402286052704
0.2419779002666473
0.23776958882808685
0.24513414502143857
0.23776958882808685
0.24250394105911252
0.2225144654512405
0.2530247271060944
0.2582851052284241
0.2456601858139038
0.2740662693977356
0.2382956296205521
0.2893214225769043
0.26354551315307617
0.2514466047286988
0.26354551315307617
0.2598632276058197
0.2640715539455414
0.22777485847473145
0.24250394105911252
0.2456601858139038
0.2398737519979477
0.23724356293678284
0.24513414502143857
0.2561809718608856
0.26459759473800654
0.2535507678985596
0.24408206343650815
0.24039979279041288
0.24671225249767303
0.2398737519979477
0.23198316991329196
0.23724356293678284
0.2419779002666473
0.2987900972366333
0.2956338822841644
0.29773804545402527
0.3329826295375824
0.3045765459537506
0.3340347111225128
0.3340347111225128
0.322461873292923
0.31562334299087524
0.26354551315307617
0.24723829329013824
0.2167280316352844
0.1946344077587128
0.18937401473522184
0.19305628538131717
0.1909521371126175
0.19305628538131717
0.1809573918581009
0.1967385560274124
0.1825355142354965
0.16833245754241943
0.18463966250419617
0.3014203011989593
0.45660179853439326
0.8437664508819581
0.9189900159835817
0.4429247677326202
0.07259336858987808
0.0
0.13940031826496124
0.18358758091926572
0.147290900349617
0.14518673717975616
0.15623356401920319
0.15991583466529846
0.16096791625022888
0.16833245754241943
0.16570226848125455
0.18148343265056607
0.1667543351650238
0.19042609632015228
0.19410836696624756
0.18411362171173093
0.20725934207439425
0.21094161272048953
0.0
0.0
0.0
0.0
0.0
0.0
0.0
0.0
0.0
0.0
0.0
0.0
