0.9522700905799864
1.0
0.895227015018463
0.8731082677841185
0.793364405632019
0.703725278377533
0.6484283804893494
0.631548285484314
0.6321303844451904
0.6373690366744995
0.5954598188400269
0.6222351789474487
0.5925495028495789
0.619324803352356
0.6944121122360228
0.7712456583976746
0.9045401811599731
0.8603026866912842
0.9307333827018736
0.8358556628227235
0.23864959180355072
0.0
0.1880093067884445
0.4126891791820526
0.5273573994636536
0.5325960516929625
0.561699628829956
0.5448195338249208
0.5681024193763733
0.5878928899765015
0.5646100044250488
0.5878928899765015
0.5768335461616516
0.5745052099227905
0.5919674038887024
0.5977881550788879
0.6164144277572632
0.6094295978546144
0.6001164317131041
0.631548285484314
0.6199068427085876
0.6362048983573914
0.6076833605766296
0.636786937713623
0.650174617767334
0.636786937713623
0.6641443371772766
0.6472642421722412
0.6775320172309875
0.6693829894065857
0.6519208550453186
0.6589056849479675
0.6257275938987732
0.6327124834060669
0.628637969493866
0.615250289440155
0.6263096332550049
0.6233993172645569
0.6263096332550049
0.6239813566207886
0.6111757755279541
0.6158323884010315
0.6036088466644287
0.6263096332550049
0.6385331749916077
0.6140861511230469
0.6210710406303406
0.6088474988937378
0.0
0.0
0.0
0.0
0.0
0.0
0.0
0.0
0.0
0.0
0.0
0.0
0.0
0.0
0.0
0.0
0.0
0.0
0.0
0.0
0.0
0.0
0.0
0.0
0.0
0.0
0.0
0.0
0.0
0.0
0.0
0.0
0.0
0.0
0.0
0.0
0.0
0.0
0.0
0.0
0.0
0.0
0.0
0.0
0.0
0.0
0.0
0.0
0.0
0.0
0.0
0.0
0.0
0.0
0.0
0.0
0.0
0.0
0.0
0.0
0.0
0.0
0.0
0.0
