0.8612975478172302
0.7684563994407655
0.6532438397407532
0.44407159090042114
0.23378075659275052
0.14765100181102753
0.08724832534790039
0.07494407147169113
0.11856823414564133
0.1297539174556732
0.10067114233970642
0.10626398026943205
0.035794183611869805
0.10514541715383528
0.035794183611869805
0.14541387557983398
0.07606264203786851
0.11297538876533508
0.08612975478172302
0.07718120515346526
0.10738255083560944
0.059284117072820657
0.017897091805934906
0.04250559210777283
0.06711409240961075
0.07046979665756226
0.0
0.029082773253321648
0.07941834628582
0.05704697966575623
0.1442953050136566
0.19910514354705808
0.2114093899726868
0.24384787678718567
0.3255033493041992
0.35346755385398865
0.368008941411972
0.36465322971344
0.3523489832878113
0.33892616629600525
0.3612975478172302
0.33109620213508606
0.31655481457710266
0.2706935107707977
0.26286354660987854
0.2606264054775238
0.2785235047340393
0.30760625004768366
0.32885906100273127
0.304250568151474
0.33445191383361816
0.3836688995361328
0.3512304127216339
0.3970917165279389
0.3612975478172302
0.42729306221008306
0.46196869015693665
0.563758373260498
0.6689038276672363
0.6767337918281555
0.7360178828239442
0.7807606458663939
0.6420581936836243
0.7472035884857178
0.708053708076477
0.6152125000953673
0.4876957535743713
0.3333333432674408
0.24832214415073395
0.2606264054775238
0.25950783491134644
0.2941834330558777
0.2606264054775238
0.31879195570945734
0.29753914475440973
0.28076061606407166
0.2125279605388641
0.26845636963844294
0.48322147130966187
0.6420581936836243
0.6308724880218506
0.3355704843997956
0.29194632172584534
0.7516778707504272
0.9821029305458068
1.0
0.8434004187583923
0.6733780503273009
0.4429530203342438
0.34563758969306946
0.27293065190315247
0.2069351226091385
0.2796420454978943
0.2673377990722656
0.24161073565483093
0.23489932715892792
0.2606264054775238
0.24272930622100833
0.25838926434516907
0.2404921650886536
0.0
0.0
0.0
0.0
0.0
0.0
0.0
0.0
0.0
0.0
0.0
0.0
0.0
0.0
0.0
0.0
0.0
0.0
0.0
0.0
0.0
0.0
0.0
0.0
0.0
0.0
0.0
0.0
0.0
0.0
0.0
0.0
