1.0
0.9207886457443235
0.7129021286964417
0.5098581910133362
0.3386371433734894
0.1978554129600525
0.11726046353578568
0.10307852178812026
0.10377032309770584
0.10377032309770584
0.1048080250620842
0.10653752833604813
0.10999654233455657
0.09858180582523346
0.09443099051713943
0.09546869248151779
0.10861293971538544
0.09512279182672499
0.07575233280658723
0.06987201422452927
0.06502940505743027
0.05430646985769272
0.044275335967540734
0.0148737458512187
0.005880318116396666
0.0
0.003459010738879442
0.015565548092126846
0.023521272465586662
0.05326876416802406
0.07229332625865936
0.11207194626331328
0.12729158997535703
0.1497751623392105
0.17329643666744232
0.1777931451797485
0.17675544321537015
0.17329643666744232
0.15046696364879608
0.14942926168441772
0.13178831338882446
0.12659978866577148
0.12002766877412796
0.10826703906059264
0.1117260456085205
0.09443099051713943
0.09235558658838272
0.08370806276798248
0.06606710702180862
0.06364579498767853
0.06606710702180862
0.06468349695205688
0.06399169564247131
0.06157039105892181
0.06710480898618698
0.05776548013091087
0.06364579498767853
0.07194742560386658
0.05499827116727829
0.06260809302330017
0.07056381553411484
0.058457281440496445
0.06745070964097977
0.06883431226015091
0.09339328855276109
0.12729158997535703
0.12936699390411377
0.157384991645813
0.14873746037483215
0.14562435448169708
0.14320304989814758
0.1238325834274292
0.13628502190113068
0.109304741024971
0.08267035335302354
0.0830162540078163
0.09616050124168399
0.090280182659626
0.06987201422452927
0.08232445269823073
0.08232445269823073
0.09616050124168399
0.09616050124168399
0.08820477128028868
0.09650640189647673
0.10999654233455657
0.12521618604660034
0.1310965120792389
0.10757523030042648
0.1234866827726364
0.1376686245203018
0.14147353172302246
0.2570044994354248
0.31546178460121155
0.4102386832237244
0.5869941115379332
0.7872708439826965
0.9965409636497496
0.984434425830841
0.8011068701744078
0.6122449040412903
0.4168107807636261
0.29436179995536804
0.16015219688415527
0.11933586746454238
0.12763749063014984
0.1300588101148605
0.1525423675775528
0.13490141928195953
0.14458665251731873
0.157384991645813
0.15150466561317444
0.14320304989814758
0.12210308015346528
0.1428571492433548
0.13939812779426575
0.10826703906059264
0.0
0.0
0.0
0.0
0.0
0.0
0.0
0.0
0.0
0.0
0.0
0.0
0.0
0.0
0.0
