1.0
0.5366834402084352
0.3959799110889434
0.0
0.15477387607097623
0.2361809015274048
0.2814070284366608
0.26030150055885315
0.07336683571338652
0.3396984934806824
0.34974873065948486
0.2793969810009002
0.30351758003234863
0.26633167266845703
0.35678392648696894
0.3477386832237244
0.36381909251213074
0.31859296560287476
0.4351758658885956
0.4110552668571472
0.4241206049919128
0.414070338010788
0.3316583037376404
0.55678391456604
0.564824104309082
0.5698492527008057
0.58793967962265
0.6733668446540833
0.6180904507637024
0.7527638077735901
0.6603015065193176
0.6613065600395203
0.705527663230896
0.5316582918167113
0.6140703558921814
0.5226130485534668
0.45728641748428334
0.5587939620018004
0.44723618030548096
0.4773869216442108
0.4824120700359344
0.3738693594932556
0.4462311565876007
0.38894471526145935
0.41005024313926697
0.37185928225517273
0.319597989320755
0.5266331434249878
0.33467337489128113
0.5135678648948668
0.34974873065948486
0.4170854389667511
0.4010050296783447
0.311557799577713
0.4030150771141052
0.37185928225517273
0.34974873065948486
0.47638189792633057
0.4090452194213867
0.30854272842407227
0.3507537543773651
0.40804019570350647
0.41306531429290766
0.44723618030548096
0.5115578174591064
0.5005025267601013
0.5798994898796082
0.5628140568733215
0.5537688732147217
0.5135678648948668
0.6100502610206604
0.4532663226127625
0.5326633453369141
0.26834172010421753
0.3105527758598328
0.3216080367565155
0.39296481013298035
0.3366834223270416
0.34170854091644287
0.319597989320755
0.2140703499317169
0.3658291399478912
0.8150753974914551
0.7618090510368347
0.5537688732147217
0.23216080665588376
0.11557789146900176
0.2150753736495972
0.24723617732524872
0.37286433577537537
0.3226130604743957
0.3135678470134735
0.34371858835220337
0.3547738790512085
0.2964824140071869
0.352763831615448
0.35376885533332825
0.3708542585372925
0.33065328001976013
0.2884422242641449
0.4683417081832886
0.4904522597789765
0.4663316607475281
0.4291457235813141
0.47437185049057007
0.49648240208625793
0.5226130485534668
0.6050251126289368
0.6241205930709839
0.58793967962265
0.6723617911338806
0.6934673190116881
0.6773869395256041
0.6110552549362184
0.7376884222030639
0.6874371767044067
0.5909547805786133
0.5788944959640503
0.635175883769989
0.5678392052650452
0.5135678648948668
0.5477386713027954
0.38894471526145935
0.4693467319011688
0.42010051012039185
0.451256275177002
0.4753768742084503
0.4793969988822937
0.4753768742084503
0.3969849348068237
0.3949748873710632
0.4603015184402466
