1.0
0.7920839190483093
0.40867906808853144
0.21030043065547943
0.25512635707855225
0.21125417947769165
0.10872675478458405
0.07963757961988449
0.0939437299966812
0.10872675478458405
0.12350977957248688
0.08822126686573027
0.1111111119389534
0.10491178184747696
0.10157367587089539
0.1335240751504898
0.1154029592871666
0.12446352094411849
0.10872675478458405
0.12541726231575012
0.11683357506990431
0.102527417242527
0.11492608487606049
0.10824988037347792
0.10348116606473921
0.1068192645907402
0.09537434577941895
0.11444921046495436
0.11492608487606049
0.1697663366794586
0.12875536084175107
0.1421077698469162
0.1640438735485077
0.1516452133655548
0.15879827737808228
0.1516452133655548
0.1697663366794586
0.15641392767429352
0.15689079463481903
0.16738197207450867
0.16785883903503415
0.21411539614200592
0.19742488861083984
0.1778731495141983
0.1506914645433426
0.16642823815345764
0.15784454345703125
0.18359561264514923
0.20267048478126523
0.22460657358169556
0.20553171634674072
0.22508345544338224
0.2479732930660248
0.23462088406085968
0.20267048478126523
0.2308059185743332
0.18931807577610013
0.1921793073415756
0.20219360291957852
0.18121124804019928
0.12255603075027464
0.10300429165363312
0.10824988037347792
0.11254172772169112
0.09632808715105055
0.08869814127683638
0.0
0.02575107291340828
0.07629947364330292
0.09442060440778732
0.3276108801364898
0.8669527769088745
0.9303767085075377
0.6566523313522339
0.3252265155315399
0.23128278553485873
0.2565569877624512
0.13447782397270203
0.04625655710697174
0.07248450070619582
0.06056270748376846
0.07773008942604065
0.07820696383714677
0.09012875705957411
0.10109680145978928
0.0
0.0
0.0
0.0
0.0
0.0
0.0
0.0
0.0
0.0
0.0
0.0
0.0
0.0
0.0
0.0
0.0
0.0
0.0
0.0
0.0
0.0
0.0
0.0
0.0
0.0
0.0
0.0
0.0
0.0
0.0
0.0
0.0
0.0
0.0
0.0
0.0
0.0
0.0
0.0
0.0
0.0
0.0
0.0
0.0
0.0
0.0
