1.0
0.994510531425476
0.7831655740737915
0.4377859234809875
0.31473010778427124
0.23833486437797544
0.1866422742605209
0.1724611222743988
0.15553522109985352
0.15462030470371246
0.14730100333690643
0.1468435525894165
0.15233302116394043
0.1537054032087326
0.16651418805122375
0.17520585656166077
0.1802378743886948
0.19075937569141388
0.19716377556324005
0.2067703604698181
0.21637694537639615
0.2250686138868332
0.24656908214092252
0.2557182013988495
0.27081426978111267
0.28591033816337585
0.293687105178833
0.30603843927383423
0.30878317356109614
0.308325707912445
0.28728270530700684
0.26029276847839355
0.23650503158569333
0.20585544407367704
0.18572735786437988
0.17520585656166077
0.15827997028827667
0.16102470457553864
0.15919487178325653
0.1605672389268875
0.1550777703523636
0.15324793756008148
0.1623970717191696
0.1550777703523636
0.16102470457553864
0.15965233743190765
0.15324793756008148
0.15736505389213562
0.15324793756008148
0.15233302116394043
0.15279048681259155
0.14638608694076538
0.15279048681259155
0.13723696768283844
0.14226898550987244
0.14226898550987244
0.13815186917781827
0.13357731699943542
0.12717291712760925
0.1299176514148712
0.14775846898555756
0.17657822370529175
0.20036596059799197
0.2127172946929932
0.2250686138868332
0.24473924934864044
0.22415371239185333
0.19579139351844788
0.1550777703523636
0.1312900334596634
0.10841719806194304
0.10430008918046953
0.09835315495729446
0.09332113713026047
0.07639524340629578
0.0
0.06907593458890915
0.3019213080406189
0.5338518023490906
0.9666056632995603
0.8911253213882446
0.6404391527175903
0.36093321442604065
0.25846293568611145
0.19167429208755493
0.14821591973304749
0.12900274991989136
0.12351326644420624
0.11390668153762816
0.11161939799785614
0.11893869936466216
0.1111619397997856
0.11665141582489012
0.11848124116659164
0.0
0.0
0.0
0.0
0.0
0.0
0.0
0.0
0.0
0.0
0.0
0.0
0.0
0.0
0.0
0.0
0.0
0.0
0.0
0.0
0.0
0.0
0.0
0.0
0.0
0.0
0.0
0.0
0.0
0.0
0.0
0.0
0.0
0.0
0.0
0.0
0.0
0.0
