1.0
0.6782675981521606
0.3147718608379364
0.12258314341306686
0.09899458289146423
0.18136116862297055
0.16937355697155
0.17865429818630219
0.17865429818630219
0.17478731274604797
0.18406805396080017
0.173240527510643
0.17440061271190643
0.17169374227523804
0.16357308626174927
0.18561485409736636
0.1666666716337204
0.16550657153129575
0.1627996861934662
0.15854601562023163
0.17285382747650146
0.16241298615932465
0.15622583031654355
0.15583913028240204
0.15661253035068512
0.1798143833875656
0.16744005680084229
0.17826759815216064
0.190641924738884
0.20146945118904117
0.22041763365268707
0.21539056301116943
0.2223511189222336
0.2266047894954681
0.22273781895637512
0.24748647212982175
0.23124516010284424
0.22119103372097013
0.2115235924720764
0.18097448348999023
0.18368135392665863
0.1593194156885147
0.14578498899936676
0.13379737734794617
0.11716937273740768
0.1276102066040039
0.11136890947818756
0.11755607277154922
0.11523588746786116
0.10363496094942092
0.12412992864847185
0.11214230209589005
0.11716937273740768
0.12374323606491087
0.1191028580069542
0.13921113312244415
0.12064965069293976
0.13843774795532227
0.1349574625492096
0.12180974334478378
0.13457076251506803
0.11407579481601716
0.12219644337892532
0.1229698359966278
0.1136890947818756
0.12529002130031583
0.10556844621896744
0.11562258005142212
0.10904872417449953
0.09628770500421523
0.1117556095123291
0.1044083535671234
0.1117556095123291
0.1024748682975769
0.1005413755774498
0.11871616542339324
0.10750193148851395
0.1368909478187561
0.14926527440547943
0.1349574625492096
0.17130704224109647
0.17672079801559448
0.192962110042572
0.19141530990600583
0.16937355697155
0.17246712744235992
0.13341067731380463
0.12374323606491087
0.10943542420864104
0.08275328576564787
0.08546017110347748
0.07811291515827179
0.07927300781011581
0.07927300781011581
0.06264501065015793
0.07115235924720764
0.06960556656122208
0.07424593716859818
0.07153905928134918
0.05607115104794502
0.06573859602212906
0.07463263720273972
0.19025522470474243
0.5162413120269775
0.9010053873062132
0.513534426689148
0.14269141852855682
0.00502706877887249
0.0
0.03712296858429909
0.05336426943540573
0.05297757312655449
0.06071152538061141
0.05452436208724976
0.04137664288282394
0.05645785108208656
0.04485692083835602
0.048337198793888085
0.05452436208724976
0.030549110844731327
0.03712296858429909
0.0456303171813488
0.04253673553466797
0.04253673553466797
0.01546790450811386
0.027842227369546887
0.0
0.0
0.0
0.0
0.0
0.0
