1.0
0.8844472169876098
0.7995002865791322
0.9169269204139708
0.7688944339752197
0.5952529907226562
0.5327920317649841
0.4740787148475647
0.5015615224838257
0.47720175981521606
0.4753279089927673
0.5071830153465271
0.4703310430049896
0.5065584182739258
0.5140537023544312
0.48407244682312006
0.5340412259101868
0.49781388044357294
0.527795135974884
0.5071830153465271
0.49781388044357294
0.5315427780151367
0.4590880572795868
0.4953154325485229
0.4597126841545105
0.4284822046756744
0.4428482055664063
0.37101811170578
0.37663960456848145
0.33853840827941895
0.31105560064315796
0.33916303515434265
0.3029356598854065
0.3454091250896454
0.3603997528553009
0.35290443897247314
0.39412868022918707
0.35727670788764954
0.4047470390796661
0.39600250124931335
0.392879456281662
0.41536539793014526
0.392879456281662
0.4266083836555481
0.4372267425060272
0.46470955014228815
0.5059337615966797
0.4653341770172119
0.5421611666679382
0.5134291052818297
0.49781388044357294
0.5028107166290283
0.4397251605987549
0.46658337116241455
0.4391005635261536
0.41224235296249384
0.4022485911846161
0.34353530406951904
0.38788256049156183
0.3747657835483551
0.3660212457180023
0.38788256049156183
0.34853217005729675
0.3841349184513092
0.3666458427906036
0.21736414730548856
0.04309806227684021
0.0
0.6901936531066896
0.8900687098503112
0.6833229064941406
0.827607750892639
0.8088694810867308
0.658963143825531
0.49344161152839666
0.4478451013565064
0.4740787148475647
0.4272329807281494
0.45096814632415766
0.45159274339675903
0.44347283244133
0.0
0.0
0.0
0.0
0.0
0.0
0.0
0.0
0.0
0.0
0.0
0.0
0.0
0.0
0.0
0.0
0.0
0.0
0.0
0.0
0.0
0.0
0.0
0.0
0.0
0.0
0.0
0.0
0.0
0.0
0.0
0.0
0.0
0.0
0.0
0.0
0.0
0.0
0.0
0.0
0.0
0.0
0.0
0.0
0.0
0.0
0.0
0.0
0.0
0.0
0.0
