0.8998548388481139
0.4983067214488983
0.12239961326122284
0.09337203949689864
0.19158200919628143
0.14997580647468567
0.1175616830587387
0.16352201998233795
0.10836961865425108
0.1301403045654297
0.11465892940759657
0.08708272874355315
0.12965650856494904
0.03580067679286003
0.09724237769842148
0.10256410390138626
0.05418480932712554
0.1011127233505249
0.043057572096586234
0.09530720859766006
0.0836961790919304
0.10304789245128632
0.16545718908309937
0.14610546827316284
0.2259313017129898
0.2293178588151932
0.2239961326122284
0.296565055847168
0.28640541434288025
0.2985002398490906
0.29559749364852905
0.24528302252292636
0.2757619619369507
0.20803096890449524
0.2268988937139511
0.2302854359149933
0.19303338229656217
0.22980163991451263
0.1765844225883484
0.22980163991451263
0.19738751649856567
0.17900338768959043
0.2196419984102249
0.17271408438682556
0.2293178588151932
0.2612481713294983
0.2651185393333435
0.3110788464546204
0.23367199301719663
0.3067247271537781
0.3231736719608307
0.29075956344604487
0.24528302252292636
0.16739235818386075
0.17174649238586423
0.15529753267765045
0.11514271795749664
0.14465409517288208
0.1238509938120842
0.14997580647468567
0.1538461595773697
0.12336719781160355
0.1257861703634262
0.0
0.2660861015319824
0.5578132271766664
1.0
0.7822932004928589
0.24625059962272644
0.08950169384479521
0.16352201998233795
0.13594581186771393
0.1693275272846222
0.1011127233505249
0.11514271795749664
0.12288340926170348
0.07402031868696211
0.12288340926170348
0.04692791402339935
0.05611998215317726
0.0
0.0
0.0
0.0
0.0
0.0
0.0
0.0
0.0
0.0
0.0
0.0
0.0
0.0
0.0
0.0
0.0
0.0
0.0
0.0
0.0
0.0
0.0
0.0
0.0
0.0
0.0
0.0
0.0
0.0
0.0
0.0
0.0
0.0
0.0
0.0
0.0
0.0
0.0
0.0
0.0
0.0
0.0
0.0
0.0
0.0
0.0
0.0
0.0
0.0
0.0
0.0
