1.0
0.836608052253723
0.6718372702598572
0.6256463527679443
0.5449844598770142
0.4153740108013153
0.3843502104282379
0.3085142970085144
0.31575319170951843
0.2802481949329376
0.27714580297470087
0.2885212004184723
0.31437435746192927
0.2409513890743256
0.2819717228412628
0.32471561431884766
0.29231300950050354
0.2385384291410446
0.2592209577560425
0.24370907247066495
0.30196484923362726
0.2867976427078247
0.2802481949329376
0.2885212004184723
0.2943812608718872
0.27231988310813904
0.30472251772880554
0.2685281038284302
0.3746983706951141
0.30299896001815796
0.33264392614364624
0.2899000346660614
0.2930024266242981
0.3150637745857239
0.2930024266242981
0.2836952805519104
0.3453981280326843
0.32471561431884766
0.28300586342811584
0.33919337391853327
0.2988624572753906
0.27231988310813904
0.3174767196178436
0.2961047887802124
0.30024129152297974
0.3085142970085144
0.23095484077930448
0.28472939133644104
0.31230610609054565
0.29127886891365046
0.2695622146129608
0.2447431981563568
0.2292312979698181
0.3274732828140259
0.2819717228412628
0.2888658940792084
0.2957600951194763
0.27990347146987915
0.30334368348121643
0.2974836230278015
0.3071354627609253
0.32333678007125854
0.32678386569023127
0.28576353192329407
0.30299896001815796
0.28128230571746826
0.30334368348121643
0.28921061754226685
0.3009307086467743
0.2654257118701935
0.3243709206581116
0.29541537165641785
0.323681503534317
0.3426404595375061
0.354705274105072
0.38503962755203247
0.385729044675827
0.36952775716781616
0.4715615212917328
0.4022750854492188
0.41399517655372614
0.4105480909347534
0.3615994453430176
0.29817304015159607
0.3147190511226654
0.32643917202949524
0.2464667409658432
0.2602550983428955
0.2712857723236084
0.2888658940792084
0.24922440946102145
0.2133747041225433
0.14822475612163544
0.0
0.11030679196119308
0.4715615212917328
0.8586694002151489
0.8783178329467772
0.8059290051460266
0.6494312286376953
0.5973802208900452
0.4956911504268646
0.4257152676582336
0.34953463077545166
0.30644604563713074
0.2509479522705078
0.0
0.0
0.0
0.0
0.0
0.0
0.0
0.0
0.0
0.0
0.0
0.0
0.0
0.0
0.0
0.0
0.0
0.0
0.0
0.0
0.0
0.0
0.0
0.0
0.0
0.0
