0.9207708835601807
0.9036402702331544
0.6067094802856445
0.22412562370300287
0.17059242725372314
0.17416131496429443
0.051391862332820885
0.06281227618455887
0.036402568221092224
0.037116345018148415
0.05067808553576469
0.044254105538129807
0.06495360285043716
0.06138472631573677
0.07209136337041856
0.06281227618455887
0.07566024363040925
0.10135617107152937
0.08493933081626893
0.0985010713338852
0.10492505133152008
0.10278372466564178
0.09921484440565108
0.10635260492563248
0.10135617107152937
0.10778015851974489
0.10778015851974489
0.11349036544561386
0.10349750518798828
0.10920771211385726
0.11705924570560455
0.11063525825738905
0.1363311856985092
0.1470378339290619
0.1484653800725937
0.17273376882076263
0.17701642215251923
0.20485366880893707
0.20199857652187347
0.1998572498559952
0.21627408266067505
0.19914346933364868
0.22341184318065643
0.20985010266304016
0.20413990318775177
0.19842968881130216
0.1912919282913208
0.1998572498559952
0.18915060162544248
0.16773733496665955
0.16987866163253784
0.17558886110782623
0.18344040215015409
0.16702355444431305
0.16773733496665955
0.16702355444431305
0.15774446725845337
0.16987866163253784
0.1734475344419479
0.16131335496902463
0.17701642215251923
0.18201284110546112
0.19343325495719907
0.18629550933837888
0.17701642215251923
0.18915060162544248
0.1870092749595642
0.1998572498559952
0.1841541826725006
0.18201284110546112
0.2027123421430588
0.25838688015937805
0.31834402680397034
0.3347608745098114
0.36902213096618647
0.37259101867675776
0.35902926325798035
0.3369022011756897
0.2869378924369812
0.2840828001499176
0.2776588201522827
0.26552462577819824
0.2876516878604889
0.2184154242277145
0.16916488111019135
0.16559600830078125
0.15703068673610687
0.1812990754842758
0.1805852949619293
0.16416844725608823
0.06923625618219376
0.06995003670454025
0.05210563912987709
0.0
0.2862241268157959
0.9407566189765929
1.0
0.7094932198524475
0.2983583211898804
0.26338329911231995
0.30692362785339355
0.19343325495719907
0.17844396829605103
0.17130620777606964
0.16202712059020996
0.1805852949619293
0.16702355444431305
0.17630264163017273
0.17987151443958282
0.17844396829605103
0.189864382147789
0.18772305548191073
0.0
0.0
0.0
0.0
0.0
0.0
0.0
0.0
0.0
0.0
0.0
0.0
0.0
0.0
0.0
0.0
0.0
0.0
0.0
0.0
