0.9620742797851561
0.49767801165580744
0.23065015673637393
0.05727554112672806
0.0
0.19117647409439087
0.27089783549308777
0.23452012240886688
0.28173375129699707
0.2407120764255524
0.26238390803337097
0.28173375129699707
0.2585139274597168
0.3173374533653259
0.27476781606674194
0.3212074339389801
0.3320433497428894
0.31346750259399414
0.3761609792709351
0.33281734585762024
0.3800309598445892
0.40866872668266296
0.413312703371048
0.48916408419609064
0.47678017616271967
0.5650154948234558
0.6099071502685547
0.6091331243515015
0.6950464248657227
0.6679566502571106
0.6989164352416992
0.698142409324646
0.6153250932693481
0.6230649948120117
0.5030959844589232
0.47832816839218134
0.42956656217575073
0.3359133005142212
0.36609905958175654
0.28173375129699707
0.3103715181350708
0.29876160621643066
0.26857584714889526
0.3126935064792633
0.257739931344986
0.28173375129699707
0.2925696671009064
0.2670278549194336
0.30495357513427734
0.25541794300079346
0.28560370206832886
0.28869968652725214
0.2414860725402832
0.2995356023311615
0.23761609196662903
0.26238390803337097
0.2778637707233429
0.23452012240886688
0.2840557396411896
0.2267801910638809
0.25541794300079346
0.24690403044223783
0.21284829080104828
0.2716718316078186
0.21052631735801697
0.23839008808135984
0.23839008808135984
0.2082043290138245
0.26006191968917847
0.2244582027196884
0.32198143005371094
0.38080495595932007
0.3428792655467987
0.40170279145240784
0.35216718912124634
0.3335913419723511
0.2964396178722381
0.2647058963775635
0.31346750259399414
0.22136223316192624
0.2321981489658356
0.2174922674894333
0.18343652784824369
0.23452012240886688
0.1702786386013031
0.21439628303050995
0.22058823704719543
0.15479876101016998
0.30572754144668574
0.27476781606674194
0.3970588147640228
1.0
0.40015479922294617
0.2027863711118698
0.010835913009941576
0.09442724287509918
0.23839008808135984
0.23839008808135984
0.29798761010169983
0.2321981489658356
0.26238390803337097
0.2755417823791504
0.2438080459833145
0.30727553367614746
0.254643976688385
0.31114551424980164
0.32198143005371094
0.29721361398696894
0.36919504404067993
0.0
0.0
0.0
0.0
0.0
0.0
0.0
0.0
0.0
0.0
0.0
0.0
0.0
0.0
0.0
0.0
0.0
0.0
0.0
0.0
0.0
0.0
0.0
