1.0
0.8499553203582764
0.20065495371818545
0.1268234550952911
0.057159870862960815
0.030663888901472088
0.016076212748885155
0.008335813879966736
0.003572491928935051
0.012206013314425944
0.005358737893402576
0.002679368946701288
0.0014885382261127231
0.002381661208346486
0.01399225927889347
0.0038701994344592094
0.011610598303377628
0.01488538272678852
0.017862459644675255
0.01518309023231268
0.01012205984443426
0.04525156319141388
0.04703781008720397
0.04703781008720397
0.06430485099554062
0.07383149862289427
0.08693063259124756
0.10687704384326933
0.11015182733535767
0.14409050345420835
0.16433462500572205
0.1827924996614456
0.1884489357471466
0.20601369440555567
0.211372435092926
0.1994641274213791
0.17981542646884918
0.16612087190151215
0.13605239987373352
0.10330455750226974
0.08008335530757904
0.05775528401136398
0.042869903147220605
0.028579935431480408
0.02530515007674694
0.042274486273527145
0.03483179584145545
0.02798451855778694
0.02947305701673031
0.02798451855778694
0.028579935431480408
0.034534089267253876
0.030663888901472088
0.03661804273724556
0.03572491928935051
0.03274784237146377
0.042274486273527145
0.048228640109300606
0.0467400997877121
0.04941947013139725
0.04525156319141388
0.04733551666140556
0.05299196019768714
0.05418279394507408
0.04584698006510735
0.03274784237146377
0.03393867239356041
0.0467400997877121
0.030663888901472088
0.03215242549777031
0.04733551666140556
0.050908006727695465
0.044656146317720406
0.04078594967722893
0.037808872759342194
0.03870199620723724
0.03751116245985031
0.0431676097214222
0.040190532803535454
0.04912176355719566
0.0556713305413723
0.05328967049717903
0.07740399241447447
0.05835070088505745
0.0842512622475624
0.08038106560707091
0.07621315866708755
0.07978565245866774
0.0717475414276123
0.06847275793552399
0.059839237481355674
0.056266747415065765
0.03721345588564873
0.024709735065698624
0.017862459644675255
0.017862459644675255
0.013694551773369312
0.03245013579726219
0.020541828125715252
0.016373921185731888
0.0
0.18368561565876007
0.4492408335208893
0.7651086449623109
0.9407562017440797
0.9961298108100893
0.4882405400276184
0.1869603991508484
0.1268234550952911
0.08157189935445786
0.0628163143992424
0.03661804273724556
0.04435843974351882
0.044656146317720406
0.04167906939983368
0.04733551666140556
0.03245013579726219
0.04971717670559883
0.034534089267253876
0.04584698006510735
0.044953856617212296
0.05239654704928398
0.044060733169317245
0.05596903711557388
0.0
0.0
0.0
0.0
0.0
0.0
0.0
0.0
