1.0
0.7606837749481201
0.1859829127788544
0.13709402084350583
0.06974358856678009
0.04683760553598404
0.02837606891989708
0.009914529509842398
0.016410255804657936
0.002393162343651056
0.010598290711641312
0.011282050982117651
0.0003418803389649838
0.010598290711641312
0.0
0.008547008968889713
0.015042735263705252
0.01230769231915474
0.026324786245822903
0.013333333656191824
0.0232478640973568
0.02769230678677559
0.026666667312383648
0.04820512980222703
0.03350427374243736
0.03418803587555885
0.04068376123905182
0.03418803587555885
0.05230769142508506
0.04068376123905182
0.045128203928470605
0.049572650343179696
0.04752136766910553
0.07076922804117203
0.06427350640296936
0.07623931765556334
0.0683760717511177
0.06256410479545593
0.06666667014360428
0.043418802320957184
0.04547008499503136
0.04239316284656525
0.03282051160931587
0.04273504391312599
0.03418803587555885
0.04683760553598404
0.038290597498416894
0.043418802320957184
0.05504273623228073
0.03999999910593033
0.04649572819471359
0.05094017088413239
0.04068376123905182
0.052649572491645806
0.03589743748307228
0.03623931482434273
0.04273504391312599
0.03145299106836319
0.04649572819471359
0.026666667312383648
0.03623931482434273
0.0376068390905857
0.026324786245822903
0.04615384712815285
0.031111111864447597
0.038632478564977646
0.03623931482434273
0.03555555641651153
0.034871794283390045
0.023931624367833138
0.02905982919037342
0.02974358946084976
0.03145299106836319
0.038290597498416894
0.04068376123905182
0.05059828981757164
0.04854700714349747
0.05162393301725388
0.06461538374423981
0.06461538374423981
0.07658119499683379
0.06256410479545593
0.05162393301725388
0.06427350640296936
0.03692307695746422
0.04683760553598404
0.05094017088413239
0.03213675320148468
0.022222222760319706
0.004444444552063942
0.01880341954529285
0.013333333656191824
0.01299145258963108
0.023931624367833138
0.01025641057640314
0.021538460627198216
0.007521367631852627
0.011965812183916569
0.19247862696647644
0.4564102590084076
0.7774358987808228
0.9658119678497313
0.8929914236068724
0.324444442987442
0.15487179160118103
0.10393162071704865
0.058461539447307594
0.022564101964235302
0.024957265704870224
0.009572649374604223
0.013333333656191824
0.005811966024339199
0.006837606895714998
0.015726495534181595
0.0037606838159263134
0.014700855128467081
0.015384615398943424
0.015384615398943424
0.027008546516299248
0.019487179815769196
0.0
0.0
0.0
0.0
0.0
0.0
0.0
0.0
0.0
0.0
0.0
0.0
