0.9496402740478516
0.757934808731079
0.22852306067943573
0.030469741672277447
0.0
0.05035971105098724
0.11637748777866364
0.1252644956111908
0.12441810965538024
0.1413457542657852
0.13457469642162323
0.16165891289710999
0.1464240401983261
0.15658061206340787
0.1811256855726242
0.16800677776336667
0.17181548476219177
0.19974608719348907
0.20313161611557007
0.22344477474689484
0.21328818798065183
0.23106220364570615
0.2374100685119629
0.25264495611190796
0.26787981390953064
0.2640711069107056
0.28438425064086914
0.2877697944641113
0.28269150853157043
0.278882771730423
0.26745662093162537
0.27126532793045044
0.23148539662361145
0.2103258520364761
0.22640711069107053
0.19720694422721863
0.19551417231559756
0.18281845748424527
0.17520101368427277
0.17012272775173187
0.1625052839517593
0.14600084722042084
0.16885314881801605
0.1599661409854889
0.15869657695293427
0.16716039180755615
0.18705035746097565
0.18789674341678617
0.17858654260635376
0.18831993639469144
0.1895895004272461
0.21328818798065183
0.19763013720512393
0.1912822723388672
0.17689378559589383
0.18281845748424527
0.17181548476219177
0.1777401566505432
0.17689378559589383
0.17562420666217804
0.18281845748424527
0.1777401566505432
0.198053315281868
0.21328818798065183
0.25645366311073303
0.25772324204444885
0.25349131226539606
0.24460431933403012
0.2636479139328003
0.2522217631340027
0.22979263961315155
0.21244181692600247
0.2005924731492996
0.1696995347738266
0.1625052839517593
0.13838341832160947
0.1561574339866638
0.15869657695293427
0.15234871208667755
0.154887855052948
0.15023276209831235
0.15446466207504272
0.1599661409854889
0.16377486288547516
0.18366482853889465
0.2784595787525177
0.4532374143600464
0.6737198233604431
1.0
0.8137960433959962
0.2606855630874634
0.10749047994613647
0.03935674950480461
0.08633093535900117
0.151502326130867
0.16927634179592133
0.19509097933769223
0.17054592072963715
0.19424460828304288
0.19763013720512393
0.20863309502601624
0.21244181692600247
0.23487092554569244
0.22471433877944944
0.24714346230030057
0.2560304701328277
0.0
0.0
0.0
0.0
0.0
0.0
0.0
0.0
0.0
0.0
0.0
0.0
0.0
0.0
0.0
0.0
0.0
0.0
0.0
0.0
0.0
0.0
0.0
0.0
0.0
0.0
