1.0
0.98775053024292
0.8808463215827942
0.7739421129226685
0.14587973058223724
0.016703786328434944
0.0
0.1870824098587036
0.3786191642284393
0.3897550106048584
0.4643652439117432
0.43429845571517933
0.4387527704238892
0.423162579536438
0.3641425371170044
0.3552338480949402
0.3040089011192322
0.30734965205192566
0.2973273992538452
0.2717149257659912
0.3129175901412964
0.3040089011192322
0.3184855282306671
0.33296212553977966
0.3296213746070862
0.36080178618431086
0.3006681501865387
0.3674832880496978
0.3763919770717621
0.34966591000556946
0.3641425371170044
0.34075725078582764
0.3775055706501007
0.4097995460033417
0.3697104752063751
0.4142538905143738
0.4153674840927124
0.46993318200111384
0.5178173780441284
0.5556792616844177
0.6202672719955444
0.6915367245674133
0.7772828340530396
0.8051224946975709
0.7438752651214598
0.75612473487854
0.6881960034370422
0.7015590071678162
0.7004454135894775
0.634743869304657
0.6570155620574951
0.551224946975708
0.525612473487854
0.48106902837753296
0.5456570386886597
0.5935412049293518
0.5712695121765137
0.634743869304657
0.6447661519050598
0.5991091132164001
0.6069042086601257
0.5545657277107239
0.5690423250198364
0.5668151378631592
0.5690423250198364
0.641425371170044
0.6013363003730774
0.6302895545959473
0.6380846500396729
0.573496639728546
0.634743869304657
0.5991091132164001
0.6191536784172058
0.609131395816803
0.6158128976821899
0.6458797454833984
0.5890868306159973
0.5445434451103209
0.5267260670661926
0.49109131097793574
0.5133630037307739
0.4665924310684204
0.4955456554889679
0.5178173780441284
0.4988864064216614
0.5690423250198364
0.5289532542228699
0.5556792616844177
0.583518922328949
0.5657015442848206
0.609131395816803
0.5779510140419006
0.6224944591522217
0.6570155620574951
0.6815145015716553
0.6971046924591064
0.5857461094856262
0.5200445652008057
0.5033407807350159
0.48329621553421026
0.7204899787902832
0.8786191344261169
0.936525583267212
0.9131402969360352
0.8407572507858275
0.3997772932052612
0.06681514531373978
0.0055679287761449805
0.16258351504802704
0.35857459902763367
0.4899777173995972
0.5311803817749025
0.5412026643753052
0.525612473487854
0.47104677557945246
0.4621380865573883
0.38641425967216486
0.36191537976264954
0.38418707251548767
0.3697104752063751
0.38752785325050354
0.0
0.0
0.0
0.0
0.0
0.0
0.0
0.0
0.0
0.0
0.0
