0.9501797556877136
0.948638916015625
0.42732408642768854
0.200308158993721
0.11915767937898636
0.12994350492954254
0.11915767937898636
0.11504879593849182
0.09501797705888748
0.093990758061409
0.11658962815999983
0.09861325472593309
0.07755521684885025
0.08525937050580977
0.07036466151475905
0.11299435049295424
0.0549563430249691
0.07909604161977768
0.036466360092163086
0.03389830514788628
0.05701078474521637
0.017976373434066772
0.02311248145997524
0.008217770606279373
0.0
0.03749357908964157
0.026194144040346146
0.06420133262872696
0.09912686049938202
0.13045711815357208
0.187981516122818
0.18387262523174283
0.2059578895568848
0.19363123178482053
0.17873652279376984
0.2059578895568848
0.19568566977977753
0.20082177221775052
0.1807909607887268
0.18387262523174283
0.20338982343673703
0.18130457401275635
0.195172056555748
0.1915767788887024
0.17360040545463562
0.20338982343673703
0.17257319390773773
0.18900872766971588
0.18284539878368375
0.17822290956974027
0.17976373434066772
0.1689779162406921
0.1771956831216812
0.17565485835075378
0.16281458735466003
0.19209039211273196
0.1515151560306549
0.17051874101161957
0.19054956734180448
0.21777093410491943
0.25475090742111206
0.25475090742111206
0.2953261435031891
0.3071391880512237
0.26810476183891296
0.26656395196914673
0.21006676554679873
0.16538263857364655
0.1525423675775528
0.14689265191555023
0.14586544036865234
0.13251155614852905
0.1381612718105316
0.13610683381557465
0.12121212482452393
0.14843349158763883
0.24961479008197784
0.49460709095001215
0.5998972654342651
0.7586029767990112
1.0
0.5459681749343872
0.2511556148529053
0.13045711815357208
0.11402156949043273
0.14997431635856628
0.1099126860499382
0.11504879593849182
0.11042629927396774
0.07909604161977768
0.10066769272089005
0.07755521684885025
0.08474576473236085
0.07704160362482072
0.0
0.0
0.0
0.0
0.0
0.0
0.0
0.0
0.0
0.0
0.0
0.0
0.0
0.0
0.0
0.0
0.0
0.0
0.0
0.0
0.0
0.0
0.0
0.0
0.0
0.0
0.0
0.0
0.0
0.0
0.0
0.0
0.0
0.0
0.0
0.0
0.0
0.0
