1.0
0.658661425113678
0.35354331135749817
0.07047244161367416
0.11220472306013109
0.11496063321828842
0.0929133892059326
0.10314960777759552
0.09566929191350938
0.1023622080683708
0.096062995493412
0.09803149849176407
0.10472440719604492
0.08937007933855055
0.09724409133195876
0.09251968562602995
0.09055118262767792
0.10078740119934082
0.08818897604942322
0.09645669162273408
0.08976378291845322
0.09055118262767792
0.0929133892059326
0.08031496405601501
0.10275590419769288
0.1055118143558502
0.11535432934761047
0.14015747606754303
0.14960630238056183
0.1712598353624344
0.16496062278747559
0.16023622453212738
0.16535432636737823
0.14960630238056183
0.16141732037067413
0.15196850895881653
0.14685039222240448
0.15196850895881653
0.12677165865898132
0.12480314821004868
0.11574803292751312
0.11535432934761047
0.12283464521169662
0.11614172905683516
0.11771653592586516
0.11220472306013109
0.11771653592586516
0.12204724550247192
0.10708661377429962
0.11732283234596252
0.11259842664003372
0.11496063321828842
0.12598425149917603
0.11574803292751312
0.12204724550247192
0.10905511677265169
0.11141732335090636
0.11771653592586516
0.10511811077594756
0.11929133534431456
0.11732283234596252
0.14370079338550568
0.16811023652553558
0.16614173352718353
0.1759842485189438
0.16496062278747559
0.16889764368534088
0.17677165567874908
0.15078739821910858
0.14133858680725095
0.13031496107578275
0.11259842664003372
0.12952755391597748
0.09015747904777527
0.09409448504447936
0.08700787276029585
0.078740157186985
0.07125984132289886
0.09960629791021347
0.30118110775947565
0.5007873773574829
0.9377952814102173
0.5834645628929137
0.32913386821746826
0.0
0.00078740157186985
0.06062992289662361
0.05236220359802246
0.028346456587314606
0.03661417216062546
0.028740158304572105
0.020472440868616104
0.03582677245140076
0.024015748873353004
0.016141733154654503
0.010629921220242975
0.009055118076503277
0.0
0.0
0.0
0.0
0.0
0.0
0.0
0.0
0.0
0.0
0.0
0.0
0.0
0.0
0.0
0.0
0.0
0.0
0.0
0.0
0.0
0.0
0.0
0.0
0.0
0.0
0.0
0.0
0.0
0.0
0.0
0.0
0.0
0.0
0.0
