0.9605433344841005
0.6972833275794983
0.5543337464332581
0.48447605967521673
0.4890038669109344
0.47283312678337097
0.5012936592102051
0.4902975559234619
0.48059508204460144
0.5058214664459229
0.49159121513366694
0.5336351990699768
0.5097024440765381
0.5077619552612305
0.5336351990699768
0.5219922661781311
0.5601552128791809
0.5459249615669249
0.5536869168281555
0.5860284566879272
0.5556274056434631
0.5937904119491577
0.58926260471344
0.5937904119491577
0.5957309007644653
0.5957309007644653
0.6177231669425964
0.5769728422164917
0.561448872089386
0.5465717911720276
0.5174643993377686
0.49741268157958973
0.47865459322929377
0.46507114171981806
0.47089263796806335
0.44243207573890686
0.4611901640892029
0.43790426850318903
0.4579560160636902
0.45472186803817755
0.4314359724521637
0.46507114171981806
0.43790426850318903
0.4508408904075623
0.4683052897453308
0.44307890534400934
0.4631306529045105
0.43790426850318903
0.44695988297462463
0.4566623568534851
0.44372573494911194
0.4618369936943054
0.4456662237644196
0.42690813541412354
0.4385510981082916
0.42755499482154846
0.45536869764328
0.4495472311973572
0.5019404888153076
0.5413971543312073
0.5213454365730286
0.5135834217071533
0.5659767389297485
0.5459249615669249
0.5698577165603638
0.573738694190979
0.5711513757705688
0.5155239105224608
0.4521345496177673
0.4346701204776764
0.3932729661464691
0.4126778841018677
0.3880983293056488
0.36222508549690247
0.3913324773311615
0.373221218585968
0.39068564772605896
0.36998707056045527
0.38163000345230097
0.34864166378974915
0.14683052897453308
0.0019404916092753408
0.0
0.4443725645542145
0.941138446331024
1.0
0.6410090327262878
0.47283312678337097
0.4657179713249207
0.4476067125797272
0.4489004015922546
0.4961190223693848
0.47865459322929377
0.4631306529045105
0.48641654849052424
0.49159121513366694
0.5122897624969481
0.474126785993576
0.49741268157958973
0.5051746368408203
0.5077619552612305
0.5342820286750793
0.0
0.0
0.0
0.0
0.0
0.0
0.0
0.0
0.0
0.0
0.0
0.0
0.0
0.0
0.0
0.0
0.0
0.0
0.0
0.0
0.0
0.0
0.0
0.0
0.0
0.0
0.0
0.0
0.0
0.0
