1.0
0.5306406617164612
0.28969359397888184
0.35236769914627075
0.1155988872051239
0.06545960903167725
0.10584957897663116
0.08495821803808211
0.08635097742080688
0.12256267666816711
0.05710306391119957
0.09470751881599426
0.09192200750112531
0.08635097742080688
0.1197771579027176
0.09470751881599426
0.14345404505729675
0.133704736828804
0.14763231575489044
0.1880222856998444
0.17966574430465698
0.22980500757694244
0.26323118805885315
0.2827298045158386
0.3467966616153717
0.31615599989891047
0.38161560893058777
0.38579386472702026
0.39554318785667414
0.3941504061222077
0.30640667676925654
0.31615599989891047
0.2980501353740692
0.2604456841945648
0.26740947365760803
0.19777159392833707
0.21448467671871185
0.18941503763198847
0.17270195484161377
0.2047353833913803
0.16713091731071472
0.21866294741630557
0.1991643458604813
0.1949860751628876
0.20055709779262543
0.15459610521793363
0.18523676693439484
0.17270195484161377
0.13927575945854187
0.1420612782239914
0.08217269927263261
0.11838439851999281
0.10863509774208067
0.1114206165075302
0.12813369929790497
0.08774372935295105
0.12534819543361664
0.09749303758144377
0.10027854889631271
0.09052924811840056
0.06824512779712677
0.1197771579027176
0.08495821803808211
0.12116991728544237
0.22144846618175504
0.28133705258369446
0.3941504061222077
0.39554318785667414
0.4888579249382019
0.47771587967872614
0.43593314290046686
0.5334261655807495
0.48467966914176946
0.4428969323635101
0.2869080901145935
0.10027854889631271
0.08635097742080688
0.03760445863008499
0.022284122183918953
0.04317548871040344
0.0
0.17548745870590207
0.05710306391119957
0.13509748876094818
0.5348189473152161
0.8983286619186401
0.39832869172096247
0.21030640602111816
0.27437326312065125
0.09192200750112531
0.04596100375056266
0.09470751881599426
0.023676879703998566
0.06128133833408356
0.08217269927263261
0.058495823293924325
0.11420612782239913
0.08217269927263261
0.1197771579027176
0.14484679698944092
0.12813369929790497
0.18523676693439484
0.14066852629184723
0.17688022553920743
0.21448467671871185
0.2019498646259308
0.2729805111885071
0.24791085720062253
0.2994428873062134
0.3286907970905304
0.32729804515838623
0.3969359397888184
0.3802228271961212
0.4094707667827606
0.40111419558525085
0.34122562408447266
0.35097491741180414
0.2952646315097809
0.2701949775218964
0.238161563873291
0.2158774435520172
0.24791085720062253
0.21448467671871185
0.21866294741630557
0.22144846618175504
0.19777159392833707
0.2646239697933197
0.23676879703998563
0.25487464666366577
0.24791085720062253
0.2130919247865677
0.261838436126709
