1.0
0.6018348336219788
0.42629969120025635
0.687461793422699
0.6538226008415222
0.5547400712966919
0.538226306438446
0.529663622379303
0.5614678859710692
0.5113149881362915
0.5663608312606812
0.5675840973854065
0.5730887055397034
0.503975510597229
0.5785932540893555
0.5944954156875609
0.5981651544570923
0.6140672564506531
0.6146789193153381
0.5694189667701721
0.6538226008415222
0.6373088955879211
0.6189602613449097
0.5834862589836121
0.5981651544570923
0.617125391960144
0.6067278385162354
0.5675840973854065
0.5467889904975891
0.5247706174850464
0.5370030403137207
0.4813455641269684
0.48379203677177435
0.5100917220115662
0.4538226425647736
0.48073393106460566
0.436697244644165
0.4091743230819702
0.4422018229961395
0.46116209030151367
0.4733944833278656
0.44648319482803345
0.4636085629463196
0.47278288006782526
0.4764525890350342
0.46972477436065674
0.4648317992687225
0.4556574821472168
0.5235474109649657
0.4788990914821625
0.4770642220973969
0.4746177494525909
0.4544342458248138
0.4819571971893311
0.5045871734619141
0.4654434323310852
0.46299692988395685
0.4452599287033081
0.4654434323310852
0.4587155878543854
0.4636085629463196
0.515596330165863
0.5314984917640686
0.5107033848762512
0.5064220428466797
0.5584098100662231
0.5449541211128235
0.4966360926628113
0.5009174346923828
0.4562691152095794
0.46299692988395685
0.437920480966568
0.4562691152095794
0.3840978741645813
0.3987767696380615
0.43425077199935913
0.39143732190132147
0.3792048990726471
0.37247705459594727
0.3486238420009613
0.3859327137470245
0.39082568883895874
0.38776758313179016
0.3859327137470245
0.39143732190132147
0.3865443468093872
0.10581039637327194
0.0
0.28623852133750916
0.9474006295204161
0.639143705368042
0.3663608431816101
0.5804281234741211
0.650764524936676
0.4972476959228516
0.48440366983413696
0.4788990914821625
0.44892966747283936
0.4923547506332397
0.4911314845085144
0.518042802810669
0.5094801187515259
0.5253822803497313
0.4911314845085144
0.5174311995506288
0.5211009383201599
0.5461773872375488
0.549235463142395
0.0
0.0
0.0
0.0
0.0
0.0
0.0
0.0
0.0
0.0
0.0
0.0
0.0
0.0
0.0
0.0
0.0
0.0
0.0
0.0
0.0
0.0
0.0
0.0
