0.9047900438308717
0.9207569360733032
0.4589000642299652
0.09047900885343552
0.12418687343597412
0.15671201050281525
0.20993494987487793
0.21525724232196808
0.2211709022521973
0.24127735197544095
0.23358958959579468
0.24009461700916288
0.24541690945625305
0.24719101190567017
0.2643406391143799
0.2655233442783356
0.2613838016986847
0.2560614943504333
0.2625665366649628
0.2844470739364624
0.2868125438690185
0.2980484962463379
0.30751034617424006
0.3116499185562134
0.3483146131038666
0.3471318781375885
0.3625074028968811
0.3595505654811859
0.3483146131038666
0.35245415568351746
0.3228858709335327
0.3122412860393524
0.29095208644866943
0.27321112155914307
0.2814902365207672
0.2536960244178772
0.2566528618335724
0.24719101190567017
0.24364282190799716
0.24009461700916288
0.2318154871463776
0.2188054472208023
0.2211709022521973
0.2188054472208023
0.21821407973766327
0.22057953476905823
0.2276759296655655
0.23595505952835083
0.2253104597330093
0.24246008694171903
0.24659964442253113
0.23772914707660675
0.23004139959812164
0.2312241345643997
0.24009461700916288
0.2507392168045044
0.28030750155448914
0.30632761120796204
0.30455350875854487
0.3116499185562134
0.3258427083492279
0.3199290335178375
0.2921348214149475
0.277942031621933
0.2939089238643646
0.2767593264579773
0.2477823793888092
0.2276759296655655
0.18568894267082212
0.20638675987720487
0.20579539239406583
0.19929036498069763
0.1927853375673294
0.17800118029117584
0.1898285001516342
0.14015375077724457
0.0260201059281826
0.0
0.30632761120796204
0.8462448120117188
1.0
0.5144884586334229
0.09402720630168913
0.07510349154472351
0.12418687343597412
0.18746304512023923
0.20697811245918277
0.20283855497837064
0.19929036498069763
0.2324068546295166
0.24068598449230197
0.23063276708126068
0.23299822211265564
0.22412773966789243
0.2430514544248581
0.0
0.0
0.0
0.0
0.0
0.0
0.0
0.0
0.0
0.0
0.0
0.0
0.0
0.0
0.0
0.0
0.0
0.0
0.0
0.0
0.0
0.0
0.0
0.0
0.0
0.0
0.0
0.0
0.0
0.0
0.0
0.0
0.0
0.0
0.0
0.0
0.0
