0.9131441712379456
0.7596989274024963
0.27330631017684937
0.1905037611722946
0.06716850399971008
0.0
0.04516502469778061
0.035900406539440155
0.0347423292696476
0.04574406519532204
0.042848870158195496
0.046323101967573166
0.05211349204182625
0.05442964658141136
0.07064273208379745
0.059640996158123016
0.08106543123722076
0.0816444680094719
0.07469600439071654
0.08801389485597609
0.09148813039064407
0.10480602085590363
0.12044006586074828
0.12101911008358
0.14475969970226288
0.14418065547943115
0.15055008232593536
0.16039374470710754
0.15865662693977356
0.16676317155361176
0.15923567116260529
0.16618412733078003
0.16444702446460724
0.1638679802417755
0.18471337854862213
0.17081645131111145
0.16097278892993927
0.15402431786060333
0.13491603732109067
0.1372321993112564
0.11001737415790556
0.11522872000932692
0.1082802563905716
0.10364794731140135
0.1105964109301567
0.10480602085590363
0.11696583777666092
0.11291256546974182
0.11233352869749068
0.12333526462316512
0.11349160224199296
0.11812391132116316
0.12101911008358
0.11291256546974182
0.12044006586074828
0.10596410185098648
0.11407063901424408
0.1163868010044098
0.10712217539548873
0.11407063901424408
0.1065431386232376
0.10770121961832047
0.1105964109301567
0.0961204394698143
0.10075274854898451
0.08917197585105896
0.09843659400939939
0.10306890308856964
0.08917197585105896
0.09843659400939939
0.09380428493022919
0.10364794731140135
0.09785755723714828
0.09148813039064407
0.10712217539548873
0.10191082954406738
0.10770121961832047
0.1187029555439949
0.10191082954406738
0.12565141916275024
0.1163868010044098
0.12101911008358
0.122756227850914
0.11696583777666092
0.1331789195537567
0.12391430139541625
0.1331789195537567
0.15576143562793732
0.1598147004842758
0.19397799670696256
0.2003474235534668
0.20613780617713928
0.17834395170211792
0.17892298102378845
0.17139548063278198
0.13839027285575867
0.1598147004842758
0.1511291265487671
0.122756227850914
0.14765489101409912
0.14765489101409912
0.13549508154392242
0.13491603732109067
0.13781122863292694
0.1517081707715988
0.15055008232593536
0.09148813039064407
0.04921829700469971
0.20324261486530304
1.0
0.9177764654159546
0.42906776070594793
0.36768963932991033
0.20092646777629847
0.15634047985076904
0.17892298102378845
0.18934568762779236
0.18123914301395416
0.18297626078128812
0.1876085698604584
0.18355530500411987
0.1968731880187988
0.19166183471679688
0.19339895248413083
0.2107701152563095
0.21366532146930692
0.0
0.0
0.0
0.0
0.0
0.0
