0.9891225695610046
1.0
0.9796954393386842
0.9564902186393736
0.9151558876037597
0.8440899252891539
0.7708484530448914
0.7331399321556091
0.6860043406486511
0.6526468396186829
0.6424945592880249
0.6113125681877136
0.5895576477050781
0.5917331576347351
0.6127628684043884
0.5837563276290894
0.5685279369354248
0.5960841178894042
0.5924583077430725
0.5989847779273987
0.5670775771141052
0.5852066874504088
0.5924583077430725
0.5540246367454529
0.5380710363388062
0.5163161754608153
0.5424220561981201
0.5562001466751099
0.5540246367454529
0.5366207361221313
0.5279187560081482
0.5163161754608153
0.5315446257591248
0.5300942659378052
0.5134155154228209
0.5032632350921631
0.48803481459617615
0.4873096346855164
0.48150834441185
0.5148658156394958
0.5039883852005005
0.5416969060897827
0.5467730164527893
0.5554749965667725
0.5591008067131041
0.5467730164527893
0.5823060274124146
0.6722262501716614
0.6555474996566772
0.6773024201393129
0.6874547004699707
0.7012327909469604
0.661348819732666
0.5743291974067688
0.5315446257591248
0.5083394050598145
0.4793328642845154
0.4699057340621948
0.4474256634712219
0.44815084338188166
0.4517766535282135
0.44670051336288447
0.4583031237125397
0.5010877251625061
0.521392285823822
0.5989847779273987
0.6758520603179932
0.9789702892303466
0.8738216161727905
0.3422770202159881
0.0
0.22552573680877683
0.2799129784107208
0.3625815808773041
0.4358230531215668
0.4554024636745453
0.47063088417053217
0.4844090044498444
0.5163161754608153
0.0
0.0
0.0
0.0
0.0
0.0
0.0
0.0
0.0
0.0
0.0
0.0
0.0
0.0
0.0
0.0
0.0
0.0
0.0
0.0
0.0
0.0
0.0
0.0
0.0
0.0
0.0
0.0
0.0
0.0
0.0
0.0
0.0
0.0
0.0
0.0
0.0
0.0
0.0
0.0
0.0
0.0
0.0
0.0
0.0
0.0
0.0
0.0
0.0
0.0
0.0
0.0
0.0
