1.0
0.6269006133079529
0.513450264930725
0.2187134474515915
0.1631578952074051
0.15380117297172546
0.1520467847585678
0.14912280440330505
0.15555556118488312
0.14444445073604584
0.13684210181236267
0.14152047038078308
0.132748544216156
0.1473684161901474
0.16374269127845764
0.15146198868751523
0.14269006252288818
0.1736842095851898
0.17602339386940002
0.18421052396297452
0.183625727891922
0.20000000298023224
0.2087719291448593
0.22105263173580167
0.224561408162117
0.22514620423316956
0.24327485263347623
0.23625731468200684
0.2526315748691559
0.25906431674957275
0.23274853825569153
0.2391812801361084
0.21695905923843384
0.19649122655391693
0.17426900565624237
0.1602339148521423
0.15730993449687955
0.1485380083322525
0.14678362011909485
0.15146198868751523
0.135087713599205
0.14269006252288818
0.13976608216762543
0.14210526645183563
0.13859649002552032
0.15847952663898468
0.154385969042778
0.1508771926164627
0.16140350699424744
0.1619883030653
0.1625730991363525
0.15672515332698822
0.15847952663898468
0.16842105984687805
0.15380117297172546
0.1666666716337204
0.1631578952074051
0.14912280440330505
0.1485380083322525
0.1602339148521423
0.15380117297172546
0.15555556118488312
0.14795321226119995
0.15614035725593567
0.1883040964603424
0.22397661209106445
0.2514619827270508
0.2561403512954712
0.2695906460285187
0.2742690145969391
0.23684211075305936
0.2298245579004288
0.2099415212869644
0.1602339148521423
0.132748544216156
0.11286550015211104
0.11695906519889832
0.10701754689216612
0.10584795475006104
0.11754386126995087
0.09473684430122375
0.0
0.0543859638273716
0.5029239654541016
0.9894737005233764
0.5263158082962036
0.4432748556137085
0.17836257815361023
0.13918128609657288
0.12923976778984067
0.14561402797698975
0.1438596546649933
0.13567250967025757
0.1450292468070984
0.13859649002552032
0.1438596546649933
0.1473684161901474
0.1432748585939407
0.1497076004743576
0.1532163769006729
0.0
0.0
0.0
0.0
0.0
0.0
0.0
0.0
0.0
0.0
0.0
0.0
0.0
0.0
0.0
0.0
0.0
0.0
0.0
0.0
0.0
0.0
0.0
0.0
0.0
0.0
0.0
0.0
0.0
0.0
0.0
0.0
