0.9179999828338624
0.9139999747276306
0.7139999866485596
0.47099998593330383
0.4589999914169312
0.37400001287460327
0.3009999990463257
0.3409999907016754
0.36199998855590815
0.3849999904632568
0.38800001144409174
0.3540000021457672
0.3580000102519989
0.375
0.4149999916553497
0.3610000014305114
0.34299999475479126
0.39300000667572016
0.37400001287460327
0.386000007390976
0.40999999642372126
0.36199998855590815
0.42100000381469727
0.37599998712539673
0.3680000007152557
0.38999998569488525
0.3059999942779541
0.32899999618530273
0.29100000858306885
0.2450000047683716
0.22599999606609344
0.1770000010728836
0.17100000381469727
0.14900000393390656
0.1169999986886978
0.11800000071525572
0.08900000154972076
0.15700000524520874
0.1720000058412552
0.18400000035762784
0.23000000417232516
0.19599999487400052
0.23000000417232516
0.2450000047683716
0.2280000001192093
0.26399999856948847
0.23499999940395355
0.26899999380111694
0.24699999392032623
0.25699999928474426
0.24400000274181363
0.2160000056028366
0.24899999797344208
0.21999999880790713
0.19599999487400052
0.2150000035762787
0.20100000500679016
0.23100000619888303
0.2140000015497208
0.21799999475479123
0.2240000069141388
0.22699999809265137
0.26499998569488525
0.26499998569488525
0.2430000007152557
0.24799999594688413
0.2720000147819519
0.31099998950958246
0.27000001072883606
0.3790000081062317
0.4180000126361847
0.3019999861717224
0.30799999833106995
0.2590000033378601
0.26100000739097595
0.23499999940395355
0.21099999547004697
0.2380000054836273
0.21099999547004697
0.2339999973773956
0.2150000035762787
0.1979999989271164
0.239999994635582
0.18500000238418576
0.22200000286102292
0.2169999927282333
0.2119999974966049
0.23600000143051147
0.20399999618530276
0.1879999935626984
0.1459999978542328
0.0
0.03099999949336052
0.38100001215934753
0.7710000276565551
0.934000015258789
0.7269999980926514
1.0
0.9210000038146973
0.6759999990463257
0.4819999933242798
0.4429999887943268
0.39300000667572016
0.3479999899864197
0.3540000021457672
0.3700000047683716
0.36899998784065247
0.3970000147819519
0.3700000047683716
0.3849999904632568
0.3970000147819519
0.38800001144409174
0.0
0.0
0.0
0.0
0.0
0.0
0.0
0.0
0.0
0.0
0.0
0.0
0.0
0.0
0.0
0.0
0.0
0.0
0.0
0.0
