0.9692307710647584
1.0
0.9762237668037415
0.9349650144577025
0.8895105123519897
0.8265734314918518
0.7727272510528563
0.7237762212753296
0.6720279455184937
0.6482517719268799
0.6104894876480104
0.5951048731803894
0.5678321719169617
0.596503496170044
0.5937063097953796
0.5734265446662903
0.5643356442451477
0.5671328902244568
0.5769230723381041
0.5615384578704834
0.5461538434028625
0.5559440851211548
0.522377610206604
0.5412587523460388
0.5643356442451477
0.533566415309906
0.5286713242530823
0.5244755148887633
0.5209790468215942
0.5279720425605774
0.525874137878418
0.5405594110488892
0.5237762331962585
0.5181818008422852
0.5090909004211426
0.5104895234107971
0.5174825191497803
0.5209790468215942
0.533566415309906
0.5461538434028625
0.5755244493484497
0.5937063097953796
0.6013985872268677
0.6146852970123291
0.6034964919090271
0.6118881106376648
0.6867132782936096
0.6762237548828125
0.6713286638259888
0.7083916068077089
0.6881119012832642
0.6902098059654236
0.6111888289451599
0.5664335489273071
0.5517482757568359
0.4909090995788574
0.4727272689342498
0.4727272689342498
0.457342654466629
0.49020978808403015
0.4734265804290771
0.49020978808403015
0.5419580340385437
0.5538461804389954
0.6132867336273192
0.6832168102264404
0.9412587285041808
0.8832167983055114
0.4286713302135468
0.0
0.17762237787246704
0.2650349736213684
0.3615384697914124
0.4076923131942749
0.42587411403656006
0.45664334297180176
0.48741260170936573
0.47132867574691767
0.0
0.0
0.0
0.0
0.0
0.0
0.0
0.0
0.0
0.0
0.0
0.0
0.0
0.0
0.0
0.0
0.0
0.0
0.0
0.0
0.0
0.0
0.0
0.0
0.0
0.0
0.0
0.0
0.0
0.0
0.0
0.0
0.0
0.0
0.0
0.0
0.0
0.0
0.0
0.0
0.0
0.0
0.0
0.0
0.0
0.0
0.0
0.0
0.0
0.0
0.0
0.0
0.0
0.0
