1.0
0.6388747096061707
0.32583120465278625
0.18158568441867828
0.1769820898771286
0.1923273652791977
0.208695650100708
0.22659847140312195
0.1984654664993286
0.21483376622200007
0.2235294133424759
0.208695650100708
0.25319692492485046
0.2455243021249771
0.23682864010334012
0.23785166442394257
0.24092072248458865
0.25831201672554016
0.24296675622463224
0.24654731154441836
0.24654731154441836
0.2542199492454529
0.2593350410461426
0.2363171428442001
0.2306905388832092
0.20613810420036316
0.21994884312152865
0.20000000298023224
0.18056266009807584
0.14731457829475403
0.11713554710149764
0.06700767576694489
0.08286444842815398
0.014322251081466675
0.0025575447361916304
0.0
0.019437341019511223
0.05063938722014427
0.06445012986660004
0.09769821166992189
0.13145780563354492
0.17084398865699768
0.20102301239967343
0.19130434095859528
0.21841432154178617
0.2076726406812668
0.20460358262062073
0.21841432154178617
0.19744245707988736
0.21074168384075165
0.22506393492221832
0.23785166442394257
0.22301790118217468
0.21074168384075165
0.208695650100708
0.20511509478092196
0.21585677564144132
0.2071611285209656
0.21227622032165527
0.20102301239967343
0.2322250604629517
0.19335038959980008
0.23785166442394257
0.2081841379404068
0.2035805583000183
0.22046035528182983
0.208695650100708
0.22097186744213104
0.19437339901924133
0.23887467384338376
0.208695650100708
0.2322250604629517
0.208695650100708
0.19641943275928497
0.22301790118217468
0.2127877175807953
0.208695650100708
0.208695650100708
0.1882352977991104
0.2117647081613541
0.19693094491958615
0.19130434095859528
0.2352941185235977
0.2439897656440735
0.3017902672290802
0.2966752052307129
0.3028132915496826
0.3452685475349426
0.313043475151062
0.3524296581745148
0.32020461559295654
0.2874680161476135
0.24757033586502075
0.19539642333984372
0.1570332497358322
0.21074168384075165
0.17186701297760007
0.16265985369682312
0.1739130467176437
0.11202046275138854
0.0363171361386776
0.1038363203406334
0.3089514076709748
0.5263426899909973
0.8716112375259398
0.9289002418518065
0.530434787273407
0.26751917600631714
0.15447570383548737
0.18107417225837708
0.21329922974109647
0.1861892640590668
0.19897697865962985
0.20409207046031952
0.19641943275928497
0.17851662635803223
0.17902813851833344
0.19795396924018857
0.21074168384075165
0.18107417225837708
0.23273657262325287
0.1907928436994553
0.19590793550014493
0.21227622032165527
0.0
0.0
0.0
0.0
0.0
0.0
0.0
0.0
