0.9963503479957581
0.6225234866142273
0.3378519415855408
0.21220020949840543
0.17466109991073608
0.08081334829330444
0.05787278339266777
0.02189780957996845
0.01407716330140829
0.031282585114240646
0.02867570333182812
0.02502606809139252
0.013555787503719328
0.011991658248007296
0.014598540030419827
0.0
0.02189780957996845
0.0015641292557120323
0.004171011503785849
0.0036496350076049566
0.015119916759431362
0.04588112607598305
0.058394160121679306
0.06673618406057358
0.07924921810626982
0.09749739617109297
0.10531803965568542
0.11470281332731246
0.12460897117853165
0.13972888886928558
0.15276329219341278
0.15224191546440125
0.16006256639957428
0.194994792342186
0.1762252300977707
0.173618346452713
0.16266945004463196
0.18143899738788605
0.18248175084590912
0.19030240178108213
0.19760166108608243
0.20177267491817477
0.2085505723953247
0.2028154283761978
0.2002085447311401
0.2142857164144516
0.230448380112648
0.22575598955154416
0.22992700338363647
0.2565172016620636
0.27893638610839844
0.2679874897003174
0.23514077067375183
0.22471323609352112
0.18873827159404755
0.15380604565143585
0.1574556827545166
0.15484879910945892
0.14546401798725128
0.14911365509033203
0.14181439578533173
0.15380604565143585
0.1412930190563202
0.11105318367481232
0.29822731018066406
0.6047966480255127
1.0
0.7862356901168822
0.4040667414665222
0.2664233446121216
0.21063607931137085
0.1298227310180664
0.08446298539638518
0.06308654695749283
0.04588112607598305
0.035453598946332925
0.03597497567534447
0.0364963486790657
0.02867570333182812
0.0
0.0
0.0
0.0
0.0
0.0
0.0
0.0
0.0
0.0
0.0
0.0
0.0
0.0
0.0
0.0
0.0
0.0
0.0
0.0
0.0
0.0
0.0
0.0
0.0
0.0
0.0
0.0
0.0
0.0
0.0
0.0
0.0
0.0
0.0
0.0
0.0
0.0
0.0
0.0
0.0
0.0
0.0
0.0
0.0
0.0
0.0
0.0
0.0
0.0
0.0
0.0
0.0
