0.9373536109924316
0.4929742515087128
0.0
0.36299765110015864
0.5175644159317017
0.6668618321418761
0.6334894895553589
0.646369993686676
0.7008196711540222
0.6270492076873779
0.6592505574226379
0.6557376980781555
0.6223653554916382
0.6674473285675049
0.6814988255500793
0.6533957719802856
0.6955503225326538
0.7113583087921144
0.7113583087921144
0.6955503225326538
0.7113583087921144
0.6996487379074097
0.6428571343421936
0.652224838733673
0.6492974162101746
0.6223653554916382
0.6387587785720825
0.6012880802154541
0.5807962417602539
0.5538641810417175
0.5608899593353271
0.5644028186798096
0.5562061071395874
0.5837236642837524
0.5872365236282349
0.6323184967041016
0.6844262480735779
0.6733021140098572
0.6908665299415588
0.6703746914863585
0.6738876104354857
0.7429742217063904
0.7224824428558348
0.7704917788505553
0.7792739868164062
0.7622950673103331
0.7640514969825744
0.7131147384643555
0.7324355840682982
0.7119438052177429
0.699063241481781
0.6984777450561523
0.688524603843689
0.7131147384643555
0.7183840870857239
0.7148711681365967
0.7254098653793336
0.6750585436820984
0.6984777450561523
0.6323184967041016
0.6955503225326538
0.7353630065917968
0.7365339398384094
0.7599531412124634
0.7289227247238158
0.7078454494476318
0.7265807986259459
0.7201405167579651
0.7248243689537048
0.7043325304985046
0.7084308862686157
0.7505854964256287
0.688524603843689
0.7096018791198729
0.6855971813201904
0.6844262480735779
0.6774004697799683
0.6627634763717651
0.6686182618141174
0.6774004697799683
0.6656908392906189
0.6750585436820984
0.6604215502738953
0.6902810335159302
0.6814988255500793
0.7277517318725587
0.7131147384643555
0.6112412214279175
0.6492974162101746
1.0
0.7177985906600952
0.22306790947914124
0.11065573990345
0.42447307705879206
0.6604215502738953
0.6610070466995239
0.6785714030265808
0.6896955370903015
0.6697892546653748
0.6774004697799683
0.6329039931297302
0.6774004697799683
0.6329039931297302
0.6697892546653748
0.654566764831543
0.6785714030265808
0.0
0.0
0.0
0.0
0.0
0.0
0.0
0.0
0.0
0.0
0.0
0.0
0.0
0.0
0.0
0.0
0.0
0.0
0.0
0.0
0.0
0.0
0.0
0.0
0.0
0.0
