0.9457125067710876
0.5157310366630553
0.06539173424243927
0.109191857278347
0.1468229442834854
0.09006785601377486
0.06847625225782393
0.07587908953428268
0.08081430941820145
0.05613818764686584
0.054904378950595856
0.039481800049543374
0.03331277146935463
0.05798889696598053
0.07032696157693863
0.08513263612985611
0.0623072162270546
0.06785934418439865
0.08019740879535675
0.06415792554616928
0.05305366963148117
0.08081430941820145
0.09438618272542952
0.07834669947624207
0.0888340547680855
0.10672424733638763
0.12091301381587982
0.1344848871231079
0.13078346848487854
0.14312152564525604
0.15792720019817352
0.1116594672203064
0.12584824860095975
0.09376927465200424
0.06415792554616928
0.08328192681074142
0.061073411256074905
0.07772979885339737
0.09500308334827424
0.05428747832775116
0.07032696157693863
0.06847625225782393
0.0838988274335861
0.07526218146085739
0.05552128329873085
0.05613818764686584
0.07896360009908675
0.08266501873731613
0.05305366963148117
0.06662554293870926
0.08266501873731613
0.09068476408720016
0.09438618272542952
0.07032696157693863
0.07217767089605331
0.07711289077997206
0.05798889696598053
0.08143121749162675
0.06045650690793991
0.08451572805643082
0.09685379266738893
0.0734114721417427
0.09808760136365889
0.10857495665550232
0.15052436292171478
0.19679211080074313
0.17951881885528564
0.24799506366252896
0.2313386797904968
0.21961751580238345
0.2078963667154312
0.1591610163450241
0.16903145611286163
0.10795804858207703
0.09006785601377486
0.10734114795923232
0.0962368920445442
0.09006785601377486
0.10425662994384764
0.08821714669466017
0.10425662994384764
0.06539173424243927
0.11227637529373168
0.07711289077997206
0.10857495665550232
0.3442319631576538
0.5712522864341736
0.7618753910064697
1.0
0.40592226386070246
0.0
0.11412708461284636
0.15299198031425476
0.0734114721417427
0.0863664373755455
0.07587908953428268
0.06539173424243927
0.09500308334827424
0.059839606285095215
0.06169031560420989
0.0888340547680855
0.07094386219978333
0.08821714669466017
0.07587908953428268
0.07217767089605331
0.0
0.0
0.0
0.0
0.0
0.0
0.0
0.0
0.0
0.0
0.0
0.0
0.0
0.0
0.0
0.0
0.0
0.0
0.0
0.0
0.0
0.0
0.0
0.0
0.0
0.0
0.0
