0.9169139266014099
1.0
0.37586548924446106
0.024727992713451385
0.15232443809509277
0.2759643793106079
0.21364985406398773
0.09495548903942108
0.1038575693964958
0.07319485396146774
0.08704253286123276
0.08605341613292694
0.06923837959766388
0.10583580285310744
0.0900098904967308
0.10880316793918608
0.11770524084568024
0.10781404376029968
0.14540059864521027
0.14342235028743744
0.17012858390808103
0.19980217516422272
0.2057368904352188
0.2621167302131653
0.2809099853038788
0.33531156182289124
0.3966369926929474
0.4391691386699677
0.5450049638748169
0.6043521165847777
0.7111770510673523
0.7972304821014403
0.8555885553359985
0.9614243507385253
0.9703264236450195
0.9604352116584778
0.8684470653533934
0.7082096934318542
0.5727003216743469
0.39465874433517456
0.2809099853038788
0.19188921153545377
0.10781404376029968
0.09495548903942108
0.04747774451971054
0.04549950361251831
0.040553908795118325
0.014836795628070831
0.038575667887926095
0.018793273717164997
0.028684470802545547
0.037586547434329994
0.014836795628070831
0.05044510215520858
0.03066270984709263
0.04352126643061638
0.046488624066114426
0.026706231757998463
0.05835806205868721
0.038575667887926095
0.05637982115149497
0.060336299240589135
0.035608310252428055
0.062314540147781365
0.03066270984709263
0.04352126643061638
0.04451038688421249
0.018793273717164997
0.04549950361251831
0.01978239417076111
0.026706231757998463
0.024727992713451385
0.0
0.026706231757998463
0.015825914219021797
0.0
0.0
0.0
0.0
0.0
0.0
0.0
0.0
0.0
0.0
0.0
0.0
0.0
0.0
0.0
0.0
0.0
0.0
0.0
0.0
0.0
0.0
0.0
0.0
0.0
0.0
0.0
0.0
0.0
0.0
0.0
0.0
0.0
0.0
0.0
0.0
0.0
0.0
0.0
0.0
0.0
0.0
0.0
0.0
0.0
0.0
0.0
0.0
0.0
0.0
0.0
0.0
0.0
0.0
0.0
0.0
0.0
