1.0
0.61992210149765
0.25431275367736816
0.0
0.12131329625844955
0.1719532608985901
0.18642181158065796
0.18809126317501068
0.2014468610286713
0.21035058796405792
0.20756816864013672
0.20367278158664703
0.22036728262901303
0.23483583331108093
0.2331663817167282
0.21257652342319489
0.21591541171073916
0.22481913864612577
0.2264885902404785
0.22203673422336576
0.23650528490543363
0.2531997859477997
0.2509738504886627
0.24707846343517303
0.2626599967479706
0.26878130435943604
0.27434614300727844
0.2815804183483124
0.29493600130081177
0.31107401847839355
0.30439621210098267
0.319421261548996
0.32164719700813293
0.3439065217971802
0.35837507247924805
0.34501948952674866
0.3299944400787353
0.3255425691604614
0.3322203755378723
0.34891486167907715
0.3411240875720978
0.32832497358322144
0.2982749044895172
0.30439621210098267
0.28770172595977783
0.2921535968780517
0.2815804183483124
0.2565386891365051
0.25264328718185425
0.26377296447753906
0.2804674506187439
0.27824151515960693
0.273789644241333
0.27323317527771
0.2821368873119354
0.2671118676662445
0.28380635380744934
0.26377296447753906
0.27323317527771
0.2671118676662445
0.265998899936676
0.27824151515960693
0.273789644241333
0.27156370878219604
0.2776850163936615
0.2632164657115936
0.2632164657115936
0.27267667651176447
0.265998899936676
0.26432943344116205
0.26432943344116205
0.25431275367736816
0.25431275367736816
0.2604340612888336
0.2587645947933197
0.265998899936676
0.2576516270637512
0.2454090118408203
0.24763494729995728
0.24819143116474152
0.24485252797603607
0.2520868182182312
0.24429604411125183
0.2548692226409912
0.2548692226409912
0.24930439889431
0.2504173517227173
0.24986088275909424
0.2570951581001282
0.2598775625228882
0.2548692226409912
0.24930439889431
0.24707846343517303
0.2531997859477997
0.2520868182182312
0.2604340612888336
0.24930439889431
0.2576516270637512
0.24874791502952573
0.25431275367736816
0.2587645947933197
0.26432943344116205
0.2420701235532761
0.2331663817167282
0.24986088275909424
0.24874791502952573
0.26989427208900446
0.2888146936893463
0.3466889262199402
0.3550361692905426
0.36894825100898737
0.41791874170303345
0.33277684450149536
0.3299944400787353
0.317195326089859
0.31496939063072205
0.27879798412323
0.2454090118408203
0.22760155797004697
0.23372286558151245
0.2353923171758652
0.2331663817167282
0.2170283794403076
0.2170283794403076
0.21869783103466037
0.16082359850406647
0.17417918145656583
0.22203673422336576
0.6104618906974792
0.9421257376670835
0.639955461025238
0.31608235836029047
