1.0
0.8198867440223693
0.400920033454895
0.02441613562405109
0.14649681746959686
0.2268223613500595
0.2682236433029175
0.3747346103191376
0.43772116303443914
0.47523000836372375
0.47806087136268616
0.47204530239105214
0.47558385133743286
0.4681528806686401
0.4656758606433869
0.4759377241134644
0.4688605666160584
0.4745222926139832
0.486553430557251
0.4762915670871735
0.4925689995288849
0.5003538727760315
0.5173389911651611
0.5290162563323976
0.533970296382904
0.5484784245491028
0.5605095624923706
0.5629865527153015
0.5668789744377136
0.5559093952178955
0.5509554147720337
0.5506015419960022
0.5343241095542908
0.5265392661094666
0.5219391584396361
0.526893138885498
0.5222929716110228
0.5145081281661987
0.4985845685005188
0.4953998625278473
0.4929228723049164
0.4989384412765503
0.49504598975181574
0.493630588054657
0.5007076859474182
0.5053078532218933
0.49929228425025934
0.507077157497406
0.5385704040527344
0.563340425491333
0.5573248267173767
0.569709837436676
0.5576786994934082
0.5360934138298035
0.5099080204963684
0.4897381365299225
0.4985845685005188
0.4957537055015564
0.4922151565551758
0.4939844310283661
0.4989384412765503
0.5007076859474182
0.5021231174468994
0.49610757827758795
0.4929228723049164
0.4985845685005188
0.49469214677810663
0.5314933061599731
0.7055909633636475
0.7961783409118652
0.7760084867477418
0.9451521635055541
0.8085633516311644
0.3987968862056732
0.0
0.12632696330547333
0.1779900938272476
0.2222222238779068
0.3492569029331207
0.4101203083992004
0.44373673200607294
0.4593064486980438
0.4561217129230499
0.4639065861701965
0.4564755856990814
0.0
0.0
0.0
0.0
0.0
0.0
0.0
0.0
0.0
0.0
0.0
0.0
0.0
0.0
0.0
0.0
0.0
0.0
0.0
0.0
0.0
0.0
0.0
0.0
0.0
0.0
0.0
0.0
0.0
0.0
0.0
0.0
0.0
0.0
0.0
0.0
0.0
0.0
0.0
0.0
0.0
0.0
0.0
0.0
0.0
0.0
0.0
