0.990238606929779
0.43383947014808655
0.0
0.01518438197672367
0.4305856823921204
0.5260303616523743
0.5726681351661682
0.5639913082122803
0.5726681351661682
0.575921893119812
0.5954446792602539
0.6019522547721863
0.6030368804931641
0.5997830629348755
0.5997830629348755
0.6073752641677856
0.6062906980514526
0.613882839679718
0.6149674654006958
0.6193058490753174
0.6366594433784485
0.6442516446113585
0.6594359874725342
0.6626898050308228
0.6670281887054443
0.6746203899383545
0.6973969340324402
0.6952277421951294
0.7125813364982605
0.7331887483596802
0.7624728679656982
0.7895878553390504
0.8351410031318665
0.8720173239707946
0.906724512577057
0.9501084685325623
0.9859002232551575
0.9989153742790222
1.0
0.9674620628356931
0.9338394999504088
0.9034706950187683
0.8590021729469299
0.8177874088287354
0.7906724214553834
0.7613883018493651
0.7342733144760131
0.7342733144760131
0.7223427295684814
0.7212581634521484
0.7234273552894592
0.7082429528236389
0.7071583271026611
0.7006507515907288
0.7060737609863281
0.7049891352653505
0.6930585503578186
0.6800433993339539
0.6854663491249084
0.6702820062637329
0.6670281887054443
0.6637744307518004
0.6746203899383545
0.6670281887054443
0.661605179309845
0.6453362107276917
0.642082452774048
0.6540130376815796
0.6594359874725342
0.6550976037979126
0.6540130376815796
0.6594359874725342
0.661605179309845
0.6583514213562012
0.6724511981010437
0.6789587736129761
0.661605179309845
0.6583514213562012
0.6594359874725342
0.6637744307518004
0.661605179309845
0.6637744307518004
0.6811279654502869
0.6702820062637329
0.6691973805427551
0.6691973805427551
0.6757050156593323
0.0
0.0
0.0
0.0
0.0
0.0
0.0
0.0
0.0
0.0
0.0
0.0
0.0
0.0
0.0
0.0
0.0
0.0
0.0
0.0
0.0
0.0
0.0
0.0
0.0
0.0
0.0
0.0
0.0
0.0
0.0
0.0
0.0
0.0
0.0
0.0
0.0
0.0
0.0
0.0
0.0
0.0
0.0
0.0
0.0
