1.0
0.5684264302253723
0.2537160515785217
0.04459251835942268
0.11840081959962843
0.2209123522043228
0.24141466617584229
0.2209123522043228
0.260891854763031
0.2357765287160873
0.225525364279747
0.23218862712383273
0.23321373760700223
0.2593541741371155
0.21373654901981357
0.24243977665901184
0.23270118236541748
0.2660174369812012
0.2670425474643707
0.27165555953979487
0.2696053385734558
0.26242953538894653
0.2854946255683899
0.2834443747997284
0.2962583303451538
0.3157355189323425
0.30650949478149414
0.31727319955825806
0.3152229487895965
0.3408508598804474
0.33521270751953125
0.3541773557662964
0.37057918310165405
0.37929266691207886
0.398257315158844
0.4069707989692688
0.40594565868377686
0.4018452167510986
0.41465914249420166
0.4177345037460327
0.40594565868377686
0.39108148217201233
0.3782675564289093
0.35520246624946594
0.3685289621353149
0.3024090230464936
0.2849820554256439
0.3024090230464936
0.2767811417579651
0.2573039531707764
0.24602767825126648
0.26037928462028503
0.26242953538894653
0.2537160515785217
0.24346488714218137
0.24141466617584229
0.23270118236541748
0.2501281499862671
0.24038954079151156
0.24705278873443604
0.23475140333175656
0.23270118236541748
0.23987698554992676
0.23731419444084167
0.24192722141742704
0.225525364279747
0.21014864742755887
0.21988724172115323
0.20809841156005857
0.2388518750667572
0.19630958139896393
0.21373654901981357
0.1942593604326248
0.21578676998615265
0.20656073093414304
0.20451050996780396
0.19784726202487943
0.19989748299121857
0.20143516361713407
0.198872372508049
0.21373654901981357
0.20963607728481287
0.21681189537048337
0.2004100531339645
0.20707330107688904
0.18759609758853912
0.19067144393920896
0.17631983757019043
0.172219380736351
0.19682213664054873
0.18298308551311487
0.1855458766222
0.1901588886976242
0.19118401408195493
0.2029728293418884
0.17375704646110535
0.20861096680164337
0.18349564075469968
0.18810866773128507
0.19682213664054873
0.16094310581684113
0.1768323928117752
0.1845207512378693
0.17375704646110535
0.18708354234695437
0.18298308551311487
0.1660686880350113
0.1845207512378693
0.18298308551311487
0.17068170011043549
0.16504356265068054
0.22501280903816223
0.2660174369812012
0.2583290636539459
0.27063044905662537
0.3003588020801544
0.25781649351119995
0.22501280903816223
0.23372629284858704
0.2029728293418884
0.1614556610584259
0.16196821630001068
0.16248078644275665
0.164018452167511
0.1547924131155014
0.14659148454666135
0.14454126358032227
0.1460789293050766
0.14761660993099213
0.11430035531520844
0.1594054400920868
0.17580728232860565
