1.0
0.7145911455154419
0.48209512233734125
0.24104756116867063
0.15018706023693085
0.1614110171794891
0.17263495922088623
0.17797969281673431
0.20630678534507751
0.210048109292984
0.20630678534507751
0.20149652659893036
0.18706573545932767
0.19561731815338132
0.2116515189409256
0.20523783564567563
0.21699625253677368
0.210048109292984
0.23730625212192533
0.2303580939769745
0.2308925688266754
0.24425441026687625
0.24265098571777344
0.257616251707077
0.2613575756549835
0.27097809314727783
0.29556387662887573
0.2656333446502685
0.2795296609401703
0.2667022943496704
0.27097809314727783
0.2656333446502685
0.27097809314727783
0.2854088842868805
0.27311599254608154
0.2704436182975769
0.28059861063957214
0.24692678451538083
0.24799571931362152
0.2308925688266754
0.22180652618408203
0.21646179258823395
0.19561731815338132
0.1998931020498276
0.20149652659893036
0.20096205174922943
0.21432389318943024
0.20737573504447937
0.20684126019477844
0.20470336079597476
0.1988241523504257
0.21646179258823395
0.1998931020498276
0.19080705940723416
0.1950828433036804
0.17477284371852875
0.20737573504447937
0.18385890126228327
0.1950828433036804
0.18439337611198425
0.1811865270137787
0.18065205216407773
0.17049705982208252
0.15766969323158264
0.1683591604232788
0.1742383688688278
0.17691074311733243
0.17263495922088623
0.18385890126228327
0.1683591604232788
0.1549973338842392
0.1437733769416809
0.15179048478603363
0.18599678575992584
0.1721004843711853
0.1608765423297882
0.16034206748008728
0.14911812543869019
0.17370390892028809
0.15392838418483734
0.15446285903453827
0.15018706023693085
0.1683591604232788
0.19935862720012665
0.20042757689952848
0.21913415193557736
0.21806520223617556
0.18011757731437683
0.17904864251613617
0.16354890167713165
0.1400320678949356
0.15980759263038635
0.15873864293098447
0.13949759304523468
0.13308390974998474
0.13842864334583282
0.12720470130443573
0.12132549285888672
0.1288081258535385
0.13308390974998474
0.13094602525234222
0.07108498364686966
0.0
0.07803313434123993
0.706574022769928
0.9903794527053832
0.5777658820152283
0.3719935715198517
0.17316943407058716
0.10261891782283782
0.12399785965681076
0.1416354924440384
0.12132549285888672
0.12720470130443573
0.125066801905632
0.125066801905632
0.14110101759433746
0.12934260070323944
0.15072153508663175
0.13735969364643097
0.10956707596778868
0.1475147008895874
0.14858365058898923
0.1646178513765335
0.15232495963573456
0.15018706023693085
0.0
0.0
0.0
0.0
0.0
0.0
