1.0
0.762577712535858
0.08253250271081923
0.0016958733322098851
0.027699265629053116
0.05624646693468094
0.05342001095414162
0.05624646693468094
0.05398530140519142
0.05483324080705643
0.05879027768969536
0.04748445376753807
0.049745619297027595
0.04635387286543846
0.041831541806459434
0.04833238944411278
0.04239683598279953
0.044375352561473846
0.04465799778699874
0.04324477165937424
0.05879027768969536
0.05370265617966652
0.06670435518026352
0.07942340523004532
0.08846805989742279
0.10825324803590775
0.11362351477146149
0.1291690170764923
0.14641040563583374
0.1554550528526306
0.17524024844169617
0.17382702231407163
0.18428491055965424
0.18485020101070404
0.18993781507015228
0.1933295577764511
0.18569813668727875
0.1905031055212021
0.18965516984462735
0.18711136281490323
0.1905031055212021
0.182023748755455
0.1890898793935776
0.18824194371700287
0.18767665326595304
0.19191633164882657
0.1800452172756195
0.18428491055965424
0.18287168443202967
0.18343697488307953
0.18824194371700287
0.1803278625011444
0.17608818411827087
0.17410966753959656
0.17043527960777283
0.18117579817771912
0.17721876502037048
0.17467495799064636
0.1777840554714203
0.1803278625011444
0.2184850126504898
0.2289429008960724
0.25098925828933716
0.2532504200935364
0.23742227256298065
0.24053137004375455
0.22357264161109924
0.2156585603952408
0.18456755578517917
0.1808931529521942
0.17495760321617126
0.18654607236385343
0.1712832152843475
0.1647823601961136
0.16280384361743927
0.17156586050987244
0.16280384361743927
0.16393442451953888
0.1659129410982132
0.16336913406848907
0.13623516261577606
0.08648954331874846
0.0
0.0033917466644197702
0.3705483376979828
0.968343675136566
0.8304126858711242
0.13482193648815155
0.04550593718886376
0.07518371939659119
0.09751272201538085
0.10033917427062988
0.1037309244275093
0.10005652904510498
0.09553419798612593
0.1037309244275093
0.08931599557399748
0.09383832663297652
0.09072922915220259
0.08479367196559906
0.0904465764760971
0.08309779316186905
0.0
0.0
0.0
0.0
0.0
0.0
0.0
0.0
0.0
0.0
0.0
0.0
0.0
0.0
0.0
0.0
0.0
0.0
0.0
0.0
0.0
0.0
0.0
0.0
0.0
0.0
0.0
0.0
0.0
0.0
