1.0
0.5791666507720947
0.1546296328306198
0.0
0.12407407164573668
0.1129629611968994
0.0773148164153099
0.09537036716938017
0.07916666567325592
0.05694444477558136
0.06203703582286835
0.05601852014660835
0.06527777761220932
0.08564814925193785
0.06666667014360428
0.08564814925193785
0.07824073731899261
0.07361111044883728
0.07083333283662796
0.09259258955717087
0.13333334028720856
0.09953703731298447
0.18564814329147336
0.08009259402751921
0.1388888955116272
0.1259259283542633
0.16111111640930176
0.2046296298503876
0.17870371043682098
0.2254629582166672
0.22499999403953552
0.20601852238178253
0.24861110746860504
0.24444444477558133
0.26944443583488464
0.2837963104248047
0.2351851910352707
0.1935185194015503
0.1875
0.19166666269302368
0.23564815521240237
0.19259259104728696
0.11342592537403107
0.14907407760620117
0.14212962985038757
0.15925925970077515
0.07592592388391495
0.1851851791143417
0.14537036418914795
0.1476851850748062
0.10277777910232544
0.13333334028720856
0.13703703880310059
0.09861110895872115
0.13240741193294525
0.14027777314186096
0.14629629254341123
0.14722222089767456
0.11481481790542603
0.14398148655891418
0.11851851642131804
0.130092591047287
0.1407407373189926
0.1407407373189926
0.11620370298624037
0.13425925374031067
0.13564814627170563
0.18703703582286835
0.16296295821666715
0.22638888657093048
0.20555555820465088
0.18981482088565824
0.22685185074806213
0.16990740597248075
0.18101851642131803
0.12314815074205399
0.1050925925374031
0.10879629850387572
0.06574074178934097
0.06064814701676369
0.07361111044883728
0.06898148357868195
0.07592592388391495
0.07129629701375961
0.06666667014360428
0.03194444626569748
0.012500000186264513
0.09259258955717087
0.24351851642131803
0.6486111283302307
0.8712962865829467
0.7064814567565918
0.2393518537282944
0.021296296268701557
0.13935184478759763
0.08287037163972855
0.08333333581686019
0.0824074074625969
0.08564814925193785
0.06805555522441864
0.05648148059844971
0.10925926268100739
0.06666667014360428
0.04120370373129845
0.0347222238779068
0.0
0.0
0.0
0.0
0.0
0.0
0.0
0.0
0.0
0.0
0.0
0.0
0.0
0.0
0.0
0.0
0.0
0.0
0.0
0.0
0.0
0.0
0.0
0.0
0.0
0.0
0.0
