0.9030186533927916
0.4251766204833984
0.21708413958549497
0.0006422607693821192
0.15799614787101743
0.2453436106443405
0.29993578791618347
0.30892741680145264
0.31213873624801636
0.32177263498306274
0.3378291726112366
0.3275529742240906
0.32947975397109985
0.31791907548904413
0.32498395442962646
0.3307642936706543
0.3314065635204315
0.33204880356788635
0.3185613453388214
0.3307642936706543
0.31791907548904413
0.32626846432685846
0.31149646639823914
0.31663456559181213
0.31920358538627625
0.32498395442962646
0.32947975397109985
0.34425175189971924
0.32626846432685846
0.3429672420024872
0.3455362915992737
0.35195890069007874
0.3635195791721344
0.36865767836570734
0.38985228538513184
0.38856774568557734
0.40269750356674194
0.4129736721515656
0.4187540113925934
0.42260757088661194
0.42903017997741694
0.43416827917099
0.44059088826179504
0.4418753981590271
0.43994861841201777
0.43159922957420344
0.4251766204833984
0.41811174154281616
0.3962748944759369
0.3917790651321411
0.38985228538513184
0.36994218826293945
0.3641618490219116
0.3429672420024872
0.35260117053985596
0.35773923993110657
0.3506743609905243
0.34938985109329224
0.35773923993110657
0.3590237498283386
0.36737313866615295
0.35773923993110657
0.3641618490219116
0.35003212094306946
0.35966601967811584
0.35517019033432007
0.35195890069007874
0.3558124601840973
0.3461785614490509
0.34232497215271
0.33975595235824585
0.34425175189971924
0.33911368250846863
0.3339755833148956
0.32626846432685846
0.32819524407386774
0.32434168457984924
0.3307642936706543
0.3211303651332855
0.3211303651332855
0.32177263498306274
0.3275529742240906
0.3256261944770813
0.3230571746826172
0.3307642936706543
0.3359023630619049
0.32626846432685846
0.3230571746826172
0.31663456559181213
0.31663456559181213
0.31984585523605347
0.31920358538627625
0.3204881250858307
0.31599229574203486
0.3102119565010071
0.31984585523605347
0.31791907548904413
0.31791907548904413
0.31406551599502563
0.31920358538627625
0.3590237498283386
0.3782915771007538
0.4129736721515656
0.4155427217483521
0.4643545150756836
0.5016056299209595
0.4977521002292633
0.4849068820476532
0.4566473960876465
0.4309569597244263
0.42903017997741694
0.37058445811271673
0.3314065635204315
0.3012202978134155
0.2780989110469818
0.2768144011497497
0.26140013337135315
0.2678227424621582
0.27103403210639954
0.2633269131183624
0.2626846432685852
0.27167630195617676
0.27617213129997253
0.4534361064434052
0.43288373947143555
0.7270391583442688
1.0
0.5401412844657898
0.242774561047554
0.1111111119389534
0.0
0.2023121416568756
