0.9511993527412415
0.6501240730285645
0.18320927023887637
0.03680728003382682
0.0
0.06162117421627045
0.0822994187474251
0.11373035609722136
0.11414392292499542
0.12861868739128113
0.1360628604888916
0.1327543407678604
0.14433416724205017
0.15177832543849945
0.16004963219165802
0.16708023846149445
0.15798179805278778
0.17245657742023468
0.16749379038810727
0.18320927023887637
0.19933830201625824
0.21588090062141416
0.2229114919900894
0.23573200404644007
0.2415219247341156
0.2506203353404999
0.26220017671585083
0.26633581519126887
0.2746071219444275
0.2609594762325287
0.26468154788017273
0.23325061798095703
0.23076923191547397
0.20347394049167636
0.20347394049167636
0.18775847554206848
0.17328371107578275
0.15012407302856445
0.14681555330753326
0.15674111247062683
0.14350703358650208
0.14598841965198517
0.13647642731666565
0.1472291201353073
0.15798179805278778
0.1633581519126892
0.1513647586107254
0.1712158769369125
0.1683209240436554
0.17907361686229703
0.17576509714126587
0.1770057827234268
0.180314302444458
0.16294458508491516
0.17245657742023468
0.16294458508491516
0.16004963219165802
0.16294458508491516
0.14474771916866302
0.15880893170833588
0.15343259274959564
0.15632754564285278
0.16129031777381897
0.1708023101091385
0.20223325490951535
0.22828784584999084
0.22828784584999084
0.2071960270404816
0.23738627135753632
0.23531845211982727
0.22497932612895963
0.17907361686229703
0.19644333422183993
0.14433416724205017
0.14185276627540588
0.125723734498024
0.11124896258115768
0.11166252940893172
0.11248966306447981
0.1207609623670578
0.11455748230218887
0.10008271038532256
0.12282878160476685
0.1087675765156746
0.12282878160476685
0.1406120806932449
0.3081058859825134
0.447890818119049
0.7493796348571777
1.0
0.5099255442619324
0.11373035609722136
0.038461539894342416
0.016956161707639694
0.0740281194448471
0.10339123010635376
0.12779156863689423
0.1327543407678604
0.13730356097221375
0.15177832543849945
0.14929693937301636
0.1559139788150787
0.16377171874046323
0.1794871836900711
0.180314302444458
0.18320927023887637
0.0
0.0
0.0
0.0
0.0
0.0
0.0
0.0
0.0
0.0
0.0
0.0
0.0
0.0
0.0
0.0
0.0
0.0
0.0
0.0
0.0
0.0
0.0
0.0
0.0
0.0
