0.8986820578575134
0.7701812386512755
0.37973639369010925
0.0
0.023064250126481056
0.07248764485120773
0.1532125174999237
0.23887974023818967
0.2537067532539368
0.22734761238098145
0.2619439959526062
0.26276770234107966
0.28336077928543085
0.28253707289695734
0.3023064136505127
0.3006589710712433
0.3212520480155945
0.304777592420578
0.28995057940483093
0.31466227769851685
0.29077428579330444
0.31383854150772095
0.3270181119441986
0.31219109892845154
0.2932454645633697
0.3064250349998474
0.3039538860321045
0.31383854150772095
0.2990115284919739
0.29406920075416565
0.23146623373031616
0.2331136763095856
0.25041186809539795
0.21169686317443848
0.20840197801589963
0.20345963537693024
0.2149917632341385
0.19934101402759552
0.18616144359111783
0.14909391105175018
0.1762767732143402
0.17710049450397491
0.1985172927379608
0.1886326223611832
0.20675453543663025
0.20675453543663025
0.23476111888885495
0.25453048944473267
0.22322899103164673
0.24711696803569796
0.22322899103164673
0.20593081414699557
0.24546952545642847
0.2429983466863632
0.23393739759922028
0.24958813190460205
0.24629324674606323
0.2191103845834732
0.2331136763095856
0.23393739759922028
0.23805601894855496
0.2421746253967285
0.2858319580554962
0.2520593106746673
0.2677100598812103
0.25123557448387146
0.27347612380981445
0.2817133367061615
0.25864908099174494
0.28912684321403503
0.2619439959526062
0.2792421877384186
0.26853376626968384
0.28995057940483093
0.2784184515476227
0.2998352646827698
0.3476111888885498
0.4192751348018646
0.39868202805519104
0.4546952247619629
0.5395387411117554
0.6317957043647766
0.561779260635376
0.4349258542060852
0.3698517382144928
0.29654034972190857
0.2858319580554962
0.2948929071426392
0.2570016384124756
0.2594728171825409
0.2677100598812103
0.2520593106746673
0.3088962137699127
0.29242175817489624
0.3105436563491821
0.26276770234107966
0.3278418481349945
0.43327841162681574
0.6606260538101196
1.0
0.8706754446029662
0.4802306294441223
0.09884678572416304
0.033772651106119156
0.1762767732143402
0.22817133367061612
0.28665569424629206
0.3187808990478516
0.3220757842063904
0.3056013286113739
0.311367392539978
0.3459637463092804
0.3492586612701416
0.35996705293655396
0.3789126873016357
0.37232288718223566
0.3912685215473175
0.39209225773811346
0.3492586612701416
0.0
0.0
0.0
0.0
0.0
0.0
0.0
0.0
0.0
0.0
0.0
0.0
0.0
