1.0
0.5107794404029846
0.1873963475227356
0.0
0.06965173780918121
0.12189054489135742
0.2363184094429016
0.28772804141044617
0.3316749632358551
0.33250415325164795
0.32421228289604187
0.3441127836704254
0.35655057430267334
0.35655057430267334
0.3590381443500519
0.3640132546424866
0.3665008246898651
0.39883914589881897
0.40878939628601074
0.39883914589881897
0.4004975259304047
0.41791045665740967
0.44112768769264227
0.47346600890159607
0.4560530781745911
0.45439469814300537
0.4917081296443939
0.48341625928878784
0.5074626803398132
0.5248756408691406
0.5265340209007263
0.5779436230659485
0.6152570247650145
0.5995025038719177
0.6202321648597717
0.6252073049545288
0.6517412662506104
0.6293532252311707
0.618573784828186
0.6036484241485596
0.5505804419517517
0.5215588808059692
0.4983416199684143
0.47512438893318176
0.4436152577400208
0.42039799690246576
0.40796020627021784
0.41293531656265253
0.402155876159668
0.3731343150138855
0.375621885061264
0.3764510750770569
0.3888888955116272
0.4004975259304047
0.3797678351402282
0.3822553753852844
0.367330014705658
0.3772802650928497
0.381426215171814
0.3665008246898651
0.3524046540260315
0.35820895433425903
0.35157546401023865
0.3665008246898651
0.3615257143974304
0.35323384404182434
0.3490878939628601
0.3499170839786529
0.3590381443500519
0.3557213842868805
0.4029850661754608
0.4170812666416168
0.4353233873844146
0.44941955804824824
0.48507463932037354
0.4809286892414093
0.5041459202766417
0.4917081296443939
0.45356550812721247
0.41459369659423834
0.36567163467407227
0.3706467747688293
0.32421228289604187
0.3208955228328705
0.3142620325088501
0.29933664202690125
0.2893863916397095
0.28358209133148193
0.3034825921058655
0.30099502205848694
0.2661691606044769
0.3034825921058655
0.3018242120742798
0.2943615317344665
0.3872305154800415
0.45356550812721247
0.5878938436508179
0.932835817337036
0.9693200588226318
0.3208955228328705
0.03731343150138855
0.04228855669498444
0.17993366718292236
0.2661691606044769
0.31343284249305725
0.31509122252464294
0.3474295139312744
0.3457711338996887
0.367330014705658
0.34825870394706726
0.3640132546424866
0.36235490441322327
0.3805970251560211
0.3739635050296784
0.4013266861438751
0.38557213544845587
0.40713101625442494
0.4121061265468597
0.0
0.0
0.0
0.0
0.0
0.0
0.0
0.0
0.0
0.0
0.0
0.0
0.0
0.0
