1.0
0.4354663789272308
0.0
0.08568329364061356
0.1268980503082275
0.12255965173244476
0.1339479386806488
0.10466377437114716
0.12147505581378935
0.12039045244455336
0.11767895519733428
0.1529284119606018
0.10140997916460036
0.1160520613193512
0.11930585652589797
0.08947939425706862
0.15835140645503995
0.13069413602352142
0.1366594433784485
0.1523861140012741
0.1149674654006958
0.15726681053638458
0.14425162971019745
0.198481559753418
0.21800433099269864
0.190889373421669
0.2521691918373108
0.2489154040813446
0.28091105818748474
0.29989153146743774
0.2543383836746216
0.31832972168922424
0.31616052985191345
0.31507593393325806
0.30206072330474854
0.2651843726634979
0.26247289776802063
0.23373101651668549
0.20607374608516693
0.19143167138099673
0.16540129482746124
0.19902385771274567
0.1545553207397461
0.1529284119606018
0.1561822146177292
0.13015183806419373
0.20227766036987305
0.11930585652589797
0.14262473583221436
0.16323210299015045
0.11334056407213212
0.14642082154750824
0.10845986753702164
0.12255965173244476
0.16648590564727783
0.14099782705307007
0.14913232624530792
0.11062906682491302
0.10629067569971085
0.13828633725643155
0.13882863521575928
0.1724511981010437
0.1805856823921204
0.21475054323673248
0.2575922012329101
0.2120390385389328
0.2684381902217865
0.20010845363140103
0.190889373421669
0.24620389938354487
0.13774403929710388
0.14913232624530792
0.08242949843406677
0.11225596815347672
0.11930585652589797
0.10737527161836624
0.12906724214553833
0.10737527161836624
0.1361171305179596
0.11984815448522568
0.04826464131474495
0.16540129482746124
0.5184381604194641
0.9495661854743955
0.8709327578544616
0.20607374608516693
0.08026030659675598
0.10140997916460036
0.17895878851413727
0.18004338443279266
0.15780910849571228
0.19360086321830747
0.14587852358818054
0.16377440094947815
0.17950108647346497
0.13937093317508695
0.1963123679161072
0.13720174133777618
0.18221257627010343
0.17950108647346497
0.17787419259548187
0.2087852507829666
0.0
0.0
0.0
0.0
0.0
0.0
0.0
0.0
0.0
0.0
0.0
0.0
0.0
0.0
0.0
0.0
0.0
0.0
0.0
0.0
0.0
0.0
0.0
0.0
0.0
0.0
0.0
0.0
0.0
0.0
