1.0
0.6384285092353821
0.3050951361656189
0.0
0.09023941308259967
0.23695518076419833
0.22590546309947968
0.22958870232105252
0.23143032193183896
0.23634131252765653
0.24493554234504697
0.22958870232105252
0.2504604160785675
0.23634131252765653
0.26826274394989014
0.2627378702163696
0.2639656364917755
0.2891344428062439
0.28176796436309814
0.29097604751586914
0.30018416047096247
0.30877840518951416
0.3222835958003998
0.3247390985488892
0.3431553244590759
0.36771026253700256
0.3873541951179504
0.4205033779144287
0.44874155521392817
0.48557397723197937
0.4794352352619171
0.4929404556751251
0.5027624368667603
0.5046040415763855
0.5064456462860107
0.4953959584236145
0.48680171370506287
0.4579496681690216
0.43339473009109497
0.43032535910606384
0.39165133237838745
0.3701657354831696
0.3603437542915344
0.3406998217105865
0.3413136899471283
0.33578881621360773
0.3400859534740448
0.32842233777046204
0.3290362060070038
0.32842233777046204
0.3376304507255554
0.3382443189620972
0.33885818719863886
0.3382443189620972
0.34561079740524286
0.3548189103603363
0.3376304507255554
0.3449969291687012
0.3382443189620972
0.3449969291687012
0.33517494797706604
0.3314917087554932
0.3376304507255554
0.33394721150398254
0.32719460129737854
0.33026397228240967
0.32044199109077454
0.3173726201057434
0.3026396632194519
0.32166972756385803
0.3020257949829101
0.30816450715065
0.30816450715065
0.2952731847763061
0.3026396632194519
0.301411896944046
0.3118477463722229
0.31675875186920166
0.3241252303123474
0.35543277859687805
0.35604664683341974
0.3634131252765656
0.39103743433952326
0.40454265475273127
0.41682013869285583
0.43339473009109497
0.435850203037262
0.40454265475273127
0.3505218029022217
0.3093922734260559
0.2744014859199524
0.2492326647043228
0.2565991282463074
0.251688152551651
0.2596684992313385
0.2504604160785675
0.24861878156661987
0.2492326647043228
0.24861878156661987
0.2553713917732239
0.21424186229705808
0.22651933133602145
0.36955186724662786
0.4923265874385834
0.8311848044395447
0.9453652501106262
0.4923265874385834
0.20073664188385007
0.004297114908695221
0.15285451710224152
0.23941068351268768
0.23695518076419833
0.24493554234504697
0.22529159486293793
0.22283609211444852
0.2357274442911148
0.2461632937192917
0.2572130262851715
0.2547575235366821
0.258440762758255
0.26028236746788025
0.2756292223930359
0.28176796436309814
0.28729280829429626
0.2940454185009002
0.3093922734260559
0.0
0.0
0.0
0.0
0.0
0.0
