1.0
0.9541984796524048
0.8687022924423218
0.8030534386634826
0.6992366313934326
0.561832070350647
0.4167938828468322
0.35419848561286926
0.28549617528915405
0.2290076315402985
0.17709924280643463
0.13740457594394684
0.16183206439018247
0.08396946638822556
0.1389313042163849
0.1969465613365173
0.1389313042163849
0.15114504098892212
0.1587786227464676
0.18625953793525693
0.187786266207695
0.1480915993452072
0.23664122819900513
0.20152671635150907
0.23206107318401337
0.18015266954898837
0.16183206439018247
0.14961832761764526
0.1450381726026535
0.13740457594394684
0.1480915993452072
0.07022900879383087
0.09923664480447768
0.08244274556636809
0.15419846773147583
0.25190839171409607
0.24580152332782745
0.31908395886421204
0.3145038187503814
0.35267174243927
0.357251912355423
0.4824427366256714
0.5389313101768494
0.572519063949585
0.6458015441894531
0.598473310470581
0.6458015441894531
0.43816792964935297
0.2778626084327698
0.1786259561777115
0.1969465613365173
0.17099235951900482
0.12061068415641785
0.09312976896762849
0.0
0.0213740449398756
0.0
0.0
0.0
0.0
0.0
0.0
0.0
0.0
0.0
0.0
0.0
0.0
0.0
0.0
0.0
0.0
0.0
0.0
0.0
0.0
0.0
0.0
0.0
0.0
0.0
0.0
0.0
0.0
0.0
0.0
0.0
0.0
0.0
0.0
0.0
0.0
0.0
0.0
0.0
0.0
0.0
0.0
0.0
0.0
0.0
0.0
0.0
0.0
0.0
0.0
0.0
0.0
0.0
0.0
0.0
0.0
0.0
0.0
0.0
0.0
0.0
0.0
0.0
0.0
0.0
0.0
0.0
0.0
0.0
0.0
0.0
0.0
0.0
0.0
0.0
0.0
