0.959191620349884
0.46677032113075256
0.0847259983420372
0.02487368881702423
0.0
0.021375825628638268
0.05285658687353134
0.0668480396270752
0.05829770863056183
0.08083948493003845
0.07539837062358856
0.07967353612184525
0.09172172844409943
0.09133307635784148
0.09405363351106644
0.09871745109558104
0.10532452166080473
0.10804508626461028
0.11581811308860777
0.12631170451641083
0.1426350623369217
0.15662650763988495
0.171783909201622
0.18460939824581143
0.2102603912353516
0.23902060091495517
0.26389428973197937
0.2852701246738434
0.3144189715385437
0.3330742418766022
0.3408472537994385
0.34745433926582336
0.33734938502311707
0.3198600709438324
0.2798289954662323
0.23824329674243927
0.20559658110141757
0.16634279489517212
0.14185775816440582
0.1294209063053131
0.1228138357400894
0.12320248782634736
0.11076564341783524
0.11465215682983398
0.10804508626461028
0.10687913000583649
0.10532452166080473
0.09949475526809692
0.09871745109558104
0.10882238298654556
0.1103769913315773
0.11581811308860777
0.11465215682983398
0.11620676517486572
0.12397979199886322
0.1282549500465393
0.12747764587402344
0.1395258456468582
0.140691801905632
0.1426350623369217
0.1364166289567947
0.13563932478427887
0.13330742716789243
0.1371939331293106
0.1294209063053131
0.12203653156757353
0.12980955839157104
0.1282549500465393
0.12553440034389496
0.11970462650060652
0.1216478794813156
0.1193159744143486
0.1539059430360794
0.17644771933555603
0.19898951053619385
0.19937816262245175
0.19160513579845428
0.19704625010490415
0.1908278316259384
0.18694131076335904
0.15973572432994843
0.16012436151504517
0.13330742716789243
0.10338126868009569
0.09832879900932312
0.09133307635784148
0.09794014692306519
0.09444228559732436
0.08744656294584274
0.09288767725229265
0.0870579108595848
0.09755149483680724
0.09871745109558104
0.09832879900932312
0.15351729094982147
0.38010105490684504
0.606296181678772
0.911776125431061
1.0
0.458219975233078
0.13058686256408691
0.0501360297203064
0.06257287412881851
0.07734162360429764
0.09794014692306519
0.1204819306731224
0.11659541726112364
0.116984061896801
0.1181500181555748
0.11232025176286696
0.12903225421905515
0.11504080891609192
0.12475709617137908
0.1336960792541504
0.12670035660266876
0.13291877508163452
0.0
0.0
0.0
0.0
0.0
0.0
0.0
0.0
0.0
0.0
0.0
0.0
0.0
0.0
0.0
0.0
