1.0
0.7316791415214537
0.6260819435119629
0.27870744466781616
0.2412002235651016
0.1996537744998932
0.1927293688058853
0.16503173112869263
0.14772070944309235
0.16099250316619873
0.14887478947639465
0.18234275281429288
0.17426428198814392
0.18695902824401853
0.15522216260433197
0.13214080035686493
0.15926139056682587
0.1627236008644104
0.17888055741786957
0.18984420597553253
0.2071552276611328
0.20657819509506223
0.2129255682229996
0.23716099560260767
0.24581649899482727
0.2677437961101532
0.2717830240726471
0.28909406065940857
0.32717829942703247
0.3029428720474243
0.2440854012966156
0.2677437961101532
0.2365839630365372
0.2071552276611328
0.13848817348480225
0.11252164095640182
0.09405654668807983
0.08309290558099745
0.08078476786613464
0.06347374618053436
0.05943450704216957
0.061742641031742096
0.06347374618053436
0.07212925702333449
0.04962492734193802
0.055972304195165634
0.0854010358452797
0.0825158655643463
0.07789959758520126
0.09867282211780547
0.10848239809274672
0.06924408674240112
0.110213503241539
0.09867282211780547
0.10040392726659773
0.11079053580760956
0.06520484387874603
0.08193883299827574
0.09290248155593872
0.12637045979499817
0.08713214099407197
0.07386035472154617
0.08078476786613464
0.08886324614286423
0.09636468440294264
0.06520484387874603
0.09636468440294264
0.06347374618053436
0.07847663015127182
0.0998268872499466
0.08770917356014252
0.06866705417633057
0.05193306505680084
0.07039815187454224
0.07674552500247955
0.08944027870893478
0.08713214099407197
0.08366993814706801
0.06116560846567154
0.06578188389539719
0.039815347641706474
0.05654933676123619
0.08078476786613464
0.02942873537540436
0.06405077874660492
0.061742641031742096
0.05366416648030281
0.03693017736077309
0.0628967136144638
0.04731679335236549
0.05481823533773422
0.0380842462182045
0.06405077874660492
0.06462781131267548
0.061742641031742096
0.04500865563750267
0.07847663015127182
0.019619157537817955
0.050201963633298874
0.04096941649913788
0.04731679335236549
0.0669359490275383
0.0
0.021350258961319923
0.05077899619936943
0.07847663015127182
0.08944027870893478
0.09636468440294264
0.11886901408433914
0.13848817348480225
0.07155222445726395
0.07328332215547562
0.09867282211780547
0.11079053580760956
0.0
0.0
0.0
0.0
0.0
0.0
0.0
0.0
0.0
0.0
0.0
0.0
0.0
0.0
0.0
0.0
0.0
0.0
