0.9458128213882446
0.9441707730293274
0.9901477694511411
1.0
0.7019704580307007
0.37027913331985474
0.2824302017688751
0.2068965584039688
0.2019704431295395
0.23399014770984647
0.18965516984462735
0.10426929593086243
0.10673234611749648
0.11740558594465256
0.11001642048358916
0.1116584539413452
0.10509031265974043
0.12151066958904266
0.10509031265974043
0.08620689809322357
0.10262725502252577
0.08456485718488693
0.07799671590328217
0.08949097245931625
0.08538588136434555
0.07635468244552611
0.06403940916061401
0.06896551698446274
0.07389162480831146
0.07060755044221878
0.06403940916061401
0.02545155957341194
0.022988505661487576
0.011494252830743788
0.0
0.0016420361353084445
0.021346470341086388
0.03284072130918503
0.04515599459409714
0.05829228088259697
0.08292282372713089
0.08702791482210158
0.08210180699825287
0.10591132938861846
0.11001642048358916
0.08374384045600891
0.08949097245931625
0.10098522156476974
0.08620689809322357
0.09031198918819427
0.08620689809322357
0.08210180699825287
0.07881773263216017
0.08784893155097961
0.07963874936103821
0.08702791482210158
0.07224959135055542
0.06239737197756767
0.06650245934724808
0.08784893155097961
0.13300491869449615
0.13957306742668152
0.15188834071159363
0.1354679763317108
0.13628900051116943
0.2290640324354172
0.2233169078826904
0.21674877405166623
0.1707717627286911
0.16174055635929108
0.13875205814838407
0.06978653371334076
0.08620689809322357
0.06896551698446274
0.09852216392755507
0.0993431881070137
0.08538588136434555
0.0993431881070137
0.08702791482210158
0.12889984250068665
0.16091954708099365
0.4105090200901032
0.6806239485740662
0.6732348203659058
0.8711001873016356
0.9441707730293274
0.9581280946731568
0.9835796356201171
0.7126436829566956
0.3801313638687134
0.2495894879102707
0.13793103396892548
0.2380952388048172
0.20279146730899808
0.18390804529190063
0.1190476194024086
0.09688013046979904
0.12561576068401337
0.0
0.0
0.0
0.0
0.0
0.0
0.0
0.0
0.0
0.0
0.0
0.0
0.0
0.0
0.0
0.0
0.0
0.0
0.0
0.0
0.0
0.0
0.0
0.0
0.0
0.0
0.0
0.0
0.0
0.0
0.0
0.0
0.0
0.0
