0.9696673154830932
0.8091976642608641
0.5420743823051453
0.38747555017471313
0.3243640065193176
0.284246563911438
0.26516634225845337
0.25293540954589844
0.28033268451690674
0.27299413084983826
0.2656555771827698
0.26516634225845337
0.26223093271255493
0.26712328195571894
0.26027396321296686
0.26320940256118774
0.2578277885913849
0.25244617462158203
0.26516634225845337
0.25293540954589844
0.2519569396972656
0.23679061233997345
0.2226027399301529
0.22602739930152893
0.20547945797443387
0.19422701001167297
0.1785714328289032
0.14872798323631287
0.13160470128059387
0.10371819883584976
0.06555773317813873
0.05136986449360848
0.020547945052385327
0.022994128987193108
0.0
0.025440312922000885
0.04794520512223244
0.06898238509893417
0.11545988172292708
0.1433463841676712
0.15068493783473969
0.18639922142028809
0.19275929033756256
0.22162427008152008
0.232876718044281
0.2470645755529404
0.2573385536670685
0.2578277885913849
0.2783757448196411
0.2847357988357544
0.31751468777656555
0.3488258421421051
0.35665363073349
0.37720155715942383
0.3997064530849457
0.39872798323631287
0.41634050011634827
0.3595890402793884
0.41927593946456904
0.36741682887077326
0.37035223841667175
0.3576321005821228
0.30675145983695984
0.3126223087310791
0.31604695320129395
0.3140900135040283
0.32681018114089966
0.26663404703140253
0.29011741280555725
0.30724069476127625
0.6956947445869446
1.0
0.8199608325958253
0.645792543888092
0.4305283725261688
0.37230920791625977
0.3287671208381653
0.30283758044242853
0.30332681536674494
0.2876712381839752
0.2832680940628052
0.28864970803260803
0.28962817788124084
0.30968689918518066
0.3047945201396942
0.29696673154830927
0.29109588265419006
0.29696673154830927
0.3023483455181122
0.29598826169967646
0.3018591105937958
0.29843443632125854
0.2754403054714203
0.2950097918510437
0.2764187753200531
0.2568493187427521
0.2485322952270508
0.2137964814901352
0.2040117383003235
0.1707436442375183
0.14823874831199646
0.1247553825378418
0.11203522235155104
0.12671232223510742
0.11350293457508089
0.13111546635627747
0.16829745471477509
0.1790606677532196
0.22015655040740967
0.2221135050058365
0.24412915110588077
0.26174169778823847
0.2509784698486328
0.28180038928985596
0.2847357988357544
0.29158511757850647
0.30136987566947937
0.30039137601852417
0.31604695320129395
0.3189823925495148
0.3189823925495148
0.320450097322464
0.31751468777656555
0.341976523399353
0.32681018114089966
0.3356164395809173
0.3400195837020874
0.3356164395809173
0.35322895646095276
0.3458904027938843
0.35665363073349
0.3488258421421051
