1.0
0.5743221044540405
0.1421104222536087
0.10584776103496552
0.06925841420888901
0.042143091559410095
0.02254165336489677
0.025808559730648994
0.027768703177571297
0.014701077714562416
0.018948055803775787
0.0
0.013067624531686306
0.01764129288494587
0.014374387450516224
0.018948055803775787
0.009800719097256659
0.02090819925069809
0.01764129288494587
0.01666122116148472
0.02384841628372669
0.019274746999144558
0.03332244232296944
0.01960143819451332
0.01600784063339233
0.02090819925069809
0.015027768909931183
0.03430251404643059
0.021561581641435623
0.018948055803775787
0.019928127527236935
0.02090819925069809
0.035609278827905655
0.04606337845325469
0.04900359362363815
0.05227049812674522
0.045409996062517166
0.055210717022418976
0.04475661367177963
0.05063704773783684
0.05292388051748276
0.03985625505447388
0.06435805559158325
0.04573668912053108
0.057497549802064896
0.06566481292247772
0.062071219086647034
0.06566481292247772
0.06076445430517197
0.05684416741132736
0.06664488464593887
0.05292388051748276
0.06403136253356934
0.06795164942741394
0.05129042640328407
0.04965697601437569
0.04573668912053108
0.06370466947555542
0.03626265749335289
0.04508330672979354
0.05357726290822029
0.032342370599508286
0.05553740635514259
0.04475661367177963
0.03724273294210433
0.048676904290914536
0.03364913538098335
0.045409996062517166
0.04018294811248779
0.03756942227482796
0.05259719118475913
0.03593596816062927
0.053250569850206375
0.055210717022418976
0.05553740635514259
0.06011107563972473
0.054230645298957825
0.058804310858249664
0.07350538671016693
0.08167265355587004
0.07775236666202545
0.05488402396440505
0.05619078874588013
0.048023521900177
0.04835021123290061
0.05031035467982292
0.028095394372940063
0.030055537819862366
0.02319503389298916
0.021234890446066856
0.023521725088357925
0.01764129288494587
0.034629207104444504
0.02450179681181908
0.010127409361302853
0.010454099625349045
0.1558314263820648
0.40999674797058105
0.7056517601013184
0.900032639503479
0.8948056101799011
0.3701404631137848
0.12087552994489668
0.08885984867811203
0.05717086046934128
0.04181639850139618
0.025481868535280228
0.02319503389298916
0.0163345318287611
0.014374387450516224
0.0163345318287611
0.007187193725258112
0.025481868535280228
0.018948055803775787
0.0163345318287611
0.027115322649478912
0.02450179681181908
0.03756942227482796
0.027115322649478912
0.029402155429124832
0.04246978089213371
0.0
0.0
0.0
0.0
0.0
0.0
0.0
0.0
0.0
0.0
0.0
