0.9919499158859253
0.9982110857963562
0.683363139629364
0.3524150252342224
0.22182469069957733
0.1744185984134674
0.2119856923818588
0.19946332275867465
0.1753130555152893
0.11449015885591506
0.09391771256923677
0.08407871425151825
0.06797853112220764
0.08228980004787445
0.08676207810640335
0.11449015885591506
0.08676207810640335
0.07245080173015593
0.09123434871435165
0.10554561764001846
0.07334525883197784
0.06976744532585144
0.08139535039663315
0.07871198654174803
0.06529516726732254
0.042933810502290726
0.03756708279252052
0.03130590170621872
0.0
0.0017889087321236727
0.014311269856989384
0.0035778174642473455
0.006261180620640516
0.013416815549135208
0.01610017940402031
0.03398926556110382
0.04203935712575912
0.07692307978868483
0.09660107642412184
0.10733452439308167
0.12164579331874847
0.1484794318675995
0.12880143523216248
0.12790697813034055
0.10465116053819656
0.10822898149490356
0.12254025042057036
0.09302325546741484
0.09033989161252975
0.11270125210285185
0.08586762100458145
0.10286225378513336
0.06082289665937424
0.08050089329481123
0.06976744532585144
0.05813953652977944
0.07334525883197784
0.09660107642412184
0.1601073294878006
0.13774597644805908
0.09660107642412184
0.13774597644805908
0.20572450757026672
0.21735242009162903
0.1663685142993927
0.1466905176639557
0.14221824705600739
0.08586762100458145
0.07871198654174803
0.07423971593379974
0.061717353761196136
0.06440071761608124
0.04472272098064423
0.06797853112220764
0.045617174357175834
0.05008944496512413
0.14221824705600739
0.26744186878204346
0.6395348906517029
0.7504472136497498
0.7826476097106932
0.9776386618614196
0.9463327527046205
1.0
0.8837209343910217
0.6082289814949036
0.3336314857006073
0.26118066906929016
0.2155635058879852
0.21109123528003687
0.22987477481365204
0.1654740571975708
0.12790697813034055
0.09302325546741484
0.10375671088695526
0.11985688656568529
0.11538461595773696
0.11627907305955885
0.10286225378513336
0.13148479163646698
0.0
0.0
0.0
0.0
0.0
0.0
0.0
0.0
0.0
0.0
0.0
0.0
0.0
0.0
0.0
0.0
0.0
0.0
0.0
0.0
0.0
0.0
0.0
0.0
0.0
0.0
0.0
0.0
0.0
0.0
0.0
0.0
