1.0
0.3254376947879791
0.11534500867128372
0.0
0.19464468955993647
0.3027806282043457
0.33367663621902466
0.3789907395839691
0.3408856987953186
0.3480947613716125
0.3800205886363983
0.39649844169616694
0.4170957803726196
0.40576726198196406
0.4088568389415741
0.45108136534690857
0.4624098837375641
0.5005149245262146
0.469618946313858
0.4830072224140167
0.5314109325408936
0.5540679693222046
0.6127703189849854
0.5952625870704651
0.626158595085144
0.6879505515098572
0.7394438982009887
0.8053553104400634
0.8146240711212158
0.83934086561203
0.8877446055412291
0.9062821865081789
0.9052523374557496
0.8311019539833069
0.7518022656440736
0.686920702457428
0.6251287460327148
0.572605550289154
0.4747682809829712
0.44799175858497614
0.4418125748634338
0.423274964094162
0.44696190953254694
0.4109165668487549
0.4109165668487549
0.41194644570350647
0.4212152361869812
0.44593203067779535
0.40061792731285095
0.40473738312721247
0.41297632455825806
0.40164777636528015
0.4212152361869812
0.39340886473655695
0.39031925797462463
0.39958804845809937
0.3975283205509186
0.4170957803726196
0.3923789858818054
0.38414007425308233
0.4109165668487549
0.44799175858497614
0.49227601289749146
0.5345005393028259
0.549948513507843
0.5756951570510864
0.5623068809509277
0.49845519661903376
0.4325437545776367
0.4418125748634338
0.41297632455825806
0.3923789858818054
0.40164777636528015
0.36148300766944885
0.3717816770076752
0.3583934009075165
0.38311019539833063
0.39443871378898626
0.3707517981529236
0.3038105070590973
0.0
0.0
0.0
0.0
0.0
0.0
0.0
0.0
0.0
0.0
0.0
0.0
0.0
0.0
0.0
0.0
0.0
0.0
0.0
0.0
0.0
0.0
0.0
0.0
0.0
0.0
0.0
0.0
0.0
0.0
0.0
0.0
0.0
0.0
0.0
0.0
0.0
0.0
0.0
0.0
0.0
0.0
0.0
0.0
0.0
0.0
0.0
0.0
0.0
0.0
0.0
0.0
