1.0
0.795693278312683
0.5955882072448729
0.32300421595573425
0.14180672168731687
0.10294117778539656
0.12237394601106644
0.10661764442920683
0.07983193546533585
0.08981092274188995
0.10871848464012146
0.09191176295280457
0.09873949736356737
0.10609243810176848
0.12184873968362808
0.10609243810176848
0.09243697673082352
0.14128151535987854
0.1260504275560379
0.14338235557079315
0.1428571492433548
0.16123948991298676
0.19800420105457303
0.1785714328289032
0.22111344337463376
0.23266807198524475
0.25262606143951416
0.29201680421829224
0.30409663915634155
0.34086135029792786
0.3350840210914612
0.3571428656578064
0.3571428656578064
0.36922270059585566
0.3923319280147552
0.3702731132507324
0.34768906235694885
0.36029410362243647
0.3046218454837799
0.29201680421829224
0.2610294222831726
0.21691176295280457
0.20325630903244016
0.14075630903244019
0.17121848464012146
0.13130252063274384
0.13707983493804932
0.13655462861061096
0.1181722655892372
0.10451680421829224
0.14128151535987854
0.10451680421829224
0.12657563388347623
0.11239495873451232
0.13130252063274384
0.12815126776695251
0.11134453862905502
0.11449579894542694
0.12027310580015182
0.10294117778539656
0.09978991746902464
0.09663865715265274
0.11974789947271348
0.100315123796463
0.10609243810176848
0.1160714253783226
0.09401260316371916
0.10346638411283492
0.08718487620353697
0.08665966242551804
0.08035714179277421
0.09033613651990889
0.10609243810176848
0.09191176295280457
0.1160714253783226
0.09191176295280457
0.10871848464012146
0.13445378839969635
0.10609243810176848
0.14075630903244019
0.14180672168731687
0.15703780949115753
0.19275210797786713
0.2142857164144516
0.200630247592926
0.1906512677669525
0.15441176295280457
0.125
0.08718487620353697
0.06827731430530548
0.06144957989454269
0.03939075767993927
0.05304621905088425
0.06144957989454269
0.05304621905088425
0.07563025504350662
0.029411764815449715
0.0724789947271347
0.03728991746902466
0.013130252249538898
0.0
0.05094537883996964
0.14128151535987854
0.5336134433746338
0.9973739385604857
0.7636554837226868
0.5656512379646301
0.26838234066963196
0.11029411852359772
0.11974789947271348
0.1092436984181404
0.08455882221460342
0.11081932485103609
0.09243697673082352
0.09978991746902464
0.09978991746902464
0.11239495873451232
0.13077731430530548
0.15493696928024292
0.1181722655892372
0.15546219050884247
0.14600840210914612
0.1328781545162201
0.14443276822566986
0.0
0.0
0.0
0.0
0.0
0.0
0.0
0.0
