0.9765411615371704
0.6382978558540344
0.36388432979583746
0.220403715968132
0.15930169820785522
0.06819421797990799
0.0
0.01854882761836052
0.006001091096550225
0.020731041207909584
0.03218767046928406
0.02618657983839512
0.0458265133202076
0.0387343168258667
0.0540098212659359
0.04200763627886772
0.04637206718325615
0.04909983649849892
0.05564648285508156
0.0856519341468811
0.09438079595565795
0.10256410390138626
0.14129841327667236
0.14457173645496368
0.17184942960739136
0.18930715322494504
0.2040371000766754
0.241680309176445
0.22585923969745636
0.22967812418937683
0.21003818511962888
0.20567375421524048
0.21713039278984067
0.18548826873302457
0.18712493777275083
0.15875613689422607
0.1642116755247116
0.1407528668642044
0.13747954368591309
0.12002182006835936
0.13747954368591309
0.12384069710969924
0.1533005982637405
0.14238952100276947
0.1549372673034668
0.14620840549468994
0.1560283750295639
0.14293508231639862
0.1385706514120102
0.15111838281154633
0.1500272750854492
0.14020730555057523
0.13966175913810727
0.11565738916397093
0.10692853480577467
0.11074741184711456
0.11238407343626022
0.13747954368591309
0.11674849689006804
0.11947626620531082
0.1091107502579689
0.09274413436651228
0.10529187321662901
0.0856519341468811
0.08019640296697617
0.06710311025381088
0.09710856527090073
0.10038188844919203
0.09110747277736665
0.09438079595565795
0.08292416483163834
0.08619748800992964
0.1091107502579689
0.09547190368175505
0.11347517371177672
0.13202400505542755
0.1325695514678955
0.1620294600725174
0.13038733601570127
0.15220949053764343
0.169121652841568
0.1369339823722839
0.15766502916812897
0.14020730555057523
0.14948172867298126
0.13638843595981595
0.10474631935358047
0.09438079595565795
0.07255864888429642
0.0469176210463047
0.028914347290992737
0.016366612166166306
0.027823241427540776
0.03436988592147827
0.03436988592147827
0.04309874400496482
0.055100928992033005
0.05019094422459602
0.04800872877240181
0.09819967299699783
0.2962356805801392
0.74086195230484
1.0
0.6846699118614197
0.4178941547870636
0.27004909515380854
0.17348608374595642
0.13911619782447815
0.04964539036154747
0.05673758685588837
0.03218767046928406
0.043644297868013375
0.07146754115819931
0.06655755639076233
0.059465356171131134
0.05673758685588837
0.07528641819953918
0.09110747277736665
0.07692307978868483
0.09110747277736665
0.09874522686004639
0.1162029430270195
0.0
0.0
0.0
0.0
0.0
0.0
0.0
0.0
0.0
0.0
