1.0
0.8183894753456116
0.4877212941646576
0.4397487044334412
0.3934894204139709
0.3637921214103698
0.2775556743144989
0.2975442707538605
0.24957166612148285
0.23358081281185153
0.312392920255661
0.26042261719703674
0.2569960057735443
0.28783550858497614
0.2529982924461365
0.29297545552253723
0.2849799990653992
0.2415762394666672
0.267846941947937
0.26499143242836
0.296973168849945
0.2975442707538605
0.27013134956359863
0.27298685908317566
0.2461450546979904
0.3192461431026459
0.2769845724105835
0.2906910479068756
0.2450028508901596
0.2438606470823288
0.25071388483047485
0.30211308598518366
0.242718443274498
0.23814962804317477
0.20902341604232788
0.20559680461883545
0.23358081281185153
0.23986293375492093
0.2153055369853973
0.2552827000617981
0.28383779525756836
0.25870931148529047
0.27013134956359863
0.2324386090040207
0.2804111838340759
0.3118218183517456
0.296973168849945
0.2638492286205292
0.24785836040973663
0.2804111838340759
0.25185608863830566
0.245573952794075
0.2792689800262451
0.220445454120636
0.21587663888931277
0.28155338764190674
0.252427190542221
0.2472872585058212
0.2181610465049744
0.2552827000617981
0.24957166612148285
0.23415191471576688
0.22729869186878204
0.21758994460105896
0.25128498673439026
0.27355796098709106
0.2461450546979904
0.26156482100486755
0.267846941947937
0.2238720804452896
0.27070245146751404
0.21987435221672055
0.2541404962539673
0.23358081281185153
0.2529982924461365
0.2472872585058212
0.24328954517841336
0.24842946231365204
0.25756710767745966
0.27070245146751404
0.2747001647949219
0.25870931148529047
0.2781267762184143
0.27013134956359863
0.25756710767745966
0.2866933047771454
0.25756710767745966
0.3015419840812683
0.29583096504211426
0.3066819012165069
0.3695031404495239
0.32895487546920776
0.39463162422180176
0.3329525887966156
0.3420902192592621
0.3580811023712158
0.27127355337142944
0.28098228573799133
0.23986293375492093
0.27013134956359863
0.27184465527534485
0.224443182349205
0.25071388483047485
0.2221587598323822
0.2684180438518524
0.2444317489862442
0.04911478981375694
0.0
0.4186179339885712
0.9525985121726989
0.9326099157333374
0.48486578464508057
0.4563106894493103
0.44603082537651056
0.3746430575847626
0.32552826404571533
0.2450028508901596
0.2752712666988373
0.2552827000617981
0.29583096504211426
0.3129640221595764
0.27412906289100647
0.2792689800262451
0.30496859550476074
0.3192461431026459
0.33238148689270014
0.26156482100486755
0.29583096504211426
0.2998286783695221
0.3118218183517456
0.0
0.0
