0.9817404747009277
0.5777000784873961
0.2136752158403397
0.0077700079418718815
0.0
0.08197358250617982
0.14374513924121857
0.15656565129756927
0.17754468321800232
0.1759906709194183
0.18842269480228424
0.20357421040534973
0.2031857073307037
0.20901320874691007
0.20396269857883453
0.2210567146539688
0.2245532274246216
0.2257187217473984
0.22960372269153595
0.2187257260084152
0.23387722671031952
0.2478632479906082
0.24436675012111664
0.2645687758922577
0.2575757503509521
0.27039626240730286
0.2921522855758667
0.29759129881858826
0.3209013342857361
0.3201243281364441
0.3578088581562042
0.37956488132476807
0.4013209044933319
0.42851594090461725
0.440559446811676
0.46581196784973133
0.46542346477508545
0.45959594845771784
0.46620047092437744
0.4386169314384461
0.4312354326248169
0.3908313810825348
0.35392385721206665
0.3205128312110901
0.279720276594162
0.26068377494812006
0.23154623806476596
0.21095570921897888
0.21056720614433289
0.1934731900691986
0.19891220331192017
0.20046620070934293
0.19735819101333615
0.20435120165348047
0.19114218652248385
0.20784771442413327
0.2059051990509033
0.20901320874691007
0.219502717256546
0.20784771442413327
0.2210567146539688
0.20901320874691007
0.20512820780277247
0.2097902148962021
0.19036519527435303
0.2031857073307037
0.20512820780277247
0.19153068959712985
0.19774669408798215
0.18609169125556943
0.19735819101333615
0.18686868250370023
0.18686868250370023
0.19774669408798215
0.17754468321800232
0.18997669219970703
0.18492618203163144
0.18842269480228424
0.18803419172763824
0.18026417493820193
0.18648017942905423
0.18881118297576904
0.18337218463420868
0.19075368344783783
0.1752136796712875
0.18570318818092343
0.1923076957464218
0.18842269480228424
0.1919191926717758
0.18337218463420868
0.1926961988210678
0.18958818912506104
0.19114218652248385
0.1934731900691986
0.18298368155956268
0.19463869929313657
0.18492618203163144
0.18298368155956268
0.18609169125556943
0.17132867872714996
0.17676767706871033
0.1790986806154251
0.17560218274593353
0.1798756867647171
0.1651126593351364
0.17327117919921875
0.1752136796712875
0.17793317139148712
0.18764568865299225
0.17055167257785797
0.1787101775407791
0.1682206690311432
0.17443667352199554
0.1752136796712875
0.16938616335391998
0.1818181872367859
0.17754468321800232
0.17715618014335632
0.1790986806154251
0.17288267612457275
0.18065267801284793
0.1818181872367859
0.1825951784849167
0.18803419172763824
0.17404817044734955
0.18531468510627744
0.17327117919921875
0.1666666716337204
0.1662781685590744
0.14840714633464813
0.15306915342807767
0.15734265744686127
