1.0
0.5542168617248535
0.19457831978797913
0.38554215431213373
0.47048193216323847
0.35542169213294983
0.3108433783054352
0.27891567349433893
0.30240964889526367
0.24337349832057953
0.26325300335884094
0.2680722773075104
0.2813253104686737
0.30060240626335144
0.2837349474430084
0.29216867685318
0.2584337294101715
0.29156625270843506
0.28072288632392883
0.2554216980934143
0.287951797246933
0.23313252627849576
0.2012048214673996
0.2162650674581528
0.18795180320739743
0.16385541856288907
0.15120482444763184
0.09457831084728241
0.06265060603618622
0.05783132463693618
0.027108434587717056
0.019879518076777455
0.0
0.007831325754523277
0.05060240998864174
0.08433734625577927
0.1439758986234665
0.14759035408496857
0.1981927752494812
0.22168675065040588
0.24337349832057953
0.2608433663845062
0.2813253104686737
0.3132530152797699
0.3000000119209289
0.2849397659301758
0.316867470741272
0.3138554096221924
0.28253012895584106
0.3156626522541046
0.32831326127052307
0.33795180916786194
0.35843372344970703
0.3993975818157196
0.44096386432647705
0.4512048065662384
0.5042168498039246
0.516867458820343
0.47650602459907526
0.462048202753067
0.4391566216945648
0.37891566753387446
0.3355421721935272
0.2909638583660126
0.2939758896827698
0.3012048304080963
0.2987951934337616
0.28915661573410034
0.2813253104686737
0.28614458441734314
0.27590361237525934
0.27771085500717163
0.29518070816993713
0.25963854789733887
0.2795180678367615
0.27108433842659
0.19337350130081177
0.035542167723178864
0.09638553857803343
0.295783132314682
0.7120481729507446
0.9987951517105103
0.28855422139167786
0.266867458820343
0.557831346988678
0.47168675065040583
0.39156627655029297
0.28915661573410034
0.2650602459907532
0.2734939754009247
0.30240964889526367
0.295783132314682
0.2903614342212677
0.28614458441734314
0.30361446738243103
0.31144577264785767
0.0
0.0
0.0
0.0
0.0
0.0
0.0
0.0
0.0
0.0
0.0
0.0
0.0
0.0
0.0
0.0
0.0
0.0
0.0
0.0
0.0
0.0
0.0
0.0
0.0
0.0
0.0
0.0
0.0
0.0
0.0
0.0
0.0
0.0
0.0
0.0
