0.9270833134651184
0.363095223903656
0.3288690447807312
0.3422619104385376
0.3571428656578064
0.2514880895614624
0.150297611951828
0.1339285671710968
0.1086309552192688
0.159226194024086
0.1056547611951828
0.1488095223903656
0.1264880895614624
0.1398809552192688
0.1205357164144516
0.2113095223903656
0.153273805975914
0.1369047611951828
0.1160714253783226
0.1651785671710968
0.1428571492433548
0.1398809552192688
0.1190476194024086
0.1741071492433548
0.1175595223903656
0.1681547611951828
0.08482142537832259
0.1160714253783226
0.1130952388048172
0.08779761940240861
0.0505952388048172
0.0669642835855484
0.08482142537832259
0.032738097012043
0.0982142835855484
0.08035714179277421
0.08333333581686019
0.1741071492433548
0.1324404776096344
0.2529761791229248
0.1473214328289032
0.1547619104385376
0.1755952388048172
0.1949404776096344
0.1636904776096344
0.1726190447807312
0.1458333283662796
0.2083333283662796
0.190476194024086
0.1830357164144516
0.1785714328289032
0.1547619104385376
0.1473214328289032
0.1458333283662796
0.181547611951828
0.150297611951828
0.1205357164144516
0.25
0.1458333283662796
0.1979166716337204
0.2083333283662796
0.1830357164144516
0.2336309552192688
0.1964285671710968
0.269345223903656
0.2336309552192688
0.1369047611951828
0.1949404776096344
0.127976194024086
0.2410714328289032
0.1889880895614624
0.1889880895614624
0.1383928507566452
0.1607142835855484
0.1741071492433548
0.1919642835855484
0.1428571492433548
0.07291666418313981
0.123511902987957
0.2366071492433548
0.1949404776096344
0.162202388048172
0.212797611951828
0.1547619104385376
0.1398809552192688
0.1726190447807312
0.2172619104385376
0.2232142835855484
0.162202388048172
0.1949404776096344
0.2395833283662796
0.21875
0.2232142835855484
0.1547619104385376
0.1800595223903656
0.1785714328289032
0.2514880895614624
0.3735119104385376
0.4047619104385376
0.3794642984867096
0.4092261791229248
0.4955357015132904
0.4389880895614624
0.4196428656578064
0.34375
0.1101190447807312
0.1428571492433548
0.1785714328289032
0.125
0.1294642835855484
0.1175595223903656
0.01785714365541935
0.03125
0.0
0.1160714253783226
0.0163690485060215
0.058035712689161294
0.029761904850602146
0.2038690447807312
1.0
0.6502976417541504
0.363095223903656
0.2708333432674408
0.3541666567325592
0.3482142984867096
0.1607142835855484
0.1860119104385376
0.1755952388048172
0.2023809552192688
0.1458333283662796
0.1800595223903656
0.0684523805975914
