0.9686761498451234
0.7854610085487365
0.43676123023033137
0.37293145060539246
0.31501182913780207
0.2813238799571991
0.2641843855381012
0.2813238799571991
0.2541371285915375
0.26536643505096436
0.30378249287605286
0.3297872245311737
0.30082741379737854
0.3091016411781311
0.2872340381145477
0.3404255211353302
0.3079196214675904
0.3232860565185547
0.33096927404403687
0.3735224604606629
0.3723404109477997
0.326241135597229
0.3764775395393372
0.3605200946331024
0.38297873735427856
0.35401892662048334
0.3853427767753601
0.3752955198287964
0.3640661835670471
0.37706854939460754
0.3167848587036133
0.3445626497268677
0.31501182913780207
0.29373523592948914
0.3120567500591278
0.3339243531227112
0.326241135597229
0.28014183044433594
0.2635933756828308
0.2931441962718964
0.31382977962493896
0.3026004731655121
0.3232860565185547
0.34278959035873413
0.30141845345497126
0.29373523592948914
0.32210400700569153
0.3096926808357239
0.28486996889114374
0.2819148898124695
0.29669031500816345
0.28664302825927734
0.3144207894802093
0.28014183044433594
0.30378249287605286
0.3067376017570496
0.29728132486343384
0.2742316722869873
0.2505910098552704
0.31501182913780207
0.2635933756828308
0.25591015815734863
0.2943262457847595
0.2872340381145477
0.3043735325336456
0.3380614519119262
0.3936170339584351
0.4202127754688263
0.3658392429351807
0.4521276652812958
0.4716311991214752
0.4296690225601196
0.4408983588218689
0.3481087386608124
0.3274231553077698
0.3079196214675904
0.29018911719322205
0.2742316722869873
0.26595744490623474
0.2665484547615051
0.27245864272117615
0.10992907732725143
0.0
0.1182033121585846
0.6495271921157837
0.9994089603424072
1.0
0.6507092118263245
0.43794324994087214
0.3611111044883728
0.3605200946331024
0.3989361822605133
0.3404255211353302
0.32683214545249933
0.32860520482063293
0.3504728078842163
0.34929078817367554
0.3758865296840668
0.32683214545249933
0.3398345112800598
0.3918439745903015
0.387706845998764
0.0
0.0
0.0
0.0
0.0
0.0
0.0
0.0
0.0
0.0
0.0
0.0
0.0
0.0
0.0
0.0
0.0
0.0
0.0
0.0
0.0
0.0
0.0
0.0
0.0
0.0
0.0
0.0
0.0
0.0
