1.0
0.86845463514328
0.48999574780464167
0.29927629232406616
0.23158791661262512
0.15793955326080322
0.11707109212875366
0.12899106740951538
0.10940825939178465
0.10387399047613144
0.09493401646614073
0.09450829774141312
0.09621115028858186
0.09025117009878159
0.08982545882463454
0.09067688137292862
0.08173690736293791
0.08812260627746582
0.08641975373029709
0.08173690736293791
0.07960834354162216
0.08258833736181259
0.08599404245615005
0.08599404245615005
0.08641975373029709
0.08812260627746582
0.08982545882463454
0.09280545264482498
0.09493401646614073
0.09919114410877229
0.1072796955704689
0.11323967576026917
0.12643678486347198
0.13665390014648435
0.149850994348526
0.1656023859977722
0.1800766289234161
0.20221370458602905
0.22179651260375977
0.22945934534072876
0.22945934534072876
0.20774798095226288
0.18986803293228147
0.16645380854606628
0.14942528307437897
0.1332481950521469
0.1187739446759224
0.12728820741176605
0.1136653870344162
0.11707109212875366
0.11834823340177536
0.12090250849723816
0.12643678486347198
0.13239675760269165
0.13069391250610352
0.13069391250610352
0.1332481950521469
0.1358024626970291
0.14048531651496887
0.13622818887233734
0.1294167786836624
0.13154533505439758
0.1332481950521469
0.12771391868591309
0.12303107976913452
0.12217964977025984
0.12217964977025984
0.13069391250610352
0.12813962996006012
0.12303107976913452
0.11962537467479704
0.12132822722196578
0.11962537467479704
0.1098339706659317
0.1111111119389534
0.10046828538179396
0.10259684920310974
0.1060025542974472
0.10046828538179396
0.0957854390144348
0.10515113174915312
0.100893996655941
0.09663686901330948
0.10004257410764694
0.09493401646614073
0.08769689500331879
0.09408258646726608
0.09833972156047821
0.09748829156160353
0.09791400283575058
0.08769689500331879
0.09195402264595032
0.08386547118425369
0.09706258028745651
0.11196253448724745
0.12260536104440688
0.13282248377799988
0.1575138419866562
0.18390804529190063
0.193699449300766
0.18986803293228147
0.15623669326305387
0.13069391250610352
0.09025117009878159
0.09067688137292862
0.08429118990898131
0.09280545264482498
0.08684546500444412
0.08343975991010666
0.07449978590011597
0.07237122207880019
0.07237122207880019
0.07577692717313766
0.07024265825748444
0.08301404863595961
0.08769689500331879
0.06428267061710358
0.0
0.04682843759655952
0.15112814307212827
0.4108131229877472
0.8045976758003235
0.9416773319244384
0.5031928420066833
0.28735631704330444
0.22988505661487577
0.1413367390632629
0.08173690736293791
0.09791400283575058
0.08173690736293791
0.07322264462709427
0.057471264153718955
