1.0
0.8634212017059326
0.4415145516395569
0.28329953551292414
0.2718052864074707
0.2650439441204071
0.13252197206020355
0.10209601372480392
0.12102772295475006
0.09060175716876984
0.11223799735307692
0.10412441194057465
0.11494252830743788
0.1331981122493744
0.12643678486347198
0.1135902628302574
0.1217038556933403
0.12711291015148163
0.14131169021129608
0.12914131581783295
0.15280595421791077
0.15077754855155945
0.15956728160381317
0.19405002892017365
0.19134549796581268
0.18931710720062253
0.2014874964952469
0.21162948012351987
0.22312372922897336
0.23258958756923676
0.21839080750942233
0.206220418214798
0.21162948012351987
0.23799864947795868
0.18120351433753967
0.1683569997549057
0.1331981122493744
0.12035159021615982
0.12237998843193054
0.08789722621440886
0.0946585536003113
0.07978364080190657
0.055442865937948234
0.09736308455467224
0.056118998676538474
0.08316429704427718
0.06693711876869202
0.07369844615459442
0.09263015538454056
0.05341446772217751
0.09871535003185272
0.0682893842458725
0.0716700479388237
0.08248816430568695
0.08316429704427718
0.15618661046028137
0.18255577981472013
0.19134549796581268
0.2265044003725052
0.2927653789520264
0.3211629390716553
0.2853279113769531
0.2549019753932953
0.22582826018333435
0.1886409670114517
0.1284651756286621
0.04530087858438492
0.039215687662363045
0.026369167491793633
0.011494252830743788
0.014874915592372416
0.0
0.0013522650115191936
0.09601081907749176
0.41446924209594727
0.6970926523208617
0.9019607901573181
0.8154157996177673
0.4645030498504639
0.1683569997549057
0.1751183271408081
0.21433401107788083
0.09330628812313081
0.05206220597028732
0.0250169038772583
0.017579445615410805
0.026369167491793633
0.030425963923335075
0.056118998676538474
0.06355645507574081
0.06558485329151154
0.0
0.0
0.0
0.0
0.0
0.0
0.0
0.0
0.0
0.0
0.0
0.0
0.0
0.0
0.0
0.0
0.0
0.0
0.0
0.0
0.0
0.0
0.0
0.0
0.0
0.0
0.0
0.0
0.0
0.0
0.0
0.0
0.0
0.0
0.0
0.0
0.0
0.0
0.0
0.0
0.0
