0.967061936855316
1.0
0.9617918133735656
0.8906455636024475
0.8129117488861085
0.6996047496795654
0.6034255623817444
0.5072463750839232
0.42424243688583374
0.36231884360313416
0.28326746821403503
0.25559946894645685
0.29380765557289124
0.27931487560272217
0.29512515664100647
0.27931487560272217
0.26218709349632263
0.2872200310230255
0.24637681245803836
0.1936758905649185
0.18313570320606232
0.20026350021362305
0.1739130467176437
0.16996046900749207
0.13306982815265656
0.1422924846410751
0.15019762516021729
0.16996046900749207
0.12779973447322843
0.1146245077252388
0.13702239096164703
0.1251646876335144
0.16469037532806396
0.14492753148078918
0.1515151560306549
0.1528326719999313
0.13306982815265656
0.18050065636634824
0.2147562652826309
0.23451910912990567
0.25559946894645685
0.21607378125190732
0.26745718717575073
0.3610013127326965
0.36495387554168707
0.38076415657997126
0.425559937953949
0.4163372814655304
0.5072463750839232
0.2819499373435974
0.1936758905649185
0.09090909361839294
0.04743082821369171
0.003952569328248501
0.0
0.0052700922824442395
0.0
0.0
0.0
0.0
0.0
0.0
0.0
0.0
0.0
0.0
0.0
0.0
0.0
0.0
0.0
0.0
0.0
0.0
0.0
0.0
0.0
0.0
0.0
0.0
0.0
0.0
0.0
0.0
0.0
0.0
0.0
0.0
0.0
0.0
0.0
0.0
0.0
0.0
0.0
0.0
0.0
0.0
0.0
0.0
0.0
0.0
0.0
0.0
0.0
0.0
0.0
0.0
0.0
0.0
0.0
0.0
0.0
0.0
0.0
0.0
0.0
0.0
0.0
0.0
0.0
0.0
0.0
0.0
0.0
0.0
0.0
0.0
0.0
0.0
0.0
0.0
