1.0
0.5513878464698792
0.3060765266418457
0.020255064591765404
0.0
0.13128282129764557
0.14028507471084595
0.07576894015073776
0.08627156913280487
0.13653413951396942
0.13203300535678864
0.14403600990772247
0.09377344697713855
0.1087771952152252
0.08477119356393814
0.10502626001834868
0.15528881549835205
0.13953489065170288
0.17929482460021973
0.15453863143920898
0.15228807926177979
0.1822955757379532
0.1890472620725632
0.1605401337146759
0.20930232107639313
0.25581395626068115
0.2348086982965469
0.2715678811073303
0.2573143243789673
0.3105776309967041
0.35408851504325867
0.41935482621192927
0.4456114172935486
0.4531132876873016
0.48987245559692383
0.49962490797042847
0.5828956961631775
0.5243811011314392
0.4651162922382354
0.4261065125465393
0.4463616013526917
0.3443360924720764
0.2468117028474808
0.21680420637130737
0.16654163599014282
0.1890472620725632
0.17629407346248627
0.1372843235731125
0.15453863143920898
0.1500375121831894
0.16204051673412323
0.1777944415807724
0.12903225421905515
0.15753938257694244
0.16204051673412323
0.19954988360404968
0.15903976559638977
0.14403600990772247
0.12903225421905515
0.12603150308132172
0.15453863143920898
0.1777944415807724
0.15153788030147552
0.17629407346248627
0.1710427552461624
0.1710427552461624
0.13653413951396942
0.1327831894159317
0.1327831894159317
0.17929482460021973
0.0877719447016716
0.1687922030687332
0.10577644407749176
0.13878469169139862
0.15378844738006592
0.111027754843235
0.14853712916374207
0.13653413951396942
0.09977494180202483
0.15753938257694244
0.12753188610076904
0.1710427552461624
0.1282820701599121
0.1432858258485794
0.12753188610076904
0.16129031777381897
0.1912978291511536
0.10577644407749176
0.13653413951396942
0.11177794635295868
0.117779441177845
0.19204801321029663
0.16429106891155243
0.20030006766319275
0.1605401337146759
0.12603150308132172
0.20930232107639313
0.1672918200492859
0.14253562688827515
0.16354088485240936
0.22130532562732697
0.24531133472919464
0.20030006766319275
0.25356340408325195
0.3000750243663788
0.31807953119277954
0.2850712537765503
0.22955739498138428
0.2468117028474808
0.23855963349342343
0.2033008188009262
0.21230307221412656
0.15678919851779935
0.1582895666360855
0.10952737927436829
0.16504125297069547
0.20030006766319275
0.16129031777381897
0.12903225421905515
0.20705176889896393
0.5131282806396484
0.9167292118072509
0.648912250995636
0.3975993990898132
0.14403600990772247
0.07876969128847122
0.14403600990772247
0.18529632687568665
0.2228057086467743
0.17854464054107666
0.16354088485240936
0.2325581461191177
