1.0
0.47765007615089417
0.39974457025527954
0.14303958415985107
0.10025542974472045
0.11302682012319563
0.12260536104440688
0.11685823649168015
0.12005108594894408
0.12388250231742857
0.1270753443241119
0.13282248377799988
0.14303958415985107
0.14687101542949677
0.14303958415985107
0.1551724076271057
0.16091954708099365
0.1628352552652359
0.16985951364040375
0.17879949510097504
0.18582375347614288
0.19412516057491305
0.20498085021972656
0.22413793206214905
0.23307789862155917
0.23946359753608704
0.24712643027305603
0.2515964210033417
0.2630906701087952
0.2579821348190308
0.24712643027305603
0.2286079227924347
0.20370370149612424
0.16985951364040375
0.1615581065416336
0.1551724076271057
0.14495530724525452
0.14303958415985107
0.14367815852165222
0.13729245960712433
0.13729245960712433
0.14176245033740997
0.13601532578468323
0.14495530724525452
0.14687101542949677
0.14367815852165222
0.148786723613739
0.14687101542949677
0.14814814925193787
0.14687101542949677
0.14240102469921112
0.15197956562042236
0.156449556350708
0.1462324410676956
0.14303958415985107
0.14176245033740997
0.14048531651496887
0.1462324410676956
0.1602809727191925
0.19987228512763977
0.22286079823970795
0.2286079227924347
0.25670498609542847
0.2522349953651428
0.23946359753608704
0.18965516984462735
0.17879949510097504
0.14112387597560883
0.12452106922864913
0.11430396139621735
0.10855682939291
0.0957854390144348
0.09386973083019257
0.09706258028745651
0.08812260627746582
0.0
0.00893997400999069
0.38697317242622375
0.9125159382820128
0.5715197920799255
0.4182630777359009
0.15964239835739136
0.10408684611320496
0.1098339706659317
0.13090677559375763
0.12899106740951538
0.13856960833072662
0.14048531651496887
0.13026820123195648
0.12388250231742857
0.13154533505439758
0.13920816779136655
0.13984674215316772
0.0
0.0
0.0
0.0
0.0
0.0
0.0
0.0
0.0
0.0
0.0
0.0
0.0
0.0
0.0
0.0
0.0
0.0
0.0
0.0
0.0
0.0
0.0
0.0
0.0
0.0
0.0
0.0
0.0
0.0
0.0
0.0
0.0
0.0
0.0
0.0
0.0
0.0
0.0
