1.0
0.7975326776504515
0.5544267296791077
0.3933236598968506
0.39767777919769287
0.3004354238510132
0.2583454251289368
0.2721335291862488
0.2496371567249298
0.22278665006160736
0.24818578362464905
0.2213352620601654
0.26632800698280334
0.2467343956232071
0.2460087090730667
0.2859216332435608
0.25471699237823486
0.2902757525444031
0.279390424489975
0.26197388768196106
0.2851959466934204
0.256894052028656
0.30986937880516047
0.2975326478481293
0.2750362753868103
0.3330914378166199
0.3076923191547394
0.3635703921318054
0.36937591433525085
0.3621190190315247
0.427431046962738
0.41001451015472407
0.4716981053352356
0.46153846383094793
0.4535558819770813
0.5087082982063292
0.4702467322349548
0.5007256865501404
0.46298983693122864
0.43251088261604315
0.4034833014011383
0.2946299016475677
0.2895500659942627
0.23149491846561432
0.19375906884670255
0.22496370971202848
0.19085630774497983
0.2213352620601654
0.19158200919628143
0.1806966662406921
0.22278665006160736
0.1865021735429764
0.23439767956733704
0.2039187252521515
0.199564591050148
0.23294629156589508
0.19883888959884644
0.23149491846561432
0.20246733725070956
0.17997097969055176
0.2140783816576004
0.17924527823925018
0.21988388895988464
0.20174165070056915
0.19085630774497983
0.22278665006160736
0.17997097969055176
0.2148040682077408
0.19158200919628143
0.18795356154441836
0.22060957551002505
0.1806966662406921
0.21988388895988464
0.18795356154441836
0.17779390513896942
0.21625544130802157
0.1748911440372467
0.2010159641504288
0.1676342487335205
0.15892598032951355
0.19158200919628143
0.14368650317192075
0.1712626963853836
0.1502177119255066
0.14078374207019803
0.17561683058738708
0.12772133946418762
0.16182874143123627
0.128447026014328
0.14078374207019803
0.17561683058738708
0.12554426491260529
0.1785195916891098
0.14368650317192075
0.14731495082378387
0.1923076957464218
0.1538461595773697
0.2031930387020111
0.19593614339828488
0.2380261272192001
0.2888243794441223
0.256894052028656
0.293178528547287
0.2888243794441223
0.3367198705673218
0.407837450504303
0.3432510793209076
0.30188679695129395
0.20174165070056915
0.1814223527908325
0.17271408438682556
0.11901306360960005
0.12917271256446838
0.08635704219341278
0.10812772065401076
0.11901306360960005
0.08998548984527588
0.12989839911460876
0.09506531059741971
0.10522496700286864
0.12699565291404724
0.062409289181232445
0.0
0.08635704219341278
0.527576208114624
0.9477503895759583
0.8933236598968506
0.6255442500114441
0.3425253927707672
0.35486212372779846
0.22206096351146695
0.14731495082378387
