0.9342105388641356
0.5379257202148438
0.27708977460861206
0.0820433422923088
0.0
0.1896284818649292
0.17414860427379608
0.22058823704719543
0.19504643976688385
0.19349844753742215
0.2082043290138245
0.17801856994628906
0.2352941185235977
0.19736842811107635
0.22291021049022677
0.25541794300079346
0.23065015673637393
0.2732198238372803
0.2561919391155243
0.2863776981830597
0.33746129274368286
0.3065015375614166
0.353715181350708
0.32894736528396606
0.34210526943206787
0.36687305569648737
0.3513931930065155
0.38544890284538263
0.36919504404067993
0.3746130168437958
0.4024767875671386
0.34210526943206787
0.34907120466232294
0.31965944170951843
0.3320433497428894
0.3599071204662323
0.32043343782424927
0.34984520077705383
0.3250773847103119
0.31191951036453247
0.35758513212203974
0.3258513808250427
0.36609905958175654
0.3552631437778473
0.29721361398696894
0.3784829676151276
0.336687296628952
0.37770897150039673
0.3707430362701416
0.3552631437778473
0.37693497538566584
0.33049535751342773
0.33900928497314453
0.3126935064792633
0.33513930439949036
0.36068111658096313
0.3343653380870819
0.36842104792594904
0.3181114494800568
0.30030959844589233
0.3428792655467987
0.34133127331733704
0.36455109715461725
0.3467492163181305
0.41950464248657227
0.4736842215061188
0.4620743095874786
0.5325077176094055
0.49535602331161493
0.48142415285110474
0.4791021645069122
0.3869968950748444
0.40092879533767695
0.34133127331733704
0.30030959844589233
0.3529411852359772
0.2948916554450989
0.3343653380870819
0.26857584714889526
0.3034055829048157
0.28715169429779047
0.2492260038852692
0.29876160621643066
0.35913312435150146
0.4311145544052124
0.634674906730652
1.0
0.5541795492172241
0.301857590675354
0.2438080459833145
0.26006191968917847
0.27941176295280457
0.3359133005142212
0.3103715181350708
0.29876160621643066
0.314241498708725
0.30572754144668574
0.33746129274368286
0.3273993730545044
0.32430341839790344
0.38390094041824335
0.3529411852359772
0.39783281087875366
0.0
0.0
0.0
0.0
0.0
0.0
0.0
0.0
0.0
0.0
0.0
0.0
0.0
0.0
0.0
0.0
0.0
0.0
0.0
0.0
0.0
0.0
0.0
0.0
0.0
0.0
0.0
0.0
0.0
