0.9136345386505128
0.735305905342102
0.47381046414375305
0.3186725378036499
0.009996001608669756
0.0
0.024790083989501
0.10395841300487518
0.2247101217508316
0.3994402289390564
0.45581766963005066
0.4814074337482452
0.4842063188552856
0.49460217356681824
0.5085965394973755
0.5001999139785768
0.5009996294975281
0.4962015151977539
0.5057976841926575
0.5113954544067383
0.5025989413261414
0.5077968835830688
0.5281887054443359
0.5229908227920532
0.5117952823638916
0.5133946537971497
0.5065973401069641
0.5181927084922792
0.5097960829734801
0.5185925364494324
0.5201919078826904
0.5277888774871825
0.5197920799255371
0.5189924240112305
0.5201919078826904
0.5209916234016417
0.5329868197441101
0.5221911072731018
0.5225909352302551
0.5169932246208191
0.5233906507492065
0.52379047870636
0.5217912793159485
0.5253898501396179
0.5305877923965454
0.5229908227920532
0.5125949382781982
0.5149940252304077
0.5097960829734801
0.5173930525779724
0.5149940252304077
0.5097960829734801
0.5133946537971497
0.5173930525779724
0.5185925364494324
0.5241903066635132
0.5233906507492065
0.5293882489204407
0.5233906507492065
0.5349860191345215
0.5333866477012633
0.5277888774871825
0.5333866477012633
0.5265893936157227
0.5205917358398438
0.5277888774871825
0.5213914513587952
0.529788076877594
0.5201919078826904
0.5209916234016417
0.5205917358398438
0.5205917358398438
0.5205917358398438
0.5209916234016417
0.5173930525779724
0.5257896780967712
0.5169932246208191
0.5293882489204407
0.5225909352302551
0.5205917358398438
0.5213914513587952
0.5245901346206665
0.5281887054443359
0.5277888774871825
0.5349860191345215
0.5293882489204407
0.5249900221824646
0.5261895060539246
0.5181927084922792
0.5293882489204407
0.5217912793159485
0.5317872762680054
0.5361855030059814
0.5181927084922792
0.528588593006134
0.5265893936157227
0.5293882489204407
0.5301879048347473
0.5373850464820862
0.5281887054443359
0.5341863036155701
0.5289884209632874
0.5289884209632874
0.5261895060539246
0.5265893936157227
0.5213914513587952
0.5257896780967712
0.529788076877594
0.529788076877594
0.5353858470916748
0.5397840738296509
0.5361855030059814
0.5393842458724976
0.5309876203536987
0.5577768683433533
0.5769692063331604
0.5761695504188538
0.6029587984085083
0.5805677771568297
0.5717712640762329
0.5897641181945801
0.5557776689529419
0.5609756112098694
0.5673730373382568
0.5653738379478456
0.5573770403862
0.531387448310852
0.531387448310852
0.5217912793159485
0.5229908227920532
0.52379047870636
0.5241903066635132
