0.9972035884857176
0.4910514652729034
0.2455257326364517
0.0
0.09284116327762605
0.1778523474931717
0.2069351226091385
0.23042505979537964
0.2354586124420166
0.23378075659275052
0.23993287980556488
0.2477628588676453
0.2539149820804596
0.24384787678718567
0.2539149820804596
0.2505592703819275
0.2567114233970642
0.2611856758594513
0.27460849285125727
0.2600671052932739
0.2706935107707977
0.2835570573806762
0.2796420454978943
0.27628636360168457
0.29586130380630493
0.30760625004768366
0.3199105262756348
0.33501118421554565
0.35626399517059326
0.35346755385398865
0.3668903708457946
0.3814317584037781
0.3914988934993744
0.3970917165279389
0.3976510167121887
0.39373600482940674
0.3859060406684875
0.38310962915420527
0.37304249405860895
0.36521252989768976
0.3400447368621826
0.33445191383361816
0.32046979665756226
0.2941834330558777
0.2969798743724823
0.2902684509754181
0.29138702154159546
0.28020134568214417
0.27237135171890253
0.2796420454978943
0.27013424038887024
0.26286354660987854
0.27628636360168457
0.27796420454978943
0.27796420454978943
0.27293065190315247
0.2544742822647095
0.27740493416786194
0.26342281699180603
0.2606264054775238
0.2600671052932739
0.24664428830146787
0.2572706937789917
0.25
0.2567114233970642
0.2505592703819275
0.2617449760437012
0.24832214415073395
0.25
0.25223714113235474
0.25503355264663696
0.25223714113235474
0.2544742822647095
0.2505592703819275
0.25950783491134644
0.2567114233970642
0.25950783491134644
0.2617449760437012
0.2639821171760559
0.2617449760437012
0.2651006579399109
0.2611856758594513
0.26230424642562866
0.2539149820804596
0.2567114233970642
0.23378075659275052
0.24832214415073395
0.2477628588676453
0.24720357358455655
0.24440716207027435
0.24496644735336304
0.24384787678718567
0.23881432414054873
0.23825503885746
0.23601789772510529
0.23937359452247617
0.24832214415073395
0.2455257326364517
0.24440716207027435
0.24664428830146787
0.2421700209379196
0.2494407147169113
0.25111857056617737
0.2606264054775238
0.25559285283088684
0.27628636360168457
0.29194632172584534
0.30648770928382874
0.2969798743724823
0.2925055921077728
0.29586130380630493
0.3159955143928528
0.3215883672237396
0.3087248206138611
0.32102909684181213
0.31263983249664307
0.3148769438266754
0.31375840306282043
0.2785235047340393
0.2617449760437012
0.2494407147169113
0.23937359452247617
0.23489932715892792
0.23378075659275052
0.22595077753067017
0.24161073565483093
0.2326621860265732
0.22818791866302487
0.23713646829128265
0.2460850179195404
0.19519016146659848
0.1442953050136566
