0.9452577829360962
0.9318904876708984
0.9287078380584717
0.8650541305541992
0.8383195400238037
0.7943984866142274
0.7345639467239379
0.679821789264679
0.656269907951355
0.6117122769355774
0.6117122769355774
0.5747931003570557
0.5588796734809875
0.5455124378204346
0.5646085143089294
0.5206874608993529
0.49713557958602905
0.5372374057769775
0.5302355289459229
0.5060471296310425
0.5238701701164246
0.5066836476325989
0.4939529001712799
0.5270528197288513
0.5232335925102234
0.5181413292884827
0.5143221020698547
0.5219605565071106
0.5238701701164246
0.5276893973350525
0.609166145324707
0.6339910626411438
0.6607256531715393
0.6429026126861572
0.6104391813278198
0.611075758934021
0.6600891351699829
0.6384468674659729
0.6607256531715393
0.5926161408424377
0.5716104507446289
0.5270528197288513
0.4933163523674011
0.47994908690452576
0.45767027139663696
0.4570337235927582
0.4544875919818878
0.4640356600284576
0.45576065778732294
0.47549331188201904
0.6626352667808533
0.6142584085464478
0.5747931003570557
0.6938256025314331
0.30426481366157526
0.0
0.11266709119081496
0.22469764947891235
0.3405474126338959
0.5092297792434692
0.544239342212677
0.5811585187911987
0.5919796228408812
0.6015276908874512
0.6378102898597717
0.6403564810752869
0.632718026638031
0.6467218399047852
0.6607256531715393
0.6906428933143616
0.6874602437019348
0.7008274793624878
0.7224697470664978
0.7390197515487671
0.7574793100357055
0.8045830726623534
0.8300445675849913
0.8465945124626159
0.8847867846488952
0.9185232520103455
0.9618077874183655
0.9942711591720579
1.0
0.9910884499549864
0.9751750230789183
0.9643539190292358
0.90388286113739
0.8516868352890015
0.802036941051483
0.7912157773971557
0.7281985878944398
0.7027370929718018
0.677912175655365
0.691279411315918
0.6690006256103516
0.6950986385345458
0.6670910120010376
0.6600891351699829
0.6473583579063416
0.0
0.0
0.0
0.0
0.0
0.0
0.0
0.0
0.0
0.0
0.0
0.0
0.0
0.0
0.0
0.0
0.0
0.0
0.0
0.0
0.0
0.0
0.0
0.0
0.0
0.0
0.0
0.0
0.0
0.0
0.0
0.0
0.0
