0.8945471048355103
1.0
0.9364578723907471
0.9355565309524536
0.8706624507904052
0.8476791381835938
0.5439386963844299
0.34069401025772095
0.23208652436733243
0.17169895768165588
0.17440287768840787
0.15863001346588135
0.1505182534456253
0.16358719766139984
0.1306895017623901
0.15141956508159635
0.1433077901601791
0.1275349259376526
0.11491663008928298
0.09463722258806227
0.1077061742544174
0.09418657422065735
0.08562415838241577
0.08652546256780624
0.05723298713564873
0.06534475088119507
0.04191077128052712
0.01982875168323517
0.023884633556008335
0.0009013069211505352
0.0013519603526219723
0.0
0.013068949803709984
0.018927445635199543
0.05723298713564873
0.06940063089132309
0.10725551843643188
0.1505182534456253
0.1906264126300812
0.2068499326705933
0.24064894020557404
0.24560612440109247
0.24470482766628265
0.27354663610458374
0.2618296444416046
0.26858946681022644
0.2613790035247803
0.2631816267967224
0.2794051468372345
0.2510139644145965
0.2519152760505676
0.23343849182128903
0.23569175601005557
0.24064894020557404
0.2185669243335724
0.22036953270435333
0.21721495687961576
0.21360974013805387
0.2163136601448059
0.1951329410076141
0.19828751683235168
0.18657052516937253
0.22848129272460935
0.2902208268642425
0.3163587152957916
0.3844074010848999
0.41369986534118647
0.4619197845458984
0.5074357986450195
0.475890040397644
0.4785939753055573
0.4132492244243622
0.371338427066803
0.351509690284729
0.296980619430542
0.2604776918888092
0.24966201186180115
0.24560612440109247
0.3010365068912506
0.3397926986217499
0.4398377537727356
0.5389814972877502
0.5506985187530518
0.6043262481689453
0.7548445463180542
0.7688148021697998
0.8855340480804443
0.8346101641654968
0.8499323725700377
0.8301036357879639
0.8391166925430298
0.672374963760376
0.44975215196609497
0.3041910827159881
0.17440287768840787
0.16178458929061887
0.13609734177589417
0.17260026931762695
0.15457412600517273
0.0
0.0
0.0
0.0
0.0
0.0
0.0
0.0
0.0
0.0
0.0
0.0
0.0
0.0
0.0
0.0
0.0
0.0
0.0
0.0
0.0
0.0
0.0
0.0
0.0
0.0
0.0
0.0
0.0
0.0
0.0
0.0
0.0
