0.90721994638443
0.6740890741348267
0.2250337451696396
0.041835356503725045
0.05735492706298828
0.07759784162044525
0.12145748734474182
0.14473684132099152
0.1535087674856186
0.14912280440330505
0.15688258409500122
0.16632927954196927
0.16228070855140686
0.16126856207847595
0.14811065793037415
0.15654520690441132
0.16261808574199677
0.15721997618675232
0.1535087674856186
0.14507421851158142
0.14608636498451233
0.15452091395854947
0.14507421851158142
0.14878542721271515
0.1440620720386505
0.1437246948480606
0.13630229234695435
0.13933873176574707
0.13731443881988523
0.1315789520740509
0.13427799940109253
0.1433873176574707
0.14035087823867795
0.13967610895633695
0.13326585292816162
0.14811065793037415
0.16093116998672485
0.16363023221492767
0.1562078297138214
0.1670040488243103
0.18252362310886383
0.1774628907442093
0.17071524262428284
0.18353576958179477
0.190958172082901
0.1889338791370392
0.1916329264640808
0.18083670735359192
0.1676788181066513
0.17172738909721375
0.17408907413482666
0.17543859779834747
0.16228070855140686
0.17004048824310303
0.1794871836900711
0.15114709734916687
0.16093116998672485
0.13900135457515717
0.15991902351379395
0.1551956832408905
0.15890687704086304
0.16936571896076202
0.1548583060503006
0.17004048824310303
0.19197030365467072
0.2250337451696396
0.24628880620002744
0.229082316160202
0.2425775974988937
0.24089068174362183
0.28103914856910706
0.28542509675025934
0.25775977969169617
0.2763157784938812
0.21997301280498505
0.16160593926906583
0.16025641560554504
0.16059379279613495
0.15654520690441132
0.15047232806682587
0.1535087674856186
0.15182186663150787
0.0840080976486206
0.03879892081022263
0.20951417088508603
0.49763831496238714
1.0
0.6177462935447693
0.06848853081464767
0.0
0.045883942395448685
0.0840080976486206
0.10964912176132202
0.12179487198591232
0.1190958172082901
0.12854251265525815
0.13292847573757172
0.11740890890359879
0.1420377939939499
0.1443994641304016
0.13326585292816162
0.12719298899173737
0.13900135457515717
0.13697706162929535
0.13461539149284363
0.1194332018494606
0.13562752306461334
0.12516869604587555
0.12618084251880643
0.12314440310001372
0.12753036618232727
0.1194332018494606
0.11605937778949736
0.0
0.0
0.0
0.0
0.0
0.0
0.0
0.0
0.0
0.0
0.0
0.0
0.0
0.0
0.0
0.0
0.0
0.0
0.0
