0.9015362858772276
0.869413435459137
0.6801676154136658
0.5446927547454834
0.38268157839775085
0.27374300360679626
0.1731843501329422
0.18505586683750153
0.18156424164772036
0.18854749202728271
0.19553072750568387
0.20810055732727048
0.2018156498670578
0.2178770899772644
0.2178770899772644
0.2283519506454468
0.24022346735000608
0.24441340565681455
0.27094972133636475
0.2667597830295563
0.28701117634773254
0.30656424164772034
0.2891061305999756
0.30586591362953186
0.30935755372047424
0.32960894703865046
0.3268156349658966
0.3156424462795257
0.3275139629840851
0.3044692873954773
0.287709504365921
0.2562849223613739
0.2255586534738541
0.21648044884204865
0.16201117634773254
0.11941340565681456
0.08729050308465956
0.054469272494316094
0.06284916400909424
0.0321229062974453
0.03351955488324165
0.054469272494316094
0.05027933046221733
0.08449720591306686
0.08798882365226746
0.08798882365226746
0.1152234673500061
0.10684357583522797
0.12430167943239212
0.1312849223613739
0.1410614550113678
0.1655027866363525
0.17178770899772644
0.19413407146930692
0.17388267815113068
0.166201114654541
0.1668994426727295
0.1766759753227234
0.20111732184886927
0.1829608976840973
0.17737430334091187
0.17737430334091187
0.166201114654541
0.19134078919887543
0.16410614550113675
0.15153631567955017
0.17108938097953796
0.15642458200454712
0.2150837928056717
0.22974860668182373
0.28631284832954407
0.3205307126045227
0.3240223526954651
0.3491620123386383
0.38756984472274786
0.3477653563022613
0.3638268113136292
0.32891061902046204
0.35055866837501526
0.29958099126815796
0.26117318868637085
0.22974860668182373
0.20810055732727048
0.21997207403182983
0.20041899383068085
0.21648044884204865
0.22276535630226132
0.2283519506454468
0.2367318421602249
0.20879888534545896
0.19134078919887543
0.0963687151670456
0.0
0.1054469272494316
0.4001396596431732
0.9811452627182007
1.0
0.9252793192863464
0.7716480493545533
0.6270949840545654
0.5223463773727417
0.4462290406227112
0.4036312997341156
0.3924581110477448
0.3756983280181885
0.4036312997341156
0.4008379876613617
0.3819832503795624
0.41620111465454096
0.3959497213363648
0.4043295979499817
0.4043295979499817
0.4036312997341156
0.43156424164772034
0.0
0.0
0.0
0.0
0.0
0.0
0.0
0.0
0.0
0.0
0.0
0.0
0.0
0.0
0.0
0.0
0.0
0.0
