1.0
0.7852076888084412
0.19756838679313657
0.07092198729515076
0.0
0.12056737393140791
0.3120567500591278
0.3535967469215393
0.335359662771225
0.35866260528564453
0.4650456011295319
0.4042553305625916
0.3485308885574341
0.3333333432674408
0.32421478629112244
0.3667679727077484
0.3495440781116485
0.3323201537132263
0.3130699098110199
0.36372846364974976
0.3282674849033356
0.36372846364974976
0.3606889545917511
0.32522797584533686
0.3161094188690185
0.34346505999565125
0.2847011089324951
0.32421478629112244
0.3465045690536499
0.35055723786354065
0.32522797584533686
0.4184397161006928
0.4457953274250031
0.42451873421669006
0.43161094188690186
0.46808511018753046
0.500506579875946
0.5106382966041565
0.5278621912002563
0.5379939079284668
0.5511651635169983
0.5157041549682617
0.5410334467887878
0.565349519252777
0.5481256246566772
0.47922998666763306
0.47213777899742126
0.5126646161079407
0.4609929025173187
0.4488348662853241
0.38703140616416926
0.4083079993724823
0.368794322013855
0.3920972645282745
0.4143870174884796
0.36271530389785767
0.41033434867858887
0.4123606979846954
0.4194528758525848
0.3221884369850158
0.4174265563488007
0.3920972645282745
0.44478216767311096
0.33130699396133423
0.3515704274177551
0.35866260528564453
0.0
0.0
0.0
0.0
0.0
0.0
0.0
0.0
0.0
0.0
0.0
0.0
0.0
0.0
0.0
0.0
0.0
0.0
0.0
0.0
0.0
0.0
0.0
0.0
0.0
0.0
0.0
0.0
0.0
0.0
0.0
0.0
0.0
0.0
0.0
0.0
0.0
0.0
0.0
0.0
0.0
0.0
0.0
0.0
0.0
0.0
0.0
0.0
0.0
0.0
0.0
0.0
0.0
0.0
0.0
0.0
0.0
0.0
0.0
0.0
0.0
0.0
0.0
0.0
0.0
0.0
