0.9887507557868956
0.7797513604164124
0.4381290674209594
0.2628774344921112
0.1995263397693634
0.1326228529214859
0.105387806892395
0.09887507557868956
0.0929544121026993
0.08288928121328355
0.07992894947528838
0.07815275341272354
0.08999408036470413
0.09058614820241928
0.10479573905467988
0.10657193511724472
0.11130846291780472
0.1231497898697853
0.12966252863407135
0.13499112427234647
0.1462403833866119
0.15156897902488708
0.18472468852996823
0.201894611120224
0.22794553637504575
0.25991711020469666
0.3001776337623596
0.34221431612968445
0.37892243266105646
0.41563054919242853
0.4564831256866455
0.4772054553031921
0.4872705638408661
0.4760213196277618
0.4387211501598358
0.3812907040119171
0.32208406925201416
0.2611012458801269
0.2125518023967743
0.1900532841682434
0.15748964250087738
0.1385435163974762
0.14150385558605194
0.12255772948265076
0.12729425728321075
0.1195973977446556
0.11900532990694046
0.1195973977446556
0.11900532990694046
0.12492599338293076
0.12137359380722045
0.11782119423151016
0.12611012160778043
0.110124334692955
0.1219656616449356
0.12078152596950532
0.11900532990694046
0.13203078508377075
0.12255772948265076
0.1290704607963562
0.12255772948265076
0.12374185770750044
0.1290704607963562
0.1302545815706253
0.1302545815706253
0.1219656616449356
0.11190053075551985
0.114860862493515
0.105387806892395
0.12137359380722045
0.110124334692955
0.114860862493515
0.114860862493515
0.10894019901752472
0.117229126393795
0.112492598593235
0.10420367121696472
0.11071640253067017
0.10242747515439989
0.11367673426866531
0.10716400295495986
0.10716400295495986
0.11367673426866531
0.10479573905467988
0.11604499816894533
0.11900532990694046
0.1409117877483368
0.16222617030143735
0.16814683377742767
0.197158083319664
0.2208407372236252
0.22794553637504575
0.2380106598138809
0.23445825278759
0.25281232595443726
0.2143280059099197
0.17051510512828827
0.1503848433494568
0.10953226685523985
0.09887507557868956
0.09887507557868956
0.09177027642726898
0.08052101731300354
0.030195381492376328
0.0
0.12137359380722045
0.33866193890571594
0.5204262733459473
1.0
0.9348726868629456
0.740082859992981
0.4422735273838043
0.28478389978408813
0.21965660154819489
0.15452930331230164
0.1361752450466156
0.12374185770750044
0.11841326206922533
0.11604499816894533
0.11071640253067017
0.11782119423151016
0.1314387172460556
0.1231497898697853
0.1219656616449356
0.1338069885969162
0.1278863251209259
0.13913558423519135
0.15512137115001678
0.16104203462600708
0.1805802285671234
0.0
0.0
