0.9911797046661378
0.864388108253479
0.582690179347992
0.39966922998428334
0.3070562183856964
0.2888643741607666
0.2877618670463562
0.16593164205551147
0.06504961103200912
0.019845645874738693
0.016538036987185478
0.011025357991456984
0.012679162435233591
0.017640573903918266
0.02094818092882633
0.028114663437008858
0.02149944938719273
0.030319735407829285
0.04740903899073601
0.042998898774385445
0.058434400707483285
0.059536933898925774
0.0667034164071083
0.07001102715730667
0.08544652909040451
0.09151047468185423
0.10859978199005126
0.10143329948186874
0.09095920622348784
0.08324145525693893
0.08544652909040451
0.06119073927402496
0.044101431965827935
0.027012128382921215
0.026460859924554825
0.04685777425765991
0.06615214794874191
0.07993384450674057
0.08489526063203812
0.094818077981472
0.1135611906647682
0.10418963432312012
0.09371554851531982
0.07607497274875642
0.07331863045692445
0.07221609354019165
0.06119073927402496
0.06119073927402496
0.059536933898925774
0.06339581310749054
0.0766262412071228
0.07717750966548918
0.06835722178220749
0.07717750966548918
0.07938258349895477
0.08324145525693893
0.07883131504058838
0.07497243583202362
0.07221609354019165
0.07883131504058838
0.07276736199855804
0.08654906600713731
0.1240352839231491
0.12844543159008026
0.13836824893951416
0.14498345553874967
0.15159867703914642
0.18467475473880768
0.1455347239971161
0.11025357991456984
0.11080484837293623
0.07938258349895477
0.07221609354019165
0.04630650579929352
0.03252480551600456
0.03583241626620293
0.02590959146618843
0.03362734243273735
0.020396912470459935
0.019294377416372296
0.024807056412100792
0.027563394978642464
0.027012128382921215
0.04520396888256073
0.1791620701551437
0.6890848875045776
1.0
0.7001102566719055
0.48456451296806335
0.39140021800994873
0.3065049648284912
0.3147739768028259
0.24421168863773343
0.13671444356441495
0.036934949457645416
0.02590959146618843
0.026460859924554825
0.025358324870467183
0.008269018493592739
0.0
0.006615214981138705
0.017089305445551872
0.006615214981138705
0.0
0.0
0.0
0.0
0.0
0.0
0.0
0.0
0.0
0.0
0.0
0.0
0.0
0.0
0.0
0.0
0.0
0.0
0.0
0.0
0.0
0.0
0.0
0.0
0.0
0.0
0.0
0.0
0.0
