1.0
0.4902091026306152
0.11749087274074554
0.09226684272289276
0.06770660728216171
0.04215067997574806
0.022568868473172188
0.03285761550068855
0.01559907104820013
0.009293063543736935
0.020909393206238743
0.006637902464717627
0.018918022513389587
0.013607700355350971
0.017590440809726715
0.02057749778032303
0.017590440809726715
0.038167938590049744
0.030534351244568825
0.03617656975984573
0.04712910577654839
0.03352140635251999
0.04845668748021126
0.033853303641080856
0.04945237189531326
0.05476269498467445
0.04148688912391663
0.05509458854794502
0.05177563801407815
0.053103219717741006
0.04945237189531326
0.04613342136144638
0.06837039440870285
0.07334882020950317
0.07600398361682893
0.08131430298089981
0.06936608254909515
0.07932293415069581
0.06903418153524399
0.07334882020950317
0.0720212385058403
0.06604713201522827
0.0750082954764366
0.06206438690423965
0.07434450834989548
0.07799535244703293
0.07699967175722122
0.09027547389268877
0.07899104058742523
0.07434450834989548
0.08330567181110382
0.06438765674829483
0.07799535244703293
0.07168934494256973
0.07268503308296204
0.0750082954764366
0.06239628419280052
0.06837039440870285
0.05210753530263901
0.04978426918387413
0.060073018074035645
0.04613342136144638
0.05940922722220421
0.05277132242918015
0.05177563801407815
0.048788581043481834
0.04447394609451294
0.06206438690423965
0.05642217025160789
0.04248257726430893
0.035844672471284866
0.038167938590049744
0.05642217025160789
0.05708596110343933
0.06206438690423965
0.0657152310013771
0.07069366425275803
0.06306007504463196
0.0720212385058403
0.0710255578160286
0.0730169266462326
0.04646531865000725
0.0647195503115654
0.05476269498467445
0.04978426918387413
0.04082309827208519
0.02057749778032303
0.02754729427397251
0.02057749778032303
0.010952538810670376
0.021241288632154465
0.023232659325003624
0.03484898805618286
0.024560239166021347
0.0069697974249720565
0.014271490275859833
0.17092598974704742
0.4420843124389648
0.7454364299774171
0.9362761378288269
0.858944594860077
0.3040159344673157
0.10189180076122284
0.061732493340969086
0.03717225417494774
0.03186193108558655
0.005310322158038616
0.01825423166155815
0.000663790269754827
0.011284434236586092
0.01559907104820013
0.0
0.019581811502575874
0.012280119583010672
0.007965482771396639
0.011616329662501812
0.006637902464717627
0.02953866496682167
0.011284434236586092
0.012943909503519537
0.028542980551719666
0.022568868473172188
0.0
0.0
0.0
0.0
0.0
0.0
0.0
0.0
0.0
0.0
