0.9094418883323667
1.0
0.8441558480262755
0.6781326532363892
0.6096876263618469
0.5054405331611633
0.4306774437427521
0.340119332075119
0.24921025335788727
0.240084245800972
0.26570725440979004
0.24570024013519287
0.23095823824405673
0.23341523110866544
0.23446823656558993
0.2077922075986862
0.237627238035202
0.22744822502136233
0.3159003257751465
0.2509652376174927
0.21937522292137143
0.23903124034404755
0.23973323404788968
0.24219024181365967
0.24675324559211728
0.22990523278713224
0.22393822669982913
0.24921025335788727
0.24148824810981753
0.24183924496173856
0.2509652376174927
0.2386802434921265
0.21691821515560153
0.27799227833747864
0.25658124685287476
0.23517023026943207
0.26395225524902344
0.27448228001594543
0.28115129470825195
0.27062126994132996
0.2590382695198059
0.2808002829551697
0.2141102105379105
0.2808002829551697
0.22569322586059568
0.21867321431636808
0.25236925482749933
0.2316602319478989
0.23130923509597776
0.24885924160480496
0.2267462313175201
0.237627238035202
0.29097929596900934
0.1909441947937012
0.26746225357055664
0.23973323404788968
0.2765882909297943
0.2548262476921081
0.23587223887443545
0.27062126994132996
0.237627238035202
0.21130220592021945
0.26360127329826355
0.26289924979209894
0.23236222565174103
0.23376622796058652
0.24183924496173856
0.23552124202251437
0.24183924496173856
0.24640224874019623
0.2590382695198059
0.27693927288055414
0.3173043131828308
0.3295893371105194
0.3338013291358948
0.3731133639812469
0.3899613916873932
0.34327834844589233
0.3748683631420136
0.3910143971443176
0.28817129135131836
0.2632502615451813
0.24780625104904172
0.2007721960544586
0.2330642342567444
0.1814671754837036
0.2590382695198059
0.21762022376060483
0.1762021780014038
0.1305721253156662
0.004914004821330309
0.0
0.21165321767330167
0.7441207170486449
0.9164619445800781
0.7830817699432373
0.6974377036094666
0.6114426255226135
0.4692874550819397
0.4040014147758484
0.3885573744773865
0.2667602598667145
0.2211302220821381
0.23973323404788968
0.2516672611236572
0.17128817737102509
0.21516321599483487
0.160407155752182
0.22428922355175016
0.2211302220821381
0.1660231649875641
0.22077922523021695
0.21937522292137143
0.24148824810981753
0.2281502336263657
0.0
0.0
0.0
0.0
0.0
0.0
0.0
0.0
0.0
0.0
0.0
0.0
0.0
0.0
0.0
0.0
0.0
