1.0
0.14855071902275083
0.0
0.22906602919101715
0.466988742351532
0.5084540843963623
0.49235105514526367
0.5076489448547363
0.5144927501678467
0.510869562625885
0.5265700221061707
0.5132850408554077
0.510869562625885
0.5378422141075134
0.5205314159393312
0.5402576327323914
0.5378422141075134
0.5233494639396667
0.5281803607940674
0.5297906398773192
0.5374395847320557
0.5293880701065063
0.5289855003356934
0.5414654016494751
0.522141695022583
0.5495169162750244
0.5233494639396667
0.5068438053131104
0.48832526803016657
0.46739131212234497
0.4533011317253113
0.40700483322143555
0.4001610279083252
0.40136876702308655
0.36835747957229614
0.3703703582286834
0.37198066711425776
0.3836553990840912
0.39855071902275085
0.4251207709312439
0.4400160908699036
0.44283413887023926
0.4649758338928223
0.466988742351532
0.4746376872062683
0.4927536249160767
0.4859098196029663
0.4931561946868896
0.5020129084587097
0.48711755871772766
0.500805139541626
0.48470208048820496
0.49194845557212824
0.4979871213436127
0.483896940946579
0.488727867603302
0.47423511743545527
0.4714170694351196
0.4818840622901917
0.47544282674789434
0.4859098196029663
0.46054750680923456
0.4653784334659576
0.4698067605495453
0.4633655250072479
0.4750402569770813
0.467793881893158
0.46658614277839666
0.4810788929462433
0.47061192989349365
0.4915458858013153
0.4637681245803833
0.4746376872062683
0.488727867603302
0.47826087474823
0.48510468006134033
0.4798711836338043
0.5144927501678467
0.5277777910232544
0.5450885891914368
0.5515297651290894
0.500402569770813
0.510064423084259
0.5092592835426331
0.4798711836338043
0.5
0.4657810032367706
0.4718196392059326
0.45652174949646
0.44847020506858826
0.4496779441833496
0.4472624659538269
0.42954912781715393
0.45410627126693726
0.4396135210990906
0.4979871213436127
0.6034621596336365
0.6046698689460753
0.8715780973434448
0.9259259104728698
0.16505636274814603
0.029388083145022392
0.2753623127937317
0.473027378320694
0.46739131212234497
0.4661835730075836
0.45652174949646
0.4629629552364349
0.4794686138629913
0.44806763529777527
0.467793881893158
0.46135264635086054
0.47423511743545527
0.47826087474823
0.47826087474823
0.489533007144928
0.46859902143478394
0.47342994809150696
0.0
0.0
0.0
0.0
0.0
0.0
0.0
0.0
0.0
0.0
0.0
0.0
0.0
0.0
