1.0
0.4395946860313416
0.10911925137043
0.01013250183314085
0.05923616513609886
0.26656273007392883
0.23382696509361267
0.27201870083808893
0.2837100625038147
0.24006235599517825
0.30709275603294367
0.2548713982105255
0.2837100625038147
0.3125487267971039
0.2743569612503052
0.3499610424041748
0.3016367852687836
0.32501947879791254
0.35853469371795654
0.3398285210132599
0.4356975853443146
0.38425564765930176
0.4427123963832855
0.49961027503013605
0.4809041321277618
0.5775526165962219
0.597817599773407
0.651597797870636
0.6936866641044617
0.6695245504379272
0.7537022829055786
0.6874513030052185
0.6890101432800293
0.6554949283599854
0.5339049100875854
0.5401402711868286
0.4395946860313416
0.4107560515403748
0.37100544571876526
0.29306313395500183
0.35229930281639094
0.2829306423664093
0.3016367852687836
0.3141075670719147
0.26266562938690186
0.3203429579734802
0.2961808145046234
0.3031956255435944
0.3102104365825653
0.2572096586227417
0.3102104365825653
0.27591583132743835
0.28994545340538025
0.2860483229160309
0.24318005144596097
0.30475449562072754
0.22992984950542447
0.27045986056327814
0.27201870083808893
0.22525331377983093
0.2844894826412201
0.2042088806629181
0.24941542744636533
0.2751364111900329
0.22915042936801913
0.27045986056327814
0.23772408068180084
0.30553391575813293
0.36165237426757807
0.325798898935318
0.3920498788356781
0.37568199634552
0.37178486585617065
0.3406079411506653
0.26266562938690186
0.3125487267971039
0.22915042936801913
0.22057677805423737
0.23460638523101807
0.18238504230976105
0.23226812481880188
0.1886204183101654
0.20031176507472992
0.2275915890932083
0.15588463842868805
0.22837100923061368
0.26344504952430725
0.1356196403503418
0.8924396038055421
0.8028059005737304
0.25565081834793085
0.06001558899879456
0.0
0.11457521468400957
0.20654715597629547
0.3008573651313782
0.241621196269989
0.26578330993652344
0.28916600346565247
0.2408417761325836
0.3094310164451599
0.2595479488372803
0.28838658332824707
0.32813718914985657
0.27903351187705994
0.3530787229537964
0.33047544956207275
0.34294623136520386
0.0
0.0
0.0
0.0
0.0
0.0
0.0
0.0
0.0
0.0
0.0
0.0
0.0
0.0
0.0
0.0
0.0
0.0
0.0
0.0
0.0
0.0
0.0
0.0
