1.0
0.34608983993530273
0.08652245998382568
0.0
0.13477537035942075
0.1838602274656296
0.27038270235061646
0.3219633996486664
0.35024958848953247
0.37271213531494146
0.380199670791626
0.3627287745475769
0.3693843483924866
0.3901830315589905
0.4051580727100372
0.3826954960823059
0.38435938954353327
0.4051580727100372
0.4359400868415833
0.44009983539581293
0.43094840645790095
0.4317803680896759
0.4384359419345856
0.46173045039176946
0.4808652102947235
0.4642262756824493
0.4717138111591339
0.4658901691436768
0.4925124645233154
0.48252910375595087
0.4658901691436768
0.460066556930542
0.45923459529876715
0.5083194971084595
0.4975041449069977
0.47753742337226873
0.4525790214538574
0.45008319616317755
0.4642262756824493
0.4700499176979065
0.4409317672252655
0.42762061953544617
0.44009983539581293
0.4700499176979065
0.4700499176979065
0.4550748765468597
0.4484193027019501
0.4392678737640381
0.4484193027019501
0.4517470896244049
0.3885191380977631
0.3427620530128479
0.32695508003234863
0.3094841837882996
0.26788684725761414
0.21381030976772308
0.20133110880851743
0.29950082302093506
0.3668885231018066
0.4093177914619446
0.3993344306945801
0.40599000453948975
0.4234609007835388
0.4259567260742188
0.4384359419345856
0.40682196617126465
0.40432611107826233
0.42762061953544617
0.5274542570114136
0.6123127937316896
0.6905158162117004
0.9883527159690858
0.917637288570404
0.3153078258037567
0.1372712105512619
0.2362728714942932
0.3094841837882996
0.40349417924880976
0.4392678737640381
0.4517470896244049
0.4584026634693146
0.4301164746284485
0.45008319616317755
0.44592344760894775
0.4658901691436768
0.4575707018375397
0.4484193027019501
0.46672213077545166
0.48585689067840576
0.49334442615509033
0.4700499176979065
0.44925123453140253
0.46838602423667913
0.4742096364498138
0.4883527457714081
0.4700499176979065
0.4534109830856323
0.46672213077545166
0.4625623822212219
0.4841929972171784
0.4575707018375397
0.4326122999191284
0.47088184952735906
0.0
0.0
0.0
0.0
0.0
0.0
0.0
0.0
0.0
0.0
0.0
0.0
0.0
0.0
0.0
0.0
0.0
0.0
0.0
0.0
0.0
0.0
0.0
0.0
0.0
0.0
0.0
0.0
0.0
