0.9867549538612365
0.2814569473266601
0.0
0.10706401616334917
0.2582781314849853
0.366445928812027
0.4039735198020935
0.4116997718811035
0.4216335415840149
0.443708598613739
0.4624724090099335
0.4470198750495911
0.4536423981189728
0.4459161162376404
0.4845474660396576
0.47792494297027593
0.4856512248516082
0.4801324605941773
0.4900662302970886
0.49668875336647034
0.5088300108909607
0.4922737181186676
0.503311276435852
0.47130241990089417
0.46578365564346313
0.44039735198020935
0.430463582277298
0.40838852524757385
0.3675496578216553
0.377483457326889
0.32119205594062805
0.360927164554596
0.36534217000007624
0.4039735198020935
0.4602648913860321
0.4701986610889434
0.48785871267318726
0.5055187344551086
0.5055187344551086
0.5463576316833496
0.5474613904953003
0.5375276207923889
0.5397350788116455
0.5375276207923889
0.5518763661384584
0.548565149307251
0.5397350788116455
0.5529801249504088
0.5364238619804382
0.5750551819801331
0.5596026778221129
0.548565149307251
0.5386313199996948
0.5607063770294188
0.5662251710891724
0.5651214122772217
0.623620331287384
0.6545253992080688
0.6953642368316649
0.7097130417823792
0.7008830308914185
0.751655638217926
0.6710816621780396
0.5971302390098572
0.6015452742576599
0.5971302390098572
0.5728476643562317
0.5607063770294188
0.5165562629699707
0.5397350788116455
0.5055187344551086
0.5110375285148621
0.503311276435852
0.5253863334655762
0.5507726073265076
0.4426048696041107
0.42384105920791626
0.4746136963367462
0.6865342259407043
0.9503311514854432
1.0
0.36534217000007624
0.11258278042078018
0.2483443766832352
0.44150111079216
0.4977924823760986
0.5375276207923889
0.5419425964355469
0.5551876425743103
0.5750551819801331
0.5529801249504088
0.5662251710891724
0.5761589407920836
0.5739514231681824
0.6015452742576599
0.0
0.0
0.0
0.0
0.0
0.0
0.0
0.0
0.0
0.0
0.0
0.0
0.0
0.0
0.0
0.0
0.0
0.0
0.0
0.0
0.0
0.0
0.0
0.0
0.0
0.0
0.0
0.0
0.0
0.0
0.0
0.0
0.0
0.0
0.0
0.0
0.0
