0.9450801014900208
0.535469114780426
0.3455377519130707
0.32837527990341187
0.1773455440998077
0.14530892670154572
0.16590389609336853
0.20022884011268613
0.20251716673374176
0.21281464397907257
0.21624714136123657
0.254004567861557
0.20709381997585297
0.24713958799839017
0.2700228691101074
0.29176202416419983
0.2768878638744354
0.2711670398712158
0.2528603971004486
0.2665903866291046
0.2768878638744354
0.2585812211036682
0.2860412001609802
0.2528603971004486
0.2768878638744354
0.28146451711654663
0.28832951188087463
0.2803203761577606
0.267734557390213
0.2860412001609802
0.28947368264198303
0.2711670398712158
0.254004567861557
0.2494279146194458
0.22997711598873136
0.19221967458724973
0.22196796536445615
0.23226544260978696
0.2711670398712158
0.2688787281513214
0.30320367217063904
0.28146451711654663
0.30434781312942505
0.30549198389053345
0.2848970293998718
0.29061785340309143
0.33066362142562866
0.29862698912620544
0.29633867740631104
0.29290616512298584
0.28260868787765503
0.2734553813934326
0.2734553813934326
0.2700228691101074
0.2631579041481018
0.2631579041481018
0.2665903866291046
0.267734557390213
0.2597253918647766
0.254004567861557
0.28832951188087463
0.2688787281513214
0.2711670398712158
0.29176202416419983
0.2643020451068878
0.33180779218673706
0.37528604269027704
0.41533181071281433
0.4450801014900208
0.442791759967804
0.5102974772453308
0.570938229560852
0.5457665920257568
0.5789473652839661
0.5423340797424316
0.3981693387031555
0.3764302134513855
0.2860412001609802
0.30434781312942505
0.2711670398712158
0.2688787281513214
0.2768878638744354
0.2574370801448822
0.2585812211036682
0.2585812211036682
0.2768878638744354
0.2494279146194458
0.22654461860656736
0.2551487386226654
0.21510297060012817
0.21624714136123657
0.20480549335479736
0.22540046274662015
0.21853546798229215
0.19794049859046936
0.0
0.03775743767619133
0.5583524107933044
1.0
0.9473684430122375
0.5503432750701904
0.33180779218673706
0.30091533064842224
0.1727688759565353
0.16819222271442413
0.18993134796619413
0.23913043737411496
0.22768878936767575
0.23798626661300656
0.2654462158679962
0.23569793999195096
0.2688787281513214
0.267734557390213
0.2620137333869934
0.2848970293998718
0.29748284816741943
0.31235697865486145
0.30663615465164185
0.0
0.0
0.0
0.0
0.0
0.0
0.0
0.0
0.0
0.0
0.0
0.0
0.0
0.0
