1.0
0.5918367505073547
0.1936286687850952
0.12742657959461212
0.16874065995216367
0.26132404804229736
0.29915380477905273
0.2757590711116791
0.29168739914894104
0.2901941239833832
0.3330014944076538
0.3225485384464264
0.32553508877754206
0.3265306055545807
0.30064707994461054
0.32553508877754206
0.32404181361198425
0.32354405522346497
0.3369835615158081
0.33250373601913447
0.34892982244491577
0.3399701416492462
0.3434544503688812
0.38128420710563654
0.37232452630996704
0.39820805191993713
0.41164758801460266
0.42060726881027216
0.43155798316001887
0.4265803992748261
0.4295669496059418
0.4171229600906372
0.4096565544605255
0.39820805191993713
0.3658536672592163
0.3554007112979889
0.33200597763061523
0.3096067607402801
0.30214035511016846
0.2921851575374603
0.3185664415359497
0.31259334087371826
0.2921851575374603
0.2976605296134949
0.29168739914894104
0.3215530216693878
0.315579891204834
0.2971627712249756
0.29865604639053345
0.2911896407604217
0.29815828800201416
0.29168739914894104
0.27327027916908264
0.29417622089385986
0.2747635543346405
0.3081134855747223
0.2921851575374603
0.28222995996475214
0.2891986072063446
0.26132404804229736
0.28471875190734863
0.2712792456150055
0.2717770040035248
0.28372323513031006
0.26879045367240906
0.2782478928565979
0.26879045367240906
0.2727725207805633
0.29069188237190247
0.2911896407604217
0.35291188955307007
0.33897462487220764
0.3195619583129883
0.315579891204834
0.3514186143875122
0.3364858031272888
0.31010451912879944
0.28820309042930603
0.3081134855747223
0.2603285312652588
0.26381283998489374
0.2593330144882202
0.25485315918922424
0.2444002032279968
0.2414136379957199
0.1353907436132431
0.0
0.012444001622498035
0.32404181361198425
0.746640145778656
0.7884519696235656
0.39771029353141774
0.11448481678962708
0.12195122241973876
0.2220010012388229
0.2966650128364563
0.29566949605941767
0.2827277183532715
0.3106022775173187
0.31358885765075684
0.3339970111846924
0.33200597763061523
0.3145843744277954
0.3369835615158081
0.3449477255344391
0.3394723832607269
0.0
0.0
0.0
0.0
0.0
0.0
0.0
0.0
0.0
0.0
0.0
0.0
0.0
0.0
0.0
0.0
0.0
0.0
0.0
0.0
0.0
0.0
0.0
0.0
0.0
0.0
