0.9908204078674316
0.762478470802307
0.4222604632377625
0.22260470688343048
0.17096959054470062
0.1726907640695572
0.1755593866109848
0.17498566210269928
0.17785426974296567
0.18187034130096436
0.15892140567302704
0.190476194024086
0.1870338469743729
0.15662650763988495
0.1858863979578018
0.2025243788957596
0.21916235983371732
0.22719448804855344
0.19736087322235107
0.250143438577652
0.2633390724658966
0.2627653479576111
0.2925989627838135
0.30694204568862915
0.33907055854797363
0.3958691954612732
0.3224325776100158
0.4130809009075165
0.4130809009075165
0.42111301422119135
0.4612736701965332
0.4262765347957611
0.43832471966743464
0.4675846099853516
0.4710269570350647
0.4475043118000031
0.4050487577915192
0.39759036898612976
0.37980493903160095
0.348250150680542
0.29145151376724243
0.25932300090789795
0.24153758585453036
0.22948938608169556
0.24440619349479675
0.20883534848690033
0.20596672594547272
0.20654045045375824
0.1847389489412308
0.18990246951580048
0.16695353388786316
0.21686747670173645
0.17785426974296567
0.1629374623298645
0.1830177903175354
0.20596672594547272
0.14687320590019226
0.14744693040847778
0.16179001331329343
0.17096959054470062
0.1325301229953766
0.15949513018131256
0.16351118683815002
0.11359724402427672
0.13711990416049957
0.125071719288826
0.1405622512102127
0.14113597571849823
0.12392427027225494
0.1457257568836212
0.09179575741291046
0.08720596879720688
0.08720596879720688
0.12449799478054047
0.10441767424345016
0.1451520323753357
0.14916810393333435
0.15146300196647644
0.21916235983371732
0.2008032202720642
0.20596672594547272
0.2662076950073242
0.24268501996994016
0.22260470688343048
0.20654045045375824
0.19219736754894257
0.15088927745819092
0.16580608487129211
0.06483075022697449
0.08950085937976837
0.09695926308631897
0.157773956656456
0.06138841062784194
0.09638553857803343
0.08663224428892134
0.05909351631999016
0.06081468611955643
0.06827308982610703
0.0
0.07745266705751419
0.16637980937957764
0.35456109046936035
0.9093517065048216
1.0
0.7653471231460571
0.4348823726177216
0.19277107715606687
0.14916810393333435
0.10671256482601164
0.15146300196647644
0.14343087375164032
0.1462994813919067
0.1526104360818863
0.1554790586233139
0.15605278313159943
0.1652323603630066
0.168100968003273
0.1755593866109848
0.1755593866109848
0.17900171875953674
0.19678714871406555
0.19506597518920896
0.20596672594547272
0.20596672594547272
0.0
0.0
0.0
0.0
0.0
0.0
0.0
0.0
