1.0
0.4793689250946045
0.13592232763767242
0.0
0.04813915863633156
0.1003236249089241
0.08980582654476164
0.11407767236232756
0.1059870570898056
0.11245954781770706
0.10881876945495604
0.09344660490751265
0.11448220163583755
0.10558252781629562
0.1023462787270546
0.10841424018144608
0.09749191254377364
0.109627828001976
0.10922329872846603
0.10841424018144608
0.11690938472747801
0.11569578945636748
0.12783171236515045
0.129045307636261
0.12661811709403992
0.13915857672691345
0.1375404596328735
0.16707119345664978
0.17354369163513184
0.18608413636684415
0.21035598218441007
0.20388349890708923
0.23341423273086548
0.23058252036571503
0.24352750182151797
0.25687703490257263
0.22977346181869504
0.2382686138153076
0.2237055003643036
0.2046925574541092
0.2002427130937576
0.15493527054786682
0.15372169017791748
0.14522653818130493
0.13592232763767242
0.13794498145580292
0.11205501854419708
0.12055016309022903
0.12378640472888947
0.13187702000141144
0.13389967381954193
0.1262135952711105
0.14320388436317444
0.1456310749053955
0.14239482581615448
0.1626213639974594
0.1440129429101944
0.16059871017932892
0.14522653818130493
0.15291261672973633
0.17152103781700134
0.15493527054786682
0.1650485396385193
0.15776698291301727
0.1589805781841278
0.16747573018074036
0.14724919199943542
0.1626213639974594
0.151699036359787
0.1533171534538269
0.1646440178155899
0.14320388436317444
0.15695792436599731
0.14927184581756592
0.14967638254165647
0.16423948109149933
0.1440129429101944
0.1678802520036697
0.15250809490680695
0.17961165308952332
0.21480582654476163
0.22087378799915316
0.25930419564247126
0.25283172726631165
0.18891586363315585
0.19134303927421567
0.16828478872776031
0.15210355818271637
0.129045307636261
0.1286407709121704
0.12823624908924103
0.113673135638237
0.12378640472888947
0.11084142327308653
0.113673135638237
0.12378640472888947
0.11407767236232756
0.12378640472888947
0.11610032618045805
0.11084142327308653
0.11690938472747801
0.13349515199661255
0.17152103781700134
0.3280744254589081
0.7892394661903381
0.9943365454673768
0.4275889992713928
0.12378640472888947
0.027508091181516647
0.06917475908994675
0.12944984436035156
0.1116504818201065
0.12014563381671904
0.11933656781911849
0.10679611563682556
0.12823624908924103
0.11771844327449799
0.117313914000988
0.11286407709121704
0.10760518163442612
0.121359221637249
0.1039644032716751
0.11124595254659651
0.11610032618045805
0.11084142327308653
0.11893203854560852
0.0
0.0
0.0
0.0
0.0
0.0
