1.0
0.5672268867492676
0.2683073282241821
0.22509004175662997
0.16086435317993164
0.05342136695981026
0.058223288506269455
0.04681872576475144
0.05162064731121063
0.058223288506269455
0.027611045166850087
0.040816325694322586
0.05102040991187096
0.03901560604572296
0.058223288506269455
0.02581032365560532
0.04561824724078178
0.03781512752175331
0.03301320597529411
0.04621848836541176
0.0012004801537841558
0.024009604007005688
0.025210084393620488
0.0
0.01860744319856167
0.0012004801537841558
0.016806723549962044
0.039615847170352936
0.05162064731121063
0.09423769265413283
0.07683072984218597
0.09603841602802275
0.10804321616888046
0.1140456199645996
0.1332533061504364
0.09843937307596207
0.11344537883996964
0.12965185940265656
0.10264105349779128
0.11044418066740036
0.09123649448156355
0.10084033757448196
0.099639855325222
0.076230488717556
0.09723889827728271
0.07803121209144592
0.08703481405973433
0.09123649448156355
0.08403361588716507
0.09243697673082352
0.09123649448156355
0.09003601223230363
0.1044417768716812
0.09423769265413283
0.09603841602802275
0.0882352963089943
0.099639855325222
0.14945977926254272
0.1734693944454193
0.21188475191593167
0.21788714826107025
0.25090035796165466
0.25810325145721436
0.24489796161651609
0.19747899472713473
0.175870344042778
0.15846338868141174
0.10744297504425047
0.06602641195058823
0.07743097096681593
0.06722689419984818
0.06602641195058823
0.06542617082595825
0.04561824724078178
0.06602641195058823
0.0642256885766983
0.06542617082595825
0.15486194193363187
0.3709483742713928
0.5840336084365845
0.8979591727256776
0.7605041861534119
0.3601440489292145
0.24189676344394684
0.22689075767993927
0.08523409068584442
0.05762304738163948
0.061224490404129035
0.04681872576475144
0.048019208014011376
0.04441776871681213
0.04141656681895256
0.04021608829498291
0.03361344709992409
0.039615847170352936
0.04021608829498291
0.03601440414786339
0.0
0.0
0.0
0.0
0.0
0.0
0.0
0.0
0.0
0.0
0.0
0.0
0.0
0.0
0.0
0.0
0.0
0.0
0.0
0.0
0.0
0.0
0.0
0.0
0.0
0.0
0.0
0.0
0.0
0.0
0.0
0.0
0.0
0.0
0.0
