1.0
0.5677261352539064
0.27481663227081293
0.14376528561115265
0.08410757780075073
0.10611247271299362
0.1599022001028061
0.14376528561115265
0.15256723761558533
0.149144247174263
0.1511002480983734
0.16723716259002683
0.16674816608428955
0.1599022001028061
0.16381418704986572
0.1599022001028061
0.1819070875644684
0.1745721250772476
0.16821515560150146
0.16577017307281494
0.161369189620018
0.17848411202430725
0.17212714254856107
0.16870415210723877
0.161369189620018
0.14180928468704224
0.15745721757411957
0.14229828119277954
0.1149144247174263
0.08361858129501343
0.05281173437833785
0.04938875138759613
0.021026894450187683
0.0009779951069504023
0.008312958292663097
0.0
0.045476771891117096
0.06797066330909729
0.092909537255764
0.1271393597126007
0.1310513466596603
0.18288508057594297
0.16870415210723877
0.17066015303134918
0.16625916957855225
0.16479218006134033
0.1931540369987488
0.18092909455299375
0.19364303350448608
0.19413203001022336
0.17995110154151917
0.20977994799613953
0.20048899948596957
0.2083129584789276
0.21222494542598724
0.20195598900318143
0.22298288345336917
0.2063569724559784
0.207334965467453
0.21320293843746185
0.19559901952743527
0.228850856423378
0.2083129584789276
0.21613691747188568
0.22640587389469144
0.20537897944450376
0.23520782589912412
0.22396087646484372
0.21907091140747073
0.2185819000005722
0.195110023021698
0.22933985292911527
0.2156479209661484
0.21124693751335144
0.21907091140747073
0.20391197502613068
0.22493886947631836
0.21907091140747073
0.2078239619731903
0.21124693751335144
0.19364303350448608
0.22102689743041992
0.22200489044189453
0.22249388694763184
0.2171149104833603
0.2078239619731903
0.2298288494348526
0.22787286341190335
0.23911979794502256
0.2855745851993561
0.29388752579689026
0.3305623531341553
0.3207823932170868
0.33936429023742676
0.34180930256843567
0.32762837409973145
0.35110023617744446
0.3022004961967468
0.25623470544815063
0.2176039069890976
0.18777506053447723
0.20977994799613953
0.20146699249744413
0.1911980509757996
0.1960880160331726
0.18044009804725647
0.21124693751335144
0.1960880160331726
0.0
0.0
0.0
0.0
0.0
0.0
0.0
0.0
0.0
0.0
0.0
0.0
0.0
0.0
0.0
0.0
0.0
0.0
0.0
0.0
0.0
0.0
0.0
0.0
