1.0
0.9823701977729795
0.6380999088287354
0.410871684551239
0.3016650378704071
0.3129284977912903
0.3124387860298157
0.3472086191177368
0.34867775440216064
0.3188050985336304
0.3506366312503814
0.3388834595680237
0.31537708640098566
0.33741429448127747
0.3442703187465668
0.3290891349315644
0.34916749596595764
0.3472086191177368
0.368756115436554
0.36141037940979
0.3447600305080414
0.33741429448127747
0.34818804264068604
0.37120470404624933
0.3344759941101074
0.3011753261089325
0.31047990918159485
0.27326151728630066
0.27326151728630066
0.26836434006690973
0.22722820937633517
0.18266405165195465
0.16895200312137604
0.12634672224521637
0.0905974507331848
0.06904995441436768
0.08521057665348053
0.11704211682081223
0.1023506373167038
0.1547502428293228
0.1831537634134293
0.2047012746334076
0.2301665097475052
0.24045053124427795
0.231635645031929
0.2453476935625076
0.27766895294189453
0.2771792411804199
0.2840352654457092
0.26346719264984125
0.2703232169151306
0.2708129286766052
0.2522037327289581
0.26052889227867126
0.2443682700395584
0.2507345676422119
0.19931440055370328
0.26934379339218134
0.23800195753574369
0.2438785433769226
0.2575905919075012
0.2424094080924988
0.25171399116516113
0.25122427940368647
0.24289911985397336
0.21351616084575653
0.24485798180103305
0.2365328073501587
0.243388831615448
0.23065622150897977
0.24583742022514343
0.22135160863399503
0.22967678308486936
0.243388831615448
0.2321253716945648
0.24289911985397336
0.22282075881958008
0.2198824733495712
0.21302644908428192
0.17629775404930115
0.1963761001825333
0.19882468879222867
0.1963761001825333
0.2747306525707245
0.25367286801338196
0.2761998176574707
0.322233110666275
0.3290891349315644
0.3643486797809601
0.32027423381805414
0.3026444613933563
0.25808030366897583
0.21498531103134155
0.19441723823547363
0.17091086506843567
0.15719883143901825
0.13663075864315033
0.1611165553331375
0.16307541728019714
0.043095003813505166
0.0
0.19980411231517792
0.3898138999938965
0.6508325338363647
0.9520078301429747
0.769833505153656
0.42017629742622375
0.18413320183753967
0.14593535661697388
0.1351616084575653
0.180705189704895
0.18217433989048004
0.1660137176513672
0.17189030349254608
0.16160626709461212
0.1797257661819458
0.14740450680255887
0.16307541728019714
0.18609206378459928
0.16503427922725675
0.18854065239429477
0.18511264026165009
0.1478942185640335
0.18266405165195465
0.0
0.0
0.0
0.0
0.0
0.0
0.0
0.0
