1.0
0.6688583493232727
0.2334130257368088
0.17184698581695557
0.13179916143417358
0.10101614147424696
0.10579796880483627
0.0818888247013092
0.06545128673315048
0.06963538378477097
0.06335923820734024
0.0762104019522667
0.06156604737043381
0.06276150792837143
0.07441721111536026
0.061864912509918206
0.06156604737043381
0.06903765350580215
0.06365809589624405
0.07083084434270859
0.07262402772903441
0.0765092670917511
0.07561267167329788
0.07411835342645645
0.08876270055770874
0.07501494139432907
0.09683203697204588
0.08965929597616196
0.09473998844623564
0.10609683394432068
0.10400478541851044
0.11625821888446808
0.11356844007968903
0.1174536794424057
0.13448894023895264
0.12881052494049072
0.13867303729057312
0.13448894023895264
0.142259418964386
0.15690375864505768
0.1583980917930603
0.17752540111541748
0.15511058270931244
0.14674237370491028
0.1539151221513748
0.13359235227108
0.12193664163351058
0.11356844007968903
0.09085474908351898
0.10041841119527815
0.0824865475296974
0.09444112330675124
0.08547519147396086
0.0768081322312355
0.08517632633447646
0.08577405661344528
0.08308427780866624
0.0920502096414566
0.08099222928285599
0.09025702625513075
0.08039449900388716
0.08906156569719313
0.08099222928285599
0.08816497027873993
0.08786610513925552
0.0762104019522667
0.08039449900388716
0.07262402772903441
0.07561267167329788
0.07232516258955002
0.06007172912359238
0.07800358533859253
0.06784220039844513
0.051703527569770806
0.062462642788887024
0.06276150792837143
0.07710698992013931
0.05499103292822838
0.05678422003984451
0.071129709482193
0.059473998844623566
0.06933651864528656
0.05768081173300743
0.05827854201197624
0.06455469131469727
0.05857740715146065
0.06455469131469727
0.06545128673315048
0.05409444123506545
0.060968320816755295
0.06156604737043381
0.06485355645418167
0.06007172912359238
0.056186489760875695
0.06843993067741394
0.060968320816755295
0.06335923820734024
0.05708308517932892
0.04901374876499176
0.06873879581689835
0.05050807073712349
0.07800358533859253
0.06724447011947632
0.055289898067712784
0.06575015187263489
0.06007172912359238
0.06425582617521286
0.06425582617521286
0.06724447011947632
0.07979676872491837
0.05050807073712349
0.07023311406373978
0.061864912509918206
0.05140466243028641
0.06575015187263489
0.05738195031881332
0.07919904589653014
0.06933651864528656
0.06066945567727089
0.07770472019910812
0.08368200808763504
0.09742976725101472
0.09055588394403456
0.07262402772903441
0.11655708402395248
0.09354452788829805
0.11117752641439436
0.09802749752998352
0.07561267167329788
0.09593544900417328
0.08995816111564636
0.08427973836660385
