0.9690920710563661
1.0
0.9980682730674744
0.9388280510902404
0.8654217720031737
0.8106889724731445
0.7018673419952393
0.6909207701683044
0.6767546534538269
0.664520263671875
0.6567932963371277
0.6522858738899231
0.6658081412315369
0.6471346020698547
0.6574372053146361
0.742434024810791
0.8486799597740173
0.9195106029510498
0.8435286283493043
0.8828074932098388
0.5904700756072998
0.019317450001835823
0.0
0.27817127108573914
0.4687701165676117
0.5582743287086487
0.5833870172500609
0.5936896204948425
0.6130070686340332
0.5936896204948425
0.606567919254303
0.6091436147689819
0.6310366988182068
0.64262717962265
0.6303927898406982
0.6406954526901245
0.6471346020698547
0.6748229265213013
0.6748229265213013
0.6606568098068237
0.6767546534538269
0.6799742579460144
0.6999356150627136
0.7179652452468872
0.7057308554649353
0.7263361215591431
0.7244043946266174
0.7462974786758423
0.7662588357925414
0.7430779337882996
0.7623953819274902
0.7231165766716003
0.7385705113410949
0.7160334587097168
0.6934964656829834
0.6922086477279663
0.6722472906112671
0.7018673419952393
0.6902768611907959
0.6831938028335571
0.7005795240402222
0.6793303489685059
0.698003888130188
0.6928525567054749
0.6696715950965881
0.6922086477279663
0.6761107444763184
0.6909207701683044
0.0
0.0
0.0
0.0
0.0
0.0
0.0
0.0
0.0
0.0
0.0
0.0
0.0
0.0
0.0
0.0
0.0
0.0
0.0
0.0
0.0
0.0
0.0
0.0
0.0
0.0
0.0
0.0
0.0
0.0
0.0
0.0
0.0
0.0
0.0
0.0
0.0
0.0
0.0
0.0
0.0
0.0
0.0
0.0
0.0
0.0
0.0
0.0
0.0
0.0
0.0
0.0
0.0
0.0
0.0
0.0
0.0
0.0
0.0
0.0
0.0
0.0
0.0
0.0
