0.8958333134651184
0.3608630895614624
0.2723214328289032
0.011904762126505373
0.0
0.05952380970120429
0.065476194024086
0.090773805975914
0.0818452388048172
0.09747023880481721
0.1145833358168602
0.1041666641831398
0.1287202388048172
0.1369047611951828
0.15625
0.1793154776096344
0.1674107164144516
0.184523805975914
0.212797611951828
0.2366071492433548
0.234375
0.2433035671710968
0.2782738208770752
0.290922611951828
0.3072916567325592
0.3288690447807312
0.3489583432674408
0.3720238208770752
0.394345223903656
0.4151785671710968
0.4114583432674408
0.4285714328289032
0.4144345223903656
0.40625
0.3973214328289032
0.3586309552192688
0.3303571343421936
0.287202388048172
0.2566964328289032
0.2254464328289032
0.215773805975914
0.1912202388048172
0.1949404776096344
0.1889880895614624
0.2068452388048172
0.1837797611951828
0.1741071492433548
0.1614583283662796
0.1651785671710968
0.181547611951828
0.1525297611951828
0.1383928507566452
0.1540178507566452
0.1651785671710968
0.1629464328289032
0.1636904776096344
0.1525297611951828
0.1607142835855484
0.1599702388048172
0.1726190447807312
0.1979166716337204
0.2321428507566452
0.2663690447807312
0.2842261791229248
0.4010416567325592
0.4077380895614624
0.4241071343421936
0.3779761791229248
0.2648809552192688
0.234375
0.224702388048172
0.162202388048172
0.1793154776096344
0.162202388048172
0.1755952388048172
0.1733630895614624
0.146577388048172
0.1964285671710968
0.1525297611951828
0.1175595223903656
0.2023809552192688
0.259672611951828
0.4047619104385376
0.773809552192688
1.0
0.3936011791229248
0.2366071492433548
0.168898805975914
0.1696428507566452
0.2671130895614624
0.2455357164144516
0.2611607015132904
0.2626488208770752
0.2857142984867096
0.2827380895614624
0.2924107015132904
0.293154776096344
0.3125
0.3177083432674408
0.3415178656578064
0.0
0.0
0.0
0.0
0.0
0.0
0.0
0.0
0.0
0.0
0.0
0.0
0.0
0.0
0.0
0.0
0.0
0.0
0.0
0.0
0.0
0.0
0.0
0.0
0.0
0.0
0.0
0.0
0.0
0.0
0.0
0.0
