1.0
0.7326968908309937
0.6455847024917603
0.6068019270896912
0.6360381841659546
0.5155131220817566
0.5334128737449646
0.5125298500061035
0.5167064666748047
0.5208830833435059
0.5250596404075624
0.517899751663208
0.49403342604637146
0.5214797258377075
0.4952267408370972
0.491050124168396
0.48389020562171936
0.4677804410457611
0.48985680937767034
0.48031026124954224
0.4534606337547302
0.43078759312629694
0.42482098937034607
0.4463007152080536
0.43675416707992554
0.42243435978889465
0.4176611006259918
0.4015513062477112
0.43019092082977295
0.42601433396339417
0.41288784146308893
0.4385441541671753
0.43973746895790095
0.490453451871872
0.5161097645759584
0.5011933445930481
0.5
0.48926013708114624
0.5101432204246521
0.5137231349945068
0.49821001291275024
0.5065632462501526
0.5017899870872498
0.5208830833435059
0.5304296016693115
0.5095465183258057
0.5125298500061035
0.5011933445930481
0.5226730108261108
0.5107398629188538
0.5
0.4976133704185486
0.47613364458084106
0.499403327703476
0.5155131220817566
0.5137231349945068
0.5143198370933533
0.5035799741744995
0.5352028608322144
0.5262529850006104
0.5161097645759584
0.5
0.4880668222904205
0.5041766166687012
0.5155131220817566
0.5495226979255676
0.5745823383331299
0.5715990662574768
0.5930787324905396
0.6133651733398438
0.5906921029090881
0.599641978740692
0.568615734577179
0.5662291049957275
0.5274463295936584
0.5005966424942017
0.49403342604637146
0.5011933445930481
0.5143198370933533
0.5029832720756531
0.4856801927089691
0.40393793582916254
0.120525062084198
0.0
0.23926013708114624
0.785799503326416
0.8621718287467955
0.6795942783355713
0.5805489420890808
0.6569212675094604
0.5083532333374025
0.5304296016693115
0.5077565908432007
0.5101432204246521
0.5011933445930481
0.485083520412445
0.4880668222904205
0.4689737558364868
0.4785202741622925
0.4707637131214142
0.46241050958633423
0.4600238800048828
0.4647971391677856
0.4958233833312988
0.485083520412445
0.4976133704185486
0.481503576040268
0.4600238800048828
0.4600238800048828
0.0
0.0
0.0
0.0
0.0
0.0
0.0
0.0
0.0
0.0
0.0
0.0
0.0
0.0
0.0
0.0
0.0
0.0
0.0
0.0
0.0
0.0
0.0
