0.9591346383094788
0.6458333134651184
0.3613781929016113
0.10817307978868484
0.3333333432674408
0.32451921701431274
0.27243590354919434
0.22676281630992887
0.19070513546466827
0.202724352478981
0.19150641560554504
0.19471153616905207
0.21474358439445493
0.20432692766189572
0.233974352478981
0.2171474397182465
0.22596153616905207
0.2548076808452606
0.2443910241127014
0.2732371687889099
0.2868589758872986
0.30048078298568726
0.3301281929016113
0.3357371687889099
0.38221153616905207
0.39903846383094793
0.45352563261985773
0.5336538553237915
0.5584936141967772
0.651442289352417
0.7011218070983887
0.78125
0.8677884340286256
0.8854166865348816
0.9150640964508056
0.8661859035491942
0.7772436141967772
0.6674679517745972
0.5136218070983887
0.4246794879436493
0.30608972907066345
0.24679486453533167
0.2195512801408768
0.17227564752101898
0.1770833283662796
0.1458333283662796
0.14262820780277252
0.1610576957464218
0.13942307233810425
0.14903846383094788
0.13862179219722748
0.1434294879436493
0.16025641560554504
0.13221153616905212
0.15544871985912323
0.1482371836900711
0.15144230425357819
0.1682692319154739
0.14102564752101898
0.16185897588729858
0.15144230425357819
0.15144230425357819
0.17227564752101898
0.140224352478981
0.16266025602817535
0.1458333283662796
0.14663460850715637
0.16346153616905212
0.13221153616905212
0.15705128014087677
0.13621795177459717
0.14262820780277252
0.15144230425357819
0.12099359184503557
0.1434294879436493
0.12419871985912324
0.12820513546466827
0.13862179219722748
0.11137820780277252
0.13060897588729858
0.1169871762394905
0.11858974397182465
0.13301281630992887
0.10336538404226304
0.12339743226766586
0.1065705120563507
0.10817307978868484
0.1274038404226303
0.09935897588729857
0.12019230425357819
0.10576923191547392
0.10496795177459715
0.12259615212678908
0.09294871985912323
0.1193910241127014
0.10496795177459715
0.10496795177459715
0.12019230425357819
0.09375
0.11538461595773696
0.10336538404226304
0.11057692021131516
0.14903846383094788
0.171474352478981
0.22035256028175357
0.19551281630992887
0.22676281630992887
0.28285256028175354
0.2483974397182465
0.20512820780277247
0.16346153616905212
0.12259615212678908
0.14182692766189575
0.09935897588729857
0.08413461595773696
0.05448717996478081
0.05849358811974525
0.07371795177459715
0.04807692393660545
0.07051282376050949
0.056891024112701416
0.06089743599295616
0.07772435992956161
0.05849358811974525
0.07371795177459715
0.0
0.12580128014087677
0.3333333432674408
0.512820541858673
0.8397436141967772
1.0
0.5144230723381041
