1.0
0.7200342416763306
0.14811643958091736
0.18150684237480164
0.05136986449360848
0.17636986076831815
0.2217465788125992
0.26113012433052063
0.2594178020954132
0.28167808055877686
0.2636986374855041
0.273972600698471
0.29794520139694214
0.26027396321296686
0.2654109597206116
0.27140411734580994
0.2731164395809173
0.27996575832366943
0.26455479860305786
0.24828767776489255
0.27140411734580994
0.25085616111755366
0.25085616111755366
0.2568493187427521
0.26198631525039673
0.2397260218858719
0.2234589010477066
0.22688356041908264
0.2251712381839752
0.21746575832366943
0.19434931874275208
0.21404109895229337
0.1866438388824463
0.1609589010477066
0.1934931576251984
0.18835616111755368
0.19777397811412809
0.2071917802095413
0.2354452013969421
0.26455479860305786
0.3330479562282562
0.3356164395809173
0.34332191944122314
0.3844178020954132
0.3587328791618347
0.38356164097785944
0.375
0.38955479860305786
0.3989726006984711
0.39212328195571894
0.3809931576251984
0.39554795622825617
0.39640411734580994
0.4058219194412232
0.3989726006984711
0.3904109597206116
0.39469179511070246
0.40410959720611567
0.38613012433052063
0.38955479860305786
0.39811643958091736
0.3912671208381653
0.4058219194412232
0.3827054798603058
0.3989726006984711
0.3929794430732727
0.4006849229335785
0.3715753555297852
0.357876718044281
0.3330479562282562
0.3398972749710083
0.34246575832366943
0.3356164395809173
0.34246575832366943
0.3390410840511322
0.357876718044281
0.3604452013969421
0.35359588265419006
0.3561643958091736
0.3476027250289917
0.36130136251449585
0.37071916460990906
0.3261986374855041
0.36386987566947937
0.3553082048892975
0.3570205569267273
0.3587328791618347
0.3664383590221405
0.3672945201396942
0.3561643958091736
0.3784246444702149
0.3801369965076447
0.38955479860305786
0.375
0.3690068423748016
0.3595890402793884
0.357876718044281
0.36301368474960327
0.34246575832366943
0.34332191944122314
0.33476027846336365
0.3390410840511322
0.34845891594886774
0.3373287618160248
0.3373287618160248
0.33476027846336365
0.32705479860305786
0.32534247636795044
0.33219179511070246
0.3193493187427521
0.32277396321296686
0.3261986374855041
0.3390410840511322
0.3844178020954132
0.4289383590221405
0.48801368474960327
0.5308219194412231
0.5359588861465454
0.6541095972061157
0.6558219194412231
0.6070205569267273
0.4965753555297852
0.4503424763679504
0.4143835604190826
0.3809931576251984
0.29794520139694214
0.2928082048892975
0.27996575832366943
0.27910959720611567
0.2936643958091736
0.27996575832366943
0.28595891594886774
