0.7759336233139038
0.9460580945014953
0.31396958231925964
0.5311203598976135
0.5034578442573547
0.5352697372436523
0.4011065065860748
0.3153527081012726
0.3858921229839325
0.3692946135997772
0.3540802299976349
0.3402489721775055
0.32780084013938904
0.396957129240036
0.36652836203575134
0.4080221354961395
0.4135546386241913
0.38312587141990656
0.4052558839321136
0.4121715128421784
0.43983402848243713
0.45089903473854065
0.4080221354961395
0.5006915926933289
0.4453665316104889
0.442600280046463
0.4011065065860748
0.35269710421562195
0.3955740034580231
0.34578147530555725
0.35961273312568665
0.3360995948314667
0.33195021748542786
0.443983405828476
0.38312587141990656
0.41908714175224304
0.4038727581501007
0.36652836203575134
0.4453665316104889
0.38035961985588074
0.4011065065860748
0.4177040159702301
0.36237898468971247
0.40940526127815247
0.37897649407386774
0.37067773938179016
0.3540802299976349
0.3098202049732208
0.3817427456378937
0.3360995948314667
0.3360995948314667
0.33056709170341486
0.2655601799488068
0.34301522374153137
0.2780083119869232
0.2973720729351044
0.305670827627182
0.25172892212867737
0.31120333075523376
0.2503457963466644
0.30013832449913025
0.30013832449913025
0.21991701424121857
0.2531120479106903
0.2171507626771927
0.2793914377689361
0.2669433057308197
0.31396958231925964
0.37897649407386774
0.4453665316104889
0.4481327831745148
0.5089903473854065
0.41493776440620417
0.4799446761608124
0.466113418340683
0.4066390097141266
0.2807745635509491
0.19363762438297272
0.1825726181268692
0.13278008997440338
0.17842324078083038
0.1092669442296028
0.08022130280733107
0.11894882470369338
0.04840940609574318
0.0
0.0843706801533699
0.035961274057626724
0.24757952988147733
1.0
0.4910096824169159
0.29598894715309143
0.18810512125492093
0.48132780194282526
0.34716460108757013
0.32780084013938904
0.2738589346408844
0.0
0.0
0.0
0.0
0.0
0.0
0.0
0.0
0.0
0.0
0.0
0.0
0.0
0.0
0.0
0.0
0.0
0.0
0.0
0.0
0.0
0.0
0.0
0.0
0.0
0.0
0.0
0.0
0.0
0.0
0.0
0.0
0.0
0.0
0.0
