1.0
0.5450763106346129
0.0
0.1525658816099167
0.5256587862968445
0.7163661718368529
0.7267683744430542
0.6782246828079224
0.6733703017234801
0.6990291476249695
0.665742039680481
0.6809986233711243
0.6518723964691162
0.6567267775535583
0.678918182849884
0.6588072180747986
0.7115117907524109
0.7128987312316896
0.6997225880622864
0.708737850189209
0.6914008259773254
0.6893203854560852
0.7066574096679688
0.641470193862915
0.6477115154266356
0.6490984559059143
0.6532593369483948
0.6484050154685974
0.6386962532997131
0.633841872215271
0.5790568590164185
0.5818307995796204
0.5707350969314575
0.5859916806221008
0.5852981805801392
0.6074895858764648
0.6615811586380005
0.5943134427070618
0.6192787885665894
0.6463245749473572
0.6581137180328369
0.6983356475830078
0.6733703017234801
0.6858530044555664
0.7073509097099304
0.7059639096260071
0.7343966960906982
0.7489597797393799
0.7226074934005737
0.7198335528373718
0.7267683744430542
0.7330096960067749
0.7579750418663026
0.7330096960067749
0.7364771366119384
0.7059639096260071
0.6955617070198059
0.6997225880622864
0.7253814339637756
0.7073509097099304
0.6934812664985657
0.7066574096679688
0.6851595044136047
0.7205270528793335
0.0
0.0
0.0
0.0
0.0
0.0
0.0
0.0
0.0
0.0
0.0
0.0
0.0
0.0
0.0
0.0
0.0
0.0
0.0
0.0
0.0
0.0
0.0
0.0
0.0
0.0
0.0
0.0
0.0
0.0
0.0
0.0
0.0
0.0
0.0
0.0
0.0
0.0
0.0
0.0
0.0
0.0
0.0
0.0
0.0
0.0
0.0
0.0
0.0
0.0
0.0
0.0
0.0
0.0
0.0
0.0
0.0
0.0
0.0
0.0
0.0
0.0
0.0
0.0
0.0
0.0
0.0
0.0
