0.9354304671287536
0.7706953883171082
0.4900662302970886
0.24172185361385343
0.0
0.17301324009895325
0.17466887831687927
0.2375827878713608
0.20943708717823029
0.24172185361385343
0.22599337995052335
0.21854305267333984
0.24172185361385343
0.23427152633666992
0.2350993305444717
0.2350993305444717
0.23427152633666992
0.25331124663352966
0.23841059207916257
0.24586093425750727
0.25248345732688904
0.2375827878713608
0.2624172270298004
0.2574503421783447
0.2731788158416748
0.27483442425727844
0.2632450461387634
0.30960264801979065
0.29718542098999023
0.3302980065345764
0.34023177623748774
0.33774834871292114
0.36837747693061834
0.3824503421783447
0.4139072895050049
0.40645694732666016
0.4039735198020935
0.4230132400989533
0.4039735198020935
0.41556292772293085
0.4023178815841674
0.3700331151485443
0.3675496578216553
0.3178808093070984
0.3112582862377167
0.30298012495040894
0.29304635524749756
0.30463576316833496
0.28725165128707886
0.2897351086139679
0.2947019934654236
0.2822847664356232
0.30298012495040894
0.2847682237625122
0.2996688783168793
0.306291401386261
0.2822847664356232
0.29884105920791626
0.29552981257438654
0.2814569473266601
0.29304635524749756
0.27483442425727844
0.3013245165348053
0.27566224336624146
0.2715231776237488
0.28062912821769714
0.26407283544540405
0.2839404046535492
0.2541390657424927
0.2740066349506378
0.2673841118812561
0.2582781314849853
0.29056292772293085
0.2624172270298004
0.2740066349506378
0.2773178815841675
0.25248345732688904
0.27980133891105646
0.2615894079208374
0.2632450461387634
0.2889072895050049
0.29304635524749756
0.3360927104949951
0.34768211841583246
0.3658940494060516
0.35513246059417725
0.431291401386261
0.4660595953464508
0.4321191906929016
0.428807944059372
0.41639071702957153
0.3468542993068695
0.32781457901000977
0.29304635524749756
0.250827819108963
0.2160595953464508
0.21109271049499512
0.23013244569301605
0.2226821184158325
0.20778146386146543
0.2226821184158325
0.2193708568811417
0.23096026480197904
0.21192052960395807
0.4006622433662415
0.4329470098018646
0.7392383813858032
1.0
0.7599337697029114
0.503311276435852
0.23261588811874387
0.04470198601484299
0.21192052960395807
0.22599337995052335
0.25331124663352966
0.2483443766832352
0.24751655757427213
0.26903972029685974
0.2582781314849853
0.26490065455436707
0.26903972029685974
0.251655638217926
0.2624172270298004
0.2599337697029114
0.2657284736633301
0.2831125855445862
0.2831125855445862
0.30877482891082764
0.2839404046535492
0.0
0.0
0.0
