0.9874657392501832
0.3266744911670685
0.02036819420754909
0.21778300404548645
0.4492753744125366
0.5076380968093872
0.500587522983551
0.5127301216125488
0.4919702410697937
0.4994124472141266
0.5197806358337401
0.4931453168392181
0.5052878856658936
0.5084214806556702
0.4990207552909851
0.5162553787231445
0.501370906829834
0.5162553787231445
0.501370906829834
0.5041127800941467
0.522522509098053
0.5135135054588318
0.5283979773521423
0.5170387625694275
0.5166471004486084
0.52173912525177
0.5072463750839232
0.5095965266227721
0.4653348922729492
0.44653350114822393
0.4316490292549133
0.40971407294273376
0.4022718369960785
0.3803368508815765
0.3681942820549011
0.3756365180015564
0.380728542804718
0.4073638916015625
0.4034469127655029
0.4312573373317719
0.45475912094116205
0.4625930190086365
0.48922836780548096
0.4810027480125427
0.49392870068550104
0.5189972519874573
0.5127301216125488
0.5201723575592041
0.5052878856658936
0.5150802731513977
0.533490002155304
0.5135135054588318
0.5330983400344849
0.4982373714447021
0.5080297589302063
0.5209557414054872
0.5041127800941467
0.5095965266227721
0.5236976146697998
0.5495495200157166
0.5483744740486145
0.577751636505127
0.5687426328659058
0.5095965266227721
0.49549549818038946
0.5111633539199829
0.49392870068550104
0.5080297589302063
0.477477490901947
0.4951038062572479
0.4923619329929352
0.46220132708549494
0.483352929353714
0.4684684574604034
0.47512730956077576
0.4794359505176544
0.4598511457443237
0.5052878856658936
0.5887191295623779
0.6780258417129517
0.8162945508956909
1.0
0.4477085769176483
0.0
0.20720720291137693
0.46337643265724177
0.5009792447090149
0.4951038062572479
0.48570308089256287
0.5158637166023254
0.5092048645019531
0.5119467377662659
0.5252643823623657
0.5229142308235168
0.5323148965835571
0.5291813611984253
0.5084214806556702
0.5236976146697998
0.4982373714447021
0.5213474631309509
0.0
0.0
0.0
0.0
0.0
0.0
0.0
0.0
0.0
0.0
0.0
0.0
0.0
0.0
0.0
0.0
0.0
0.0
0.0
0.0
0.0
0.0
0.0
0.0
0.0
0.0
0.0
0.0
0.0
0.0
0.0
0.0
