0.9249616861343384
0.560490071773529
0.26569679379463196
0.23200613260269165
0.17228177189826965
0.04900459572672844
0.08269525319337843
0.06891270726919174
0.04900459572672844
0.05589586496353149
0.09341500699520112
0.07350689172744752
0.09647779166698457
0.08882082998752595
0.08346094936132431
0.08499234169721603
0.10643184930086136
0.141653910279274
0.18529862165451047
0.18836140632629397
0.17611026763916016
0.18453292548656464
0.21286369860172272
0.2228177636861801
0.2725880444049835
0.2986217439174652
0.2970903515815735
0.3169984817504883
0.31393566727638245
0.34150075912475586
0.3522205352783203
0.3330780863761902
0.31852987408638
0.28024503588676447
0.2434915751218796
0.18453292548656464
0.15313935279846191
0.11102603375911713
0.07503828406333923
0.09571209549903868
0.05436447262763977
0.06891270726919174
0.10107197612524033
0.11179172992706297
0.08728943020105363
0.10107197612524033
0.1271056681871414
0.09800919145345689
0.10872894525527954
0.11255742609500884
0.13552832603454587
0.0995405837893486
0.07580398023128508
0.11026033759117126
0.09418070316314696
0.07733537256717683
0.09418070316314696
0.09800919145345689
0.07120980322360992
0.06508422642946243
0.05895865336060524
0.08192955702543257
0.08652373403310774
0.05206738039851189
0.08039816468954086
0.06431853026151657
0.05666156113147736
0.09341500699520112
0.09035222232341766
0.06202143803238869
0.06738131493330002
0.0597243495285511
0.06661561876535416
0.08422664552927017
0.09418070316314696
0.05742725729942322
0.052833076566457755
0.11868300288915634
0.08192955702543257
0.06738131493330002
0.09035222232341766
0.1630934178829193
0.15926493704319
0.15084226429462433
0.20214395225048065
0.25191423296928406
0.2388973981142044
0.276416540145874
0.2427258789539337
0.20673812925815585
0.10796324908733368
0.03062787093222141
0.08346094936132431
0.06355283409357071
0.03292496129870415
0.026033690199255943
0.0
0.06355283409357071
0.017611026763916016
0.009954058565199375
0.10490045696496964
0.17840735614299774
0.509954035282135
0.7419601678848265
1.0
0.5650842189788817
0.2549770176410675
0.2488514482975006
0.12480857223272324
0.07197549939155579
0.06278713792562485
0.022970903664827343
0.014548239298164845
0.024502297863364216
0.0045941807329654685
0.02526799403131008
0.04747319966554642
0.03292496129870415
0.06508422642946243
0.05130168423056602
0.07197549939155579
0.061255741864442825
0.0696784108877182
0.05359877645969391
0.0
0.0
0.0
0.0
0.0
0.0
0.0
0.0
