0.9636803865432739
0.7288135886192322
0.3777239620685577
0.24576270580291748
0.21489104628562927
0.06537530571222305
0.06234866753220558
0.05932203307747841
0.04600484296679497
0.04479419067502022
0.0381355918943882
0.05811138078570366
0.06355932354927063
0.023607747629284855
0.019370460882782936
0.03631961345672608
0.04903147742152215
0.03753026574850082
0.02481840178370476
0.03692493960261345
0.01815980672836304
0.041767556220293045
0.0042372881434857845
0.016949152573943138
0.02481840178370476
0.005447941832244396
0.013922518119215964
0.002421307610347867
0.01876513287425041
0.04903147742152215
0.05932203307747841
0.08171913027763367
0.07808716595172882
0.08111380040645598
0.07929781824350357
0.08050847798585892
0.09322033822536467
0.08050847798585892
0.0714285746216774
0.07506053149700163
0.07324454933404921
0.07203389704227448
0.05932203307747841
0.04237288236618041
0.06355932354927063
0.07082324475049973
0.07203389704227448
0.0714285746216774
0.05326876416802406
0.0690072625875473
0.05326876416802406
0.08171913027763367
0.07384987920522691
0.12893462181091309
0.1598062962293625
0.16585956513881683
0.2354721575975418
0.22457626461982727
0.2009685188531876
0.20641645789146423
0.16162227094173431
0.164043590426445
0.0974576249718666
0.06174334138631821
0.05447942018508911
0.05447942018508911
0.04963680356740952
0.04539951682090759
0.03995157405734062
0.06053268909454346
0.04539951682090759
0.05266343802213669
0.04963680356740952
0.162227600812912
0.42251816391944885
0.6004842519760132
1.0
0.5326876640319824
0.2953995168209076
0.2506053149700165
0.14891041815280914
0.04479419067502022
0.03692493960261345
0.020581113174557682
0.02481840178370476
0.021186441183090206
0.02481840178370476
0.012106537818908691
0.0072639225982129565
0.010290556587278841
0.0
0.0
0.0
0.0
0.0
0.0
0.0
0.0
0.0
0.0
0.0
0.0
0.0
0.0
0.0
0.0
0.0
0.0
0.0
0.0
0.0
0.0
0.0
0.0
0.0
0.0
0.0
0.0
0.0
0.0
0.0
0.0
0.0
0.0
0.0
0.0
0.0
0.0
0.0
0.0
0.0
0.0
