0.7844170928001405
0.8670181632041931
0.344463974237442
0.0
0.0644405409693718
0.16520211100578308
0.22671353816986084
0.2437023967504501
0.2519039213657379
0.2606912851333618
0.2706502676010132
0.2606912851333618
0.25248974561691284
0.2565905153751373
0.2683069705963135
0.2735793888568878
0.26947861909866333
0.26596367359161377
0.2671353220939636
0.2735793888568878
0.2864674925804138
0.2899824380874634
0.285295844078064
0.29759812355041504
0.29994142055511475
0.30228471755981445
0.29994142055511475
0.27533686161041254
0.27826595306396484
0.27709430456161493
0.27885177731513977
0.27650848031044006
0.29584065079689026
0.32161685824394226
0.3263034522533417
0.3251318037509918
0.3134153485298157
0.311072051525116
0.31927359104156494
0.3163444697856903
0.32278850674629206
0.31927359104156494
0.323960155248642
0.3263034522533417
0.3292325735092163
0.33040422201156616
0.3374340832233429
0.336848258972168
0.3380199074745178
0.34094902873039246
0.34680727124214167
0.3374340832233429
0.3268892765045166
0.32278850674629206
0.33040422201156616
0.32981839776039124
0.32161685824394226
0.3181019425392151
0.3140011727809906
0.323960155248642
0.3526654839515686
0.370240181684494
0.3925014734268189
0.3977738618850708
0.4012888073921204
0.41300526261329645
0.40363210439682007
0.36555361747741694
0.3755125999450684
0.3714118301868439
0.33860573172569275
0.3181019425392151
0.30990040302276606
0.28939661383628845
0.2899824380874634
0.28412419557571406
0.26596367359161377
0.27533686161041254
0.27885177731513977
0.27475103735923767
0.2542472183704376
0.19449326395988464
0.09783245623111725
0.2899824380874634
0.6379613280296326
1.0
0.6408904790878296
0.16285881400108335
0.041007615625858314
0.1634446382522583
0.24428822100162503
0.27182191610336304
0.2811950743198395
0.2858816683292389
0.2940831780433655
0.3052138388156891
0.2993555963039398
0.3034563660621643
0.3116578757762909
0.31517282128334045
0.3263034522533417
0.3181019425392151
0.0
0.0
0.0
0.0
0.0
0.0
0.0
0.0
0.0
0.0
0.0
0.0
0.0
0.0
0.0
0.0
0.0
0.0
0.0
0.0
0.0
0.0
0.0
0.0
0.0
0.0
0.0
0.0
0.0
0.0
