1.0
0.7698888182640076
0.6484174728393555
0.6372968554496765
0.6227545142173767
0.6056458353996277
0.5834046006202698
0.57485032081604
0.5953806638717651
0.5902480483055115
0.6022241115570068
0.5799828767776489
0.5774165987968445
0.598802387714386
0.5979469418525696
0.5996578335762024
0.598802387714386
0.5782720446586609
0.5979469418525696
0.5791274309158325
0.582549214363098
0.5902480483055115
0.5705731511116028
0.5782720446586609
0.5765611529350281
0.5637297034263611
0.57485032081604
0.5868263244628905
0.6056458353996277
0.617621898651123
0.617621898651123
0.6278870701789856
0.6065012812614441
0.6039350032806396
0.5799828767776489
0.5808383226394653
0.5628742575645447
0.5680068731307983
0.5603079795837401
0.5508981943130493
0.5483319163322449
0.5329341292381288
0.527801513671875
0.5320786833763123
0.5431993007659912
0.5474764704704285
0.5526090860366821
0.557741641998291
0.538922131061554
0.5235244035720825
0.538922131061554
0.514970064163208
0.5201026797294617
0.5081266164779663
0.5081266164779663
0.5064157247543335
0.503849446773529
0.49700599908828735
0.49957227706909174
0.49700599908828735
0.5243797898292542
0.5089820623397827
0.49957227706909174
0.4961505532264709
0.5209580659866333
0.5132591724395752
0.5124037861824036
0.5201026797294617
0.5517536401748657
0.5842600464820862
0.617621898651123
0.619332790374756
0.6621043682098389
0.6740804314613342
0.6304534077644348
0.6218990683555603
0.5842600464820862
0.5697177052497864
0.5611633658409119
0.538922131061554
0.4790419042110443
0.473053902387619
0.4790419042110443
0.4867407977581024
0.47219845652580256
0.473053902387619
0.473053902387619
0.47562018036842346
0.473909318447113
0.4833190739154816
0.4884516596794128
0.4875962436199188
0.4910179674625397
0.4867407977581024
0.4816082119941712
0.4927288293838501
0.298545777797699
0.0
0.21214713156223297
0.9230111241340637
0.826347291469574
0.7100085616111755
0.955517530441284
0.8913601636886596
0.6509837508201599
0.5124037861824036
0.49957227706909174
0.48075276613235474
0.4670658707618713
0.44824635982513433
0.44739094376564026
0.44225832819938654
0.4362703263759613
0.4627887010574341
0.43969205021858215
0.44396919012069697
0.4191616773605346
0.413173645734787
0.4251497089862824
0.4217279851436615
0.4294268488883972
0.4285714328289032
0.0
0.0
0.0
0.0
0.0
0.0
0.0
0.0
0.0
0.0
