1.0
0.5636026263237
0.2534818947315216
0.0
0.1541318446397781
0.34540390968322754
0.38811513781547546
0.42061281204223633
0.422469824552536
0.427112340927124
0.422469824552536
0.4410399198532104
0.43732589483261114
0.4531104862689972
0.46332404017448425
0.4772516191005706
0.4939647316932678
0.5051068067550659
0.5116063356399536
0.5441039800643921
0.5608170628547668
0.5394614934921265
0.5998142957687378
0.6202414035797119
0.6480965614318848
0.6815227270126343
0.738161563873291
0.8096564412117004
0.8235840201377869
0.8421541452407838
0.8839368820190429
0.9210770726203918
0.9350046515464783
0.8727948069572448
0.8031569123268126
0.7233054637908934
0.670380711555481
0.6183844208717345
0.5413184762001038
0.4874651730060577
0.5060352683067322
0.4791086316108704
0.46610957384109497
0.4596100151538849
0.4772516191005706
0.4883936941623688
0.46982359886169434
0.47260910272598267
0.4549674987792969
0.470752090215683
0.46332404017448425
0.46332404017448425
0.4549674987792969
0.45682451128959656
0.4809656441211701
0.4809656441211701
0.4438254535198212
0.4586815237998962
0.49675023555755615
0.4744661152362824
0.47539460659027094
0.5162488222122192
0.5487465262413025
0.5561745762825012
0.5691736340522766
0.6453110575675964
0.5385329723358153
0.48560816049575806
0.476323127746582
0.46982359886169434
0.4410399198532104
0.44475394487380976
0.4233983159065247
0.4363974034786224
0.4048282206058502
0.4391829073429108
0.41039925813674927
0.4280408620834351
0.4131847620010376
0.3379758596420288
0.4113277494907379
0.5775302052497864
0.9331476092338562
0.6815227270126343
0.41225627064704895
0.12813369929790497
0.10399257391691208
0.3361188471317291
0.36954504251480097
0.4085422456264496
0.4317548871040344
0.44939646124839777
0.4531104862689972
0.4791086316108704
0.4131847620010376
0.4484679698944092
0.44475394487380976
0.4688950777053833
0.4911791980266571
0.47260910272598267
0.0
0.0
0.0
0.0
0.0
0.0
0.0
0.0
0.0
0.0
0.0
0.0
0.0
0.0
0.0
0.0
0.0
0.0
0.0
0.0
0.0
0.0
0.0
0.0
0.0
0.0
0.0
0.0
0.0
0.0
0.0
0.0
