1.0
0.9414095878601073
0.1519954651594162
0.04500424489378929
0.0
0.059156525880098336
0.05604302138090134
0.11123690754175186
0.15482592582702637
0.15539202094078064
0.17124256491661072
0.16388338804244995
0.1658647060394287
0.16699688136577606
0.1650155633687973
0.15567506849765775
0.1658647060394287
0.16982734203338623
0.15086328983306885
0.16954429447650907
0.19530144333839417
0.19048966467380524
0.18737617135047913
0.18086612224578855
0.1910557597875595
0.17124256491661072
0.1788848042488098
0.15142938494682312
0.15539202094078064
0.15171243250370023
0.15114633738994598
0.15454287827014923
0.17152561247348783
0.16020379960536957
0.17095951735973358
0.1587885618209839
0.1853948533535004
0.18143221735954285
0.18001697957515717
0.17775261402130127
0.18058307468891144
0.1675629764795303
0.18765921890735623
0.1681290715932846
0.1907727122306824
0.1879422515630722
0.1794508844614029
0.17831870913505554
0.16982734203338623
0.1865270286798477
0.1794508844614029
0.1658647060394287
0.16699688136577606
0.1587885618209839
0.17775261402130127
0.1650155633687973
0.17322388291358948
0.1848287582397461
0.16529861092567444
0.16303424537181854
0.1587885618209839
0.17548824846744537
0.17124256491661072
0.16926124691963196
0.17520520091056824
0.1780356615781784
0.17067648470401764
0.18850834667682648
0.18030002713203433
0.17152561247348783
0.16218511760234833
0.1641664355993271
0.1641664355993271
0.16982734203338623
0.1978488564491272
0.41211435198783875
0.7107274532318115
0.7404472231864929
0.7472403049468994
0.7933767437934875
0.7647891044616699
0.7851684093475341
0.7599773406982422
0.7523351311683655
0.7523351311683655
0.1933201253414154
0.0
0.0
0.0
0.0
0.0
0.0
0.0
0.0
0.0
0.0
0.0
0.0
0.0
0.0
0.0
0.0
0.0
0.0
0.0
0.0
0.0
0.0
0.0
0.0
0.0
0.0
0.0
0.0
0.0
0.0
0.0
0.0
0.0
0.0
0.0
0.0
0.0
0.0
0.0
0.0
0.0
0.0
0.0
0.0
0.0
0.0
