0.9095744490623474
0.821143627166748
0.6555851101875305
0.3198138177394867
0.16223403811454773
0.09840425848960876
0.04255319014191628
0.022606382146477696
0.03324468061327934
0.019946807995438572
0.05385638400912285
0.05053191632032394
0.05319149047136306
0.06981383264064789
0.08111701905727385
0.09242021292448045
0.0831117033958435
0.10638298094272612
0.11702127754688262
0.1283244639635086
0.1595744639635086
0.1702127605676651
0.19348403811454767
0.22938829660415647
0.2313829809427261
0.24800531566143036
0.25
0.24401596188545227
0.2493351101875305
0.23470744490623477
0.21542553603649137
0.17287233471870422
0.1376329809427261
0.10837765783071517
0.05585106462240219
0.05385638400912285
0.04654255136847496
0.022606382146477696
0.040558509528636925
0.02992021292448044
0.03922872245311737
0.05718085169792175
0.05385638400912285
0.047872342169284814
0.06848404556512833
0.06050531938672066
0.06648936122655869
0.05518617108464241
0.056515958160161965
0.059175532311201096
0.06914893537759781
0.06449468433856964
0.07180850952863693
0.08377659320831299
0.0658244714140892
0.06848404556512833
0.07712765783071518
0.04920212924480438
0.05053191632032394
0.07845744490623474
0.0944148972630501
0.13430851697921753
0.1456117033958435
0.1496010571718216
0.22140957415103912
0.21077127754688263
0.22739361226558685
0.24667553603649137
0.2253989428281784
0.14494681358337402
0.09175531566143037
0.040558509528636925
0.013962766155600548
0.012632979080080986
0.010638297535479069
0.005984042771160603
0.019946807995438572
0.0
0.012632979080080986
0.010638297535479069
0.12367021292448044
0.177526593208313
0.15425531566143036
0.40957447886466974
1.0
0.8902925252914429
0.696143627166748
0.33444148302078247
0.21077127754688263
0.13098403811454773
0.0625
0.04654255136847496
0.043218083679676056
0.05252659693360329
0.04920212924480438
0.06183510646224022
0.0831117033958435
0.08510638028383255
0.10106383264064787
0.09773936122655869
0.11369680613279343
0.12632979452610016
0.11768616735935213
0.0
0.0
0.0
0.0
0.0
0.0
0.0
0.0
0.0
0.0
0.0
0.0
0.0
0.0
0.0
0.0
0.0
0.0
0.0
0.0
0.0
0.0
0.0
0.0
0.0
0.0
0.0
0.0
0.0
