0.9231155514717102
0.8658291697502136
0.4462311565876007
0.1412060260772705
0.0
0.0914572849869728
0.1492462307214737
0.24824120104312897
0.34321609139442444
0.38140702247619623
0.3924623131752014
0.3959799110889434
0.41859295964241033
0.41557788848876953
0.4271356761455536
0.4417085349559784
0.43718594312667847
0.4658291339874268
0.4718593060970306
0.48944723606109614
0.4974874258041382
0.5165829062461853
0.5211055278778076
0.5261306762695312
0.5241206288337708
0.5306532382965088
0.5140703320503235
0.5010050535202025
0.48793968558311457
0.45678392052650446
0.4542713463306427
0.4246231019496918
0.44221106171607966
0.4170854389667511
0.41557788848876953
0.45879396796226496
0.44773870706558233
0.4482412040233612
0.4788944721221924
0.4783919453620911
0.488442212343216
0.4899497628211975
0.4974874258041382
0.5
0.5628140568733215
0.5854271650314331
0.5994974970817566
0.6211055517196655
0.6336683630943297
0.656783938407898
0.6603015065193176
0.7150753736495972
0.6577889323234558
0.6040201187133789
0.5482411980628967
0.5613065361976624
0.5090452432632446
0.46482411026954645
0.45879396796226496
0.4532663226127625
0.4271356761455536
0.4381909668445587
0.44723618030548096
0.4316582977771759
0.41557788848876953
0.4246231019496918
0.4090452194213867
0.4346733689308167
0.45376884937286377
0.5753768682479857
0.870351731777191
1.0
0.6613065600395203
0.3572864234447479
0.10301507264375687
0.13366834819316864
0.1829145699739456
0.2633165717124939
0.36381909251213074
0.42211055755615234
0.44572862982749933
0.4492462277412415
0.4502512514591217
0.47135677933692927
0.48643216490745533
0.0
0.0
0.0
0.0
0.0
0.0
0.0
0.0
0.0
0.0
0.0
0.0
0.0
0.0
0.0
0.0
0.0
0.0
0.0
0.0
0.0
0.0
0.0
0.0
0.0
0.0
0.0
0.0
0.0
0.0
0.0
0.0
0.0
0.0
0.0
0.0
0.0
0.0
0.0
0.0
0.0
0.0
0.0
0.0
0.0
0.0
0.0
