0.9734630584716797
0.5714285969734192
0.32153913378715515
0.1879699230194092
0.08624502271413803
0.1269349902868271
0.1424148678779602
0.14374171197414398
0.13489606976509094
0.1463954001665115
0.13754975795745847
0.15170279145240784
0.14374171197414398
0.14108800888061523
0.15524104237556455
0.15214507281780243
0.15833701193332672
0.1680672317743301
0.16275984048843384
0.17116320133209229
0.17425917088985443
0.17337460815906525
0.1680672317743301
0.16143299639225006
0.16231755912303925
0.15656788647174835
0.16187527775764465
0.16010615229606628
0.14064572751522064
0.15258735418319702
0.13003095984458923
0.12428129464387892
0.11145510524511336
0.09287925809621811
0.1101282611489296
0.10703228414058684
0.12781955301761627
0.1428571492433548
0.1428571492433548
0.15922158956527707
0.17160548269748688
0.1755860298871994
0.1822202503681183
0.17868199944496155
0.17956656217575073
0.18841220438480377
0.17249004542827606
0.17823971807956696
0.17249004542827606
0.17868199944496155
0.17823971807956696
0.17425917088985443
0.18133568763732913
0.1649712473154068
0.16585581004619598
0.16010615229606628
0.17249004542827606
0.17691287398338315
0.15568332374095917
0.16762495040893555
0.1530296355485916
0.1534719169139862
0.17912428081035614
0.14551083743572235
0.15081822872161865
0.15524104237556455
0.1463954001665115
0.16010615229606628
0.15258735418319702
0.14595311880111694
0.15789473056793213
0.16231755912303925
0.15701016783714294
0.1539141982793808
0.15524104237556455
0.14595311880111694
0.14993365108966827
0.1481645256280899
0.14551083743572235
0.15258735418319702
0.15037593245506287
0.1587793081998825
0.15479876101016998
0.14949136972427368
0.15170279145240784
0.14595311880111694
0.14064572751522064
0.15081822872161865
0.14683768153190613
0.14153029024600983
0.1477222442626953
0.14683768153190613
0.14108800888061523
0.13445378839969635
0.14551083743572235
0.17249004542827606
0.2012383937835693
0.2242370694875717
0.21804511547088623
0.23750552535057068
0.24413976073265076
0.270676702260971
0.2702344059944153
0.23662096261978147
0.22821760177612305
0.17823971807956696
0.13578063249588013
0.11676249653100967
0.109685979783535
0.11101282387971878
0.10570544004440308
0.120300754904747
0.11764705926179884
0.06722689419984818
0.025652365759015083
0.014595312066376208
0.3069438338279724
0.8403361439704894
1.0
0.639982283115387
0.23883236944675443
0.0818222016096115
0.0
0.04820875823497772
0.08934099972248077
0.08580274134874342
0.09376382082700728
0.11410880088806152
0.10039805620908736
0.10128261893987656
0.109685979783535
0.08978328108787537
