0.9801663756370544
0.9136276245117188
0.6500319838523865
0.34101086854934687
0.15738964080810547
0.13371720910072327
0.22648751735687253
0.13051822781562805
0.14331413805484772
0.1490722894668579
0.12476007640361785
0.11900191754102706
0.15419065952301023
0.11452335119247437
0.1401151567697525
0.14203454554080963
0.15866921842098236
0.1605886071920395
0.1490722894668579
0.19257837533950803
0.1861804276704788
0.20729365944862363
0.2834292948246002
0.23672424256801605
0.2565579116344452
0.2552783191204071
0.2994241714477539
0.31158030033111567
0.3256557881832123
0.34420984983444214
0.3595649302005768
0.4069097936153412
0.4126679599285126
0.39987203478813166
0.4420985281467438
0.3921945095062256
0.3544465899467468
0.3307741582393646
0.2770313620567322
0.2610364556312561
0.2066538780927658
0.21113243699073792
0.17466410994529724
0.15994881093502045
0.15866921842098236
0.1445937305688858
0.02047344855964184
0.1151631474494934
0.11004478484392166
0.126679465174675
0.13115802407264707
0.13243761658668518
0.1535508632659912
0.12028151005506516
0.14395393431186676
0.13755598664283752
0.1343570053577423
0.14395393431186676
0.126679465174675
0.1356365978717804
0.11708253622055052
0.0914907231926918
0.1317978203296661
0.10428662598133089
0.1343570053577423
0.1106845811009407
0.11708253622055052
0.11644273996353148
0.08317338675260544
0.11964171379804613
0.11260396987199783
0.10876519232988356
0.15419065952301023
0.09980805963277815
0.08829174935817719
0.07549583911895752
0.11836212128400803
0.15163147449493408
0.1554702520370483
0.18234165012836456
0.1842610388994217
0.1829814463853836
0.18170185387134552
0.12220089882612228
0.15866921842098236
0.08125399798154832
0.11836212128400803
0.057581573724746704
0.03007037751376629
0.05118362233042717
0.0339091494679451
0.048624441027641296
0.048624441027641296
0.024312220513820648
0.058221369981765754
0.0
0.04478566721081734
0.02495201490819454
0.012795905582606792
0.05886116623878479
0.08573256433010101
0.5841330885887146
1.0
0.7101727724075316
0.5515035390853882
0.2066538780927658
0.11004478484392166
0.09277031570672989
0.09724888205528259
0.07805502414703369
0.07357645779848097
0.08189379423856734
0.08637236058712004
0.07165706902742386
0.12603966891765594
0.09277031570672989
0.11132437735795973
0.10684581100940704
0.11964171379804613
0.12859885394573212
0.13371720910072327
0.14651311933994293
0.0
0.0
0.0
0.0
0.0
0.0
0.0
0.0
0.0
0.0
