0.880522072315216
0.40361446142196655
0.0602409653365612
0.0
0.021084336563944817
0.12449799478054047
0.2730923593044281
0.29417669773101807
0.3042168617248535
0.31124499440193176
0.2751004099845886
0.28313252329826355
0.2560240924358368
0.23995983600616452
0.23895582556724548
0.20983935892581937
0.25702810287475586
0.27409639954566956
0.2841365337371826
0.32831326127052307
0.3012048304080963
0.3594377636909485
0.3313252925872803
0.36646586656570435
0.3845381438732147
0.41867470741271967
0.4748995900154114
0.42670682072639465
0.4317269027233124
0.4487951695919037
0.4377509951591492
0.48995983600616455
0.4688754975795746
0.564257025718689
0.6616466045379639
0.6676706671714783
0.7028112411499025
0.6074297428131104
0.5401606559753418
0.5502008199691772
0.5361445546150208
0.5170682668685913
0.4748995900154114
0.46285140514373774
0.45481929183006287
0.4257028102874756
0.45783132314682007
0.39759036898612976
0.4086345434188842
0.44979920983314514
0.44477912783622736
0.4959839284420013
0.4467871487140656
0.434738963842392
0.4377509951591492
0.4317269027233124
0.4728915691375733
0.4668674767017365
0.45582330226898193
0.4799196720123291
0.4849397540092468
0.5421686768531799
0.4769076406955719
0.4337349534034729
0.4216867387294769
0.4086345434188842
0.4769076406955719
0.47791165113449097
0.46987950801849365
0.5271084308624268
0.4407630562782288
0.5542168617248535
0.8012048006057739
1.0
0.9969879388809203
0.8363453745841981
0.5983935594558716
0.07329317182302475
0.049196787178516395
0.06927710771560669
0.1295180767774582
0.2821285128593445
0.3132530152797699
0.30923694372177124
0.3544176816940308
0.2590361535549164
0.2530120611190796
0.21184739470481873
0.18574297428131104
0.23192770779132843
0.21285140514373777
0.29417669773101807
0.3042168617248535
0.3022088408470154
0.28313252329826355
0.2811245024204254
0.2871485948562622
0.2650602459907532
0.2781124413013458
0.30020079016685486
0.3012048304080963
0.3172690868377685
0.37148594856262207
0.392570286989212
0.4367469847202301
0.46285140514373774
0.5210843086242676
0.5080321431159973
0.6716867685317993
0.6807228922843933
0.5963855385780334
0.5913654565811157
0.531124472618103
0.4718875586986542
0.434738963842392
0.4016064405441284
0.4046184718608856
0.336345374584198
0.3242971897125244
0.32329317927360535
0.3012048304080963
0.3333333432674408
0.33534136414527893
0.3313252925872803
0.3202811181545257
0.3102409541606903
0.0
0.0
0.0
0.0
0.0
0.0
