1.0
0.7968831062316895
0.5844155550003052
0.298701286315918
0.022337662056088448
0.02909090928733349
0.1257142871618271
0.1236363649368286
0.18701298534870148
0.17194804549217224
0.15272727608680725
0.18285714089870447
0.16103896498680115
0.19688311219215396
0.1937662363052368
0.18909090757369995
0.21870130300521848
0.19272726774215695
0.22285714745521543
0.22753246128559113
0.2129870057106018
0.2529870271682739
0.2161038964986801
0.2441558390855789
0.2555844187736511
0.2498701363801956
0.2836363613605499
0.24519480764865875
0.28987014293670654
0.2711688280105591
0.2877922058105469
0.31792208552360535
0.2872727215290069
0.3059740364551544
0.2961038947105408
0.2825973927974701
0.28987014293670654
0.22649350762367249
0.239999994635582
0.2363636344671249
0.21662338078022003
0.2270129919052124
0.1761038899421692
0.19168831408023837
0.1937662363052368
0.16311688721179962
0.2067532539367676
0.1620779186487198
0.2015584409236908
0.18337662518024445
0.173506498336792
0.2098701298236847
0.16155843436717987
0.19688311219215396
0.19428572058677676
0.19272726774215695
0.19948051869869232
0.16987012326717377
0.2077922075986862
0.19272726774215695
0.1864935010671616
0.2015584409236908
0.16519480943679807
0.1963636428117752
0.18597403168678284
0.17142857611179352
0.19480518996715543
0.173506498336792
0.19688311219215396
0.1625974029302597
0.1594805121421814
0.19012987613677976
0.1657142788171768
0.18909090757369995
0.16935065388679504
0.15272727608680725
0.18285714089870447
0.1402597427368164
0.1683116853237152
0.1599999964237213
0.1459740251302719
0.17922078073024747
0.15324676036834717
0.17714285850524902
0.16155843436717987
0.145454540848732
0.18753246963024137
0.14961038529872894
0.18285714089870447
0.17246752977371216
0.19532467424869537
0.23688311874866483
0.19948051869869232
0.2664934992790222
0.2893506586551666
0.26961037516593933
0.29506492614746094
0.18805195391178128
0.2192207723855972
0.17454545199871063
0.1490909159183502
0.14753246307373047
0.10025974363088608
0.14077922701835632
0.12519480288028717
0.10753246396780014
0.13558441400527954
0.08935064822435379
0.052467532455921166
0.12155844271183013
0.32831168174743647
0.626493513584137
0.8820779323577882
0.9724675416946413
0.6872727274894713
0.4898701310157776
0.1257142871618271
0.0
0.13506492972373962
0.15480519831180573
0.17766234278678894
0.21714285016059875
0.18753246963024137
0.21714285016059875
0.2067532539367676
0.1989610344171524
0.23168830573558807
0.19740259647369385
0.23688311874866483
0.2296103835105896
0.21818181872367856
0.25038960576057434
