1.0
0.833828866481781
0.3706640303134918
0.1671622097492218
0.08424182236194609
0.0495540127158165
0.03964320942759514
0.039312850683927536
0.028741328045725822
0.030393129214644432
0.015196564607322216
0.026428807526826855
0.020482325926423073
0.00825900211930275
0.009580442681908607
0.010571522638201712
0.01850016601383686
0.024446647614240646
0.016187643632292747
0.01916088536381721
0.02411628700792789
0.05285761505365372
0.08787578344345091
0.1010901853442192
0.14701023697853088
0.18863561749458313
0.22926990687847135
0.25602906942367554
0.2652791440486908
0.25933268666267395
0.20944829285144803
0.1668318510055542
0.1328047513961792
0.09646514803171155
0.08886686712503433
0.07135777920484543
0.07102742046117783
0.05153617262840271
0.05550049617886543
0.062438055872917175
0.05847373604774475
0.045589692890644073
0.059134457260370255
0.04625041410326958
0.07003633677959442
0.047571852803230286
0.047571852803230286
0.05219689384102821
0.03964320942759514
0.03832177072763442
0.0505450926721096
0.041955731809139245
0.0498843751847744
0.03733069077134132
0.03865212947130203
0.03633961081504822
0.030723487958312035
0.05682193487882614
0.030723487958312035
0.054179053753614426
0.04162537306547165
0.051205813884735114
0.05285761505365372
0.0667327418923378
0.08523290604352951
0.10439378768205641
0.12388503551483154
0.12884043157100675
0.13676907122135162
0.14502808451652527
0.0997687503695488
0.09349190443754195
0.09844730794429779
0.04426825419068336
0.01816980540752411
0.008589362725615501
0.02411628700792789
0.025107366964221
0.01684836484491825
0.015526924282312391
0.030723487958312035
0.03171456977725029
0.04030393064022064
0.020482325926423073
0.06508094072341919
0.3145028054714203
0.6022464632987976
0.7915427684783934
0.948794186115265
0.9596960544586179
0.5064420104026793
0.25635942816734314
0.1034027114510536
0.05550049617886543
0.0327056497335434
0.031053848564624783
0.016187643632292747
0.020812686532735825
0.010901883244514464
0.0125536834821105
0.007598282303661107
0.0
0.015196564607322216
0.010901883244514464
0.015196564607322216
0.0
0.0
0.0
0.0
0.0
0.0
0.0
0.0
0.0
0.0
0.0
0.0
0.0
0.0
0.0
0.0
0.0
0.0
0.0
0.0
0.0
0.0
0.0
0.0
0.0
0.0
0.0
