1.0
0.8224043846130371
0.31079235672950745
0.0
0.2452185750007629
0.3394808769226074
0.39412567019462585
0.4692623019218445
0.4938524663448334
0.49590164422988886
0.5116119980812073
0.5211748480796814
0.5368852615356445
0.5286885499954224
0.5355191230773926
0.5382513403892517
0.5157103538513184
0.5102459192276001
0.5478141903877257
0.5676229596138
0.5928961634635925
0.6045082211494446
0.6345628499984741
0.6789617538452148
0.6919398903846741
0.7165300250053406
0.7663934230804443
0.818989098072052
0.8545082211494445
0.877732217311859
0.9187158346176147
0.9262295365333555
0.9610655903816224
0.9822404384613037
0.9815573692321776
0.9610655903816224
0.9036885499954224
0.8715847134590149
0.8101093173027039
0.7575136423110963
0.6789617538452148
0.626366138458252
0.6154371500015259
0.6017759442329407
0.5799180269241333
0.5710382461547852
0.5867486596107483
0.5771858096122742
0.556693971157074
0.5710382461547852
0.5710382461547852
0.5676229596138
0.5867486596107483
0.6140710115432739
0.5901639461517334
0.6038251519203186
0.5819672346115112
0.5990437269210817
0.5908470153808594
0.0
0.0
0.0
0.0
0.0
0.0
0.0
0.0
0.0
0.0
0.0
0.0
0.0
0.0
0.0
0.0
0.0
0.0
0.0
0.0
0.0
0.0
0.0
0.0
0.0
0.0
0.0
0.0
0.0
0.0
0.0
0.0
0.0
0.0
0.0
0.0
0.0
0.0
0.0
0.0
0.0
0.0
0.0
0.0
0.0
0.0
0.0
0.0
0.0
0.0
0.0
0.0
0.0
0.0
0.0
0.0
0.0
0.0
0.0
0.0
0.0
0.0
0.0
0.0
0.0
0.0
0.0
0.0
0.0
0.0
0.0
0.0
0.0
