0.9213075041770936
0.40314769744873047
0.023002421483397484
0.10774818062782288
0.22033898532390597
0.157384991645813
0.22276028990745544
0.2263922542333603
0.16949152946472168
0.17554479837417603
0.22154963016510007
0.17917676270008087
0.18280871212482447
0.2094430923461914
0.24092009663581848
0.22276028990745544
0.20823244750499725
0.29176756739616394
0.2336561679840088
0.25544795393943787
0.27481839060783386
0.2808716595172882
0.27481839060783386
0.3050847351551056
0.32808718085289
0.32808718085289
0.319612592458725
0.34140434861183167
0.3075060546398163
0.3171912729740143
0.3305084705352783
0.3123486638069153
0.30629539489746094
0.2663438320159912
0.24213075637817383
0.23607748746871948
0.21670702099800107
0.2566585838794708
0.2336561679840088
0.24213075637817383
0.2142857164144516
0.2142857164144516
0.2046004831790924
0.24213075637817383
0.2590799033641815
0.2953995168209076
0.24576270580291748
0.2675544917583465
0.243341401219368
0.25786924362182617
0.26392251253128046
0.2506053149700165
0.2832929790019989
0.20823244750499725
0.2736077606678009
0.22760289907455444
0.22881355881690976
0.20581114292144773
0.2046004831790924
0.1985472142696381
0.2263922542333603
0.21791768074035645
0.157384991645813
0.2263922542333603
0.3341404497623444
0.34382566809654236
0.3765133023262024
0.4382566511631012
0.33171913027763367
0.4261501133441925
0.30629539489746094
0.2953995168209076
0.31598064303398127
0.23607748746871948
0.15012106299400327
0.15375302731990814
0.07990314811468124
0.09927360713481904
0.09564164280891417
0.0883777216076851
0.06779661029577255
0.06174334138631821
0.07506053149700163
0.09564164280891417
0.20823244750499725
0.32566586136817927
0.3922518193721771
0.6985472440719604
1.0
0.4794188737869263
0.041162226349115365
0.0
0.1598062962293625
0.08232445269823073
0.1476997584104538
0.17554479837417603
0.1234866827726364
0.10653752833604813
0.162227600812912
0.15617433190345764
0.1525423675775528
0.14891041815280914
0.21549636125564572
0.162227600812912
0.1598062962293625
0.0
0.0
0.0
0.0
0.0
0.0
0.0
0.0
0.0
0.0
0.0
0.0
0.0
0.0
0.0
0.0
0.0
0.0
0.0
0.0
0.0
0.0
0.0
0.0
0.0
0.0
0.0
