1.0
0.5200266838073729
0.2429906576871872
0.04205607622861862
0.14419226348400116
0.17623497545719147
0.17623497545719147
0.1949265748262405
0.17289718985557556
0.16088117659091947
0.16088117659091947
0.14552736282348633
0.16088117659091947
0.1755674183368683
0.23097462952136996
0.17356474697589874
0.16288384795188904
0.14419226348400116
0.14552736282348633
0.20627503097057345
0.1849132180213928
0.18291054666042328
0.20827770233154297
0.22029373049736023
0.2750333845615387
0.2716955840587616
0.2603471279144287
0.29172229766845703
0.29773029685020447
0.3818424642086029
0.3871829211711884
0.389853149652481
0.44058746099472046
0.4599466025829315
0.5173564553260803
0.47997328639030457
0.48064085841178894
0.41989320516586304
0.4078771770000458
0.3825100064277649
0.29305741190910334
0.307076096534729
0.29105472564697266
0.18024031817913053
0.185580775141716
0.17423230409622192
0.19425901770591733
0.16088117659091947
0.1468624770641327
0.15487316250801086
0.18224298954010007
0.1141522005200386
0.16488651931285858
0.17757008969783783
0.18825100362300873
0.13150867819786072
0.16955941915512085
0.1708945333957672
0.11815754324197768
0.19359146058559415
0.15487316250801086
0.17423230409622192
0.17757008969783783
0.15487316250801086
0.19759678840637207
0.1889185607433319
0.1755674183368683
0.17289718985557556
0.1421895921230316
0.22162884473800656
0.18024031817913053
0.19092123210430145
0.21762350201606753
0.1849132180213928
0.1869158893823624
0.1708945333957672
0.19092123210430145
0.18224298954010007
0.14753003418445587
0.21161548793315887
0.19158878922462463
0.19626168906688687
0.17356474697589874
0.12683577835559845
0.19826434552669525
0.185580775141716
0.1922563463449478
0.14886514842510223
0.2002670168876648
0.2069425880908966
0.15821094810962677
0.21161548793315887
0.1708945333957672
0.1635514050722122
0.18825100362300873
0.215620830655098
0.20894525945186612
0.257676899433136
0.23364485800266263
0.29305741190910334
0.2716955840587616
0.30907878279685974
0.28304407000541687
0.2516689002513885
0.2783711552619934
0.23097462952136996
0.21762350201606753
0.1682243049144745
0.1255006641149521
0.128838449716568
0.09679573029279709
0.1388518065214157
0.11882510036230089
0.09412550181150435
0.08678237348794937
0.0
0.1995994597673416
0.46528705954551697
0.9045394062995911
0.5587449669837952
0.3297730386257172
0.023364486172795292
0.014686248265206812
0.07076101750135422
0.13818424940109253
0.14753003418445587
0.13684913516044617
0.1395193636417389
0.10480640828609467
0.16221629083156583
0.16488651931285858
0.1682243049144745
