0.9840686321258546
1.0
0.958639681339264
0.7797181606292723
0.6207107901573181
0.5808823704719543
0.5753676295280457
0.563725471496582
0.5563725233078003
0.5560661554336548
0.5551470518112184
0.5551470518112184
0.5569853186607361
0.561274528503418
0.5628063678741455
0.5615808963775635
0.5621936321258545
0.5609681606292725
0.5628063678741455
0.5585171580314636
0.5557597875595093
0.5545343160629272
0.5496323704719543
0.5499387383461
0.5471813678741455
0.546875
0.545649528503418
0.5431985259056091
0.5410539507865906
0.545649528503418
0.5490196347236633
0.5523896813392639
0.5594362616539001
0.5738357901573181
0.5863970518112184
0.6017156839370728
0.6029411554336548
0.5962010025978088
0.5848652124404907
0.5738357901573181
0.561887264251709
0.5526960492134094
0.5425857901573181
0.5370710492134094
0.5291053652763367
0.5235906839370728
0.516850471496582
0.513786792755127
0.5131739974021912
0.5091911554336548
0.5021446347236633
0.4966298937797546
0.49417892098426813
0.48529410362243647
0.48131126165390015
0.47732841968536377
0.4699755012989044
0.468137264251709
0.4623161852359772
0.45772057771682734
0.4528186321258545
0.44883579015731806
0.44117647409439087
0.43443626165390015
0.42769607901573187
0.4231005012989044
0.4145220518112183
0.4065563678741455
0.40165442228317266
0.3946078419685364
0.3909313678741455
0.3866421580314636
0.3826593160629272
0.3746936321258545
0.3658088147640228
0.3596813678741455
0.35355392098426813
0.3489583432674408
0.3425244987010956
0.3388480246067047
0.34191176295280457
0.3538602888584137
0.3532475531101227
0.3541666567325592
0.3728553950786591
0.3881740272045136
0.40042892098426813
0.3737744987010956
0.36825981736183167
0.3174019753932953
0.2760416567325592
0.23897059261798856
0.22181372344493863
0.22947303950786593
0.28400734066963196
0.32077205181121826
0.3590686321258545
0.403492659330368
0.49632352590560913
0.5818014740943909
0.6133578419685364
0.6182597875595093
0.6072303652763367
0.5652573704719543
0.5248161554336548
0.578737735748291
0.5431985259056091
0.4059436321258545
0.20251224935054776
0.10845588147640228
0.08609068393707275
0.06127450987696648
0.04748774692416191
0.038909312337636955
0.03339460864663124
0.026348039507865902
0.012867647223174572
0.010723039507865904
0.005514706019312143
0.0
0.0
0.0
0.0
0.0
0.0
0.0
0.0
0.0
0.0
0.0
0.0
0.0
