0.9831479787826538
0.7478935122489929
0.3046848773956299
0.01752611994743347
0.13987192511558533
0.20492079854011533
0.2615436613559723
0.35894843935966486
0.42433434724807734
0.44489383697509766
0.4654533267021179
0.463094025850296
0.45466801524162287
0.4496124088764191
0.4465790390968322
0.45669025182724
0.45736435055732727
0.4512976109981537
0.4512976109981537
0.46140882372856146
0.46646443009376526
0.47320526838302607
0.4907313883304596
0.5005055665969849
0.5021907687187195
0.5011796355247498
0.5133131146430969
0.5214020609855652
0.5220761895179749
0.517020583152771
0.5042130351066588
0.4967980980873108
0.48870912194252014
0.4924165904521942
0.4860128164291382
0.47623863816261286
0.47320526838302607
0.47826087474823
0.4742163717746735
0.4742163717746735
0.47320526838302607
0.48028311133384705
0.47994607686996454
0.47960904240608215
0.4856757521629333
0.4900572896003723
0.5018537044525145
0.534209668636322
0.5460060834884644
0.5321874022483826
0.5460060834884644
0.5166835188865662
0.4934276938438416
0.46039772033691406
0.45904955267906183
0.4755645394325256
0.47320526838302607
0.48062014579772955
0.4668014943599701
0.4647792279720306
0.47320526838302607
0.473879337310791
0.4694977998733521
0.4725311696529389
0.4715200662612915
0.4745534062385559
0.5618469715118408
0.7148634791374208
0.7664307355880737
0.7620491981506348
1.0
0.6380181908607483
0.14796090126037595
0.0
0.11459386348724364
0.1843613088130951
0.27502527832984924
0.36198180913925165
0.4297269880771637
0.4482642412185669
0.4563532173633576
0.46444219350814814
0.4637681245803833
0.46039772033691406
0.0
0.0
0.0
0.0
0.0
0.0
0.0
0.0
0.0
0.0
0.0
0.0
0.0
0.0
0.0
0.0
0.0
0.0
0.0
0.0
0.0
0.0
0.0
0.0
0.0
0.0
0.0
0.0
0.0
0.0
0.0
0.0
0.0
0.0
0.0
0.0
0.0
0.0
0.0
0.0
0.0
0.0
0.0
0.0
0.0
0.0
0.0
0.0
