1.0
0.43999999761581426
0.3569999933242798
0.19400000572204587
0.06700000166893005
0.15800000727176666
0.2150000035762787
0.29899999499320984
0.2529999911785126
0.27000001072883606
0.2759999930858612
0.2759999930858612
0.289000004529953
0.30300000309944153
0.31099998950958246
0.3000000119209289
0.32600000500679016
0.35600000619888306
0.3709999918937683
0.3959999978542328
0.38199999928474426
0.4169999957084656
0.4519999921321869
0.49700000882148737
0.5440000295639038
0.5789999961853027
0.6039999723434448
0.6520000100135803
0.6740000247955321
0.6859999895095825
0.6759999990463257
0.6420000195503235
0.5920000076293945
0.5230000019073486
0.46599999070167536
0.4199999868869781
0.39500001072883606
0.37299999594688416
0.36199998855590815
0.3529999852180481
0.33700001239776606
0.35600000619888306
0.35100001096725464
0.3470000028610229
0.40299999713897705
0.4639999866485596
0.5400000214576721
0.6119999885559082
0.5950000286102295
0.5730000138282776
0.5870000123977661
0.5490000247955321
0.5019999742507936
0.45100000500679016
0.4309999942779541
0.3269999921321869
0.3330000042915344
0.2829999923706054
0.25699999928474426
0.23000000417232516
0.2029999941587448
0.20000000298023224
0.19499999284744263
0.19400000572204587
0.2160000056028366
0.04600000008940697
0.028999999165534973
0.014000000432133675
0.5370000004768372
0.9459999799728392
0.25999999046325684
0.14000000059604645
0.019999999552965164
0.10199999809265135
0.23100000619888303
0.25999999046325684
0.25099998712539673
0.239999994635582
0.2680000066757202
0.2770000100135803
0.27399998903274536
0.2840000092983246
0.289000004529953
0.296999990940094
0.31700000166893005
0.3470000028610229
0.3440000116825104
0.3589999973773956
0.37299999594688416
0.4169999957084656
0.44699999690055847
0.46500000357627863
0.5019999742507936
0.5529999732971193
0.5830000042915344
0.628000020980835
0.625
0.6579999923706055
0.6610000133514404
0.6449999809265137
0.6119999885559082
0.5640000104904175
0.49900001287460327
0.4720000028610229
0.4379999935626984
0.39500001072883606
0.37299999594688416
0.36700001358985906
0.36000001430511475
0.37299999594688416
0.32899999618530273
0.3470000028610229
0.36899998784065247
0.4120000004768372
0.4930000007152557
0.5540000200271606
0.6079999804496765
0.5339999794960022
0.5350000262260437
0.5389999747276306
0.4860000014305114
0.42100000381469727
0.4269999861717224
0.36199998855590815
0.3400000035762787
0.33799999952316284
0.2720000147819519
0.23700000345706937
0.23100000619888303
0.239999994635582
0.2240000069141388
0.21999999880790713
