0.9902067184448241
0.6822633147239685
0.2916213274002075
0.0
0.0217627864331007
0.27312296628952026
0.35255712270736694
0.4004352688789368
0.4134929180145264
0.41675734519958496
0.4134929180145264
0.45266595482826233
0.44613710045814514
0.47442871332168574
0.4896626770496368
0.49401524662971497
0.5136017203330994
0.5473340749740601
0.5364526510238647
0.5397170782089232
0.5745375156402588
0.6017410159111023
0.6137105822563171
0.6332970857620239
0.6887921690940857
0.719260036945343
0.8030467629432678
0.8041349053382874
0.8813928365707396
0.9162132740020753
0.9640914201736449
1.0
0.9586507081985473
0.9499455690383912
0.9205658435821533
0.7943416833877563
0.7083786725997925
0.6104461550712585
0.5603917241096497
0.5005440711975098
0.48857453465461725
0.47986942529678334
0.43416756391525274
0.44613710045814514
0.44178456068038946
0.43416756391525274
0.44613710045814514
0.4200217723846436
0.4330794215202332
0.44613710045814514
0.4178454875946045
0.4309031665325165
0.4265505969524384
0.4221980273723602
0.4080522358417511
0.4113166630268097
0.46572360396385193
0.4330794215202332
0.390641987323761
0.4091403782367706
0.44722524285316473
0.5136017203330994
0.5658324360847473
0.0
0.0
0.0
0.0
0.0
0.0
0.0
0.0
0.0
0.0
0.0
0.0
0.0
0.0
0.0
0.0
0.0
0.0
0.0
0.0
0.0
0.0
0.0
0.0
0.0
0.0
0.0
0.0
0.0
0.0
0.0
0.0
0.0
0.0
0.0
0.0
0.0
0.0
0.0
0.0
0.0
0.0
0.0
0.0
0.0
0.0
0.0
0.0
0.0
0.0
0.0
0.0
0.0
0.0
0.0
0.0
0.0
0.0
0.0
0.0
0.0
0.0
0.0
0.0
0.0
0.0
0.0
0.0
0.0
