1.0
0.5927813053131104
0.15838640928268433
0.07430998235940933
0.11210191249847412
0.09426751732826233
0.06794055551290512
0.08195329457521439
0.0662420392036438
0.06539278477430344
0.07855626195669174
0.07261146605014801
0.0704883262515068
0.0641188994050026
0.06921444088220596
0.07983014732599257
0.06751592457294464
0.08237791806459427
0.07006369531154633
0.07558386772871017
0.0704883262515068
0.053078554570674896
0.06709129363298416
0.055626325309276574
0.0704883262515068
0.07983014732599257
0.0857749432325363
0.11762207746505736
0.11082802712917328
0.1303609311580658
0.13800424337387085
0.1282377988100052
0.14225053787231445
0.1235668808221817
0.13121019303798676
0.13290870189666748
0.11974522471427916
0.13545647263526917
0.11592356860637663
0.116772823035717
0.11592356860637663
0.10785562545061111
0.11634819209575652
0.10021231323480606
0.10063694417476654
0.1014861986041069
0.09978768229484558
0.116772823035717
0.1057324856519699
0.1082802563905716
0.12229299545288085
0.13163481652736664
0.1881103962659836
0.18641188740730283
0.21316348016262052
0.23524415493011477
0.17961783707141876
0.1872611492872238
0.1647558361291885
0.15541401505470276
0.15753716230392456
0.13121019303798676
0.12526538968086243
0.096815288066864
0.088322713971138
0.08789809048175812
0.07600849121809004
0.09639065712690352
0.07006369531154633
0.06114649772644042
0.2072186768054962
0.37282377481460566
0.7944798469543458
0.6794055104255676
0.43142250180244446
0.0
0.013163481839001179
0.0751592367887497
0.036518048495054245
0.03821656107902527
0.04373672977089882
0.0309978760778904
0.05180466920137405
0.0420382171869278
0.046709127724170685
0.046709127724170685
0.04840764403343201
0.0751592367887497
0.06581740826368332
0.06539278477430344
0.059872612357139594
0.04840764403343201
0.06709129363298416
0.04798301309347153
0.04501061514019966
0.05774946883320808
0.03864118829369545
0.06199575215578079
0.06114649772644042
0.08874734491109848
0.11804670840501784
0.11932059377431868
0.13715499639511108
0.1324840784072876
0.1392781287431717
0.13503184914588928
0.12101911008358
0.14012739062309265
0.12271761894226074
0.14352442324161527
0.13503184914588928
0.12399150431156158
0.13545647263526917
0.13163481652736664
0.1324840784072876
0.1477707028388977
0.11762207746505736
0.13715499639511108
0.12016984820365904
0.12908704578876495
0.12653927505016327
0.12016984820365904
0.1303609311580658
0.11974522471427916
0.1261146515607834
0.12016984820365904
0.11422505229711533
0.1278131604194641
0.11507430672645567
0.1261146515607834
0.11804670840501784
0.10445860028266905
