1.0
0.9242053627967833
0.6723716259002686
0.3380195498466492
0.19865526258945465
0.13630807399749756
0.10391198098659515
0.08740831166505812
0.08251833915710449
0.08557457476854323
0.09046454727649687
0.07946210354566574
0.08740831166505812
0.09718826413154602
0.11124694347381592
0.11002445220947264
0.1088019534945488
0.1271393597126007
0.1430317908525467
0.15647922456264496
0.16687041521072388
0.17848411202430725
0.1931540369987488
0.2114914357662201
0.2561124563217163
0.27811735868453974
0.29095354676246643
0.32579460740089417
0.3508557379245758
0.371638149023056
0.39119803905487055
0.4040342271327973
0.39853301644325256
0.3746943771839142
0.354523241519928
0.2933985292911529
0.25122249126434326
0.21515892446041107
0.19070903956890103
0.1711491495370865
0.14058679342269895
0.13447432219982147
0.13386307656764984
0.11552567034959792
0.11735941469669342
0.11002445220947264
0.0947432741522789
0.10391198098659515
0.1130806878209114
0.1332518309354782
0.1210268959403038
0.11858190596103668
0.12591686844825745
0.12224938720464706
0.11797066032886504
0.11185818910598753
0.10574571788311005
0.11369193345308304
0.092909537255764
0.10941320657730103
0.10819070786237717
0.09535451978445053
0.07946210354566574
0.08924205601215361
0.08190709352493286
0.084963321685791
0.07640586793422699
0.09535451978445053
0.08679706603288649
0.09535451978445053
0.08374083042144774
0.0745721235871315
0.08190709352493286
0.10574571788311005
0.09107579290866852
0.1051344722509384
0.12347188591957092
0.16381418704986572
0.19193154573440552
0.2108801901340485
0.2334963381290436
0.23716381192207336
0.19621026515960693
0.15158924460411072
0.13569682836532593
0.10146699100732803
0.07273838669061661
0.08801955729722977
0.08374083042144774
0.09229829162359235
0.05073349550366402
0.0
0.1570904701948166
0.378361850976944
0.7585574388504028
0.9119804501533507
0.9046455025672911
0.5892420411109924
0.2854523360729217
0.22310513257980344
0.17665036022663116
0.15036675333976743
0.1674816608428955
0.1430317908525467
0.1674816608428955
0.17420537769794464
0.173594132065773
0.1913203001022339
0.177261620759964
0.1894865483045578
0.1998777538537979
0.20537897944450376
0.21577017009258273
0.2176039069890976
0.0
0.0
0.0
0.0
0.0
0.0
0.0
0.0
0.0
0.0
0.0
0.0
0.0
0.0
0.0
0.0
0.0
0.0
