1.0
0.6694320440292358
0.4298021793365479
0.11965539306402206
0.09189534187316895
0.1480536013841629
0.23580089211463928
0.2626037001609802
0.27791959047317505
0.28653478622436523
0.2913210093975067
0.3002552688121796
0.29993617534637446
0.2980217039585113
0.29451179504394526
0.3008934259414673
0.3037651479244232
0.3008934259414673
0.3056796491146088
0.30599871277809143
0.3091895282268524
0.31078493595123285
0.31206125020980835
0.30536055564880366
0.31812381744384766
0.32163369655609125
0.3328015208244324
0.34301212430000305
0.3455647826194763
0.3359923362731933
0.3334397077560425
0.32163369655609125
0.3187619745731354
0.32163369655609125
0.31142309308052063
0.311104029417038
0.30280792713165283
0.2970644533634186
0.2992980182170868
0.28908741474151606
0.29642629623413086
0.3034460842609405
0.30440330505371094
0.3075941205024719
0.30440330505371094
0.2980217039585113
0.2986598610877991
0.2922782301902771
0.2954690456390381
0.2961072027683258
0.2961072027683258
0.28908741474151606
0.2766432762145996
0.2820676565170288
0.2772814333438873
0.2772814333438873
0.2750478684902191
0.26930439472198486
0.2657945156097412
0.2731333673000336
0.29100191593170166
0.30408424139022827
0.307913213968277
0.3123803436756134
0.32992979884147644
0.3548181354999542
0.3503509759902954
0.31971919536590576
0.29642629623413086
0.2791959047317505
0.2517549395561218
0.2511167824268341
0.22144225239753723
0.21952776610851288
0.2115507274866104
0.21282705664634705
0.20835992693901065
0.19272495806217196
0.2938736379146576
0.4492661058902741
0.666879415512085
0.8417357802391052
0.47606891393661493
0.22622846066951752
0.0
0.0038289725780487056
0.06030631810426712
0.14167198538780212
0.15922144055366516
0.17262284457683563
0.1790044605731964
0.17453733086585999
0.1837906837463379
0.19112955033779144
0.20357370376586917
0.2054881900548935
0.19144862890243527
0.0
0.0
0.0
0.0
0.0
0.0
0.0
0.0
0.0
0.0
0.0
0.0
0.0
0.0
0.0
0.0
0.0
0.0
0.0
0.0
0.0
0.0
0.0
0.0
0.0
0.0
0.0
0.0
0.0
0.0
0.0
0.0
0.0
0.0
0.0
