0.9161676764488221
0.9233533143997192
0.7748503088951111
0.6335329413414001
0.4455089867115021
0.19640718400478363
0.14970059692859647
0.1173652708530426
0.07065868377685547
0.0910179615020752
0.049101796001195915
0.09700598567724229
0.06107784435153008
0.0646706596016884
0.03712574765086175
0.0946107804775238
0.08502993732690811
0.05269461125135422
0.10059880465269087
0.05508982017636299
0.0778443142771721
0.09341317415237425
0.0455089807510376
0.057485029101371765
0.02994011901319027
0.08742514997720718
0.01437125727534294
0.08982036262750626
0.0814371258020401
0.10419161617755889
0.18083831667900083
0.13173653185367584
0.25508981943130493
0.2191616743803024
0.25269460678100586
0.30778443813323975
0.25389221310615534
0.269461065530777
0.23233532905578613
0.23113772273063657
0.18083831667900083
0.22395209968090057
0.20000000298023224
0.19520957767963407
0.2514970004558563
0.1760479062795639
0.17005987465381622
0.15568862855434415
0.20239521563053128
0.269461065530777
0.24670659005641937
0.24910180270671844
0.2095808386802673
0.1976047903299332
0.2598802447319031
0.21317365765571597
0.21317365765571597
0.3353293538093567
0.40359282493591303
0.4874251484870911
0.5029940009117126
0.5329341292381288
0.6730539202690125
0.5796407461166382
0.6059880256652832
0.6754490733146667
0.4982036054134369
0.5077844262123108
0.2670658826828003
0.18562874197959897
0.1461077779531479
0.14850299060344696
0.15209580957889557
0.1664670705795288
0.1820359230041504
0.19401197135448453
0.1640718579292297
0.16047903895378113
0.14970059692859647
0.33413174748420715
0.49700599908828735
0.628742516040802
0.371257483959198
0.1568862348794937
0.5497006177902222
1.0
0.8850299119949341
0.7437126040458678
0.6335329413414001
0.3652694523334503
0.2047904133796692
0.14970059692859647
0.08383233845233917
0.14491018652915955
0.07664670795202254
0.08982036262750626
0.011976048350334167
0.057485029101371765
0.06347305327653885
0.02155688591301441
0.0035928143188357358
0.0
0.0
0.0
0.0
0.0
0.0
0.0
0.0
0.0
0.0
0.0
0.0
0.0
0.0
0.0
0.0
0.0
0.0
0.0
0.0
0.0
0.0
0.0
0.0
0.0
0.0
0.0
0.0
0.0
0.0
0.0
