1.0
0.6690934896469116
0.3698919713497162
0.17801785469055176
0.13926726579666135
0.1254109889268875
0.09370596706867218
0.08595585078001022
0.07937999069690704
0.06998591125011444
0.07327383756637573
0.06646312773227692
0.06763739138841629
0.06716768443584442
0.06787224113941193
0.06975105404853821
0.0650540143251419
0.05871301144361496
0.05589478462934495
0.05871301144361496
0.06129638478159904
0.05448567494750023
0.06481916457414627
0.07092531770467758
0.07421324402093886
0.08971348404884337
0.10098637640476225
0.11366838961839676
0.1272898018360138
0.14678253233432767
0.15852512419223783
0.16463127732276917
0.18130578100681305
0.18764677643775937
0.18929074704647064
0.18271489441394803
0.1676843613386154
0.152888685464859
0.13480506837368011
0.11625175923109055
0.10709252953529357
0.09605448693037032
0.09018318355083464
0.08619070053100587
0.08619070053100587
0.08548614382743835
0.07891028374433517
0.07162987440824509
0.07773602753877638
0.07256928086280823
0.0730389878153801
0.07397839426994324
0.07280413061380385
0.06975105404853821
0.07491780072450636
0.07585720717906952
0.07421324402093886
0.07726632058620451
0.07421324402093886
0.07773602753877638
0.07397839426994324
0.07280413061380385
0.07491780072450636
0.07069046795368195
0.06857679784297943
0.07820572704076768
0.07656176388263702
0.07632691413164137
0.0744481012225151
0.06810709089040756
0.07022076100111008
0.06740253418684006
0.06693283468484879
0.06294034421443939
0.05871301144361496
0.06059182807803153
0.05589478462934495
0.05988727137446404
0.0589478611946106
0.05777360126376152
0.06763739138841629
0.07209957391023636
0.08313762396574019
0.08595585078001022
0.08548614382743835
0.08431188017129898
0.08290277421474455
0.07468295097351074
0.0650540143251419
0.07468295097351074
0.07162987440824509
0.06200093775987625
0.051432598382234566
0.05166744813323021
0.04415218532085419
0.0455612950026989
0.03875058889389038
0.0408642552793026
0.04415218532085419
0.0462658517062664
0.04837952181696892
0.03499295562505722
0.0
0.03828088194131851
0.24870830774307248
0.45185533165931696
0.6251761317253113
0.9396430253982545
0.6441991329193115
0.3579145073890686
0.1634570211172104
0.1286989152431488
0.10873649269342422
0.07773602753877638
0.057069048285484314
0.05378111824393272
0.05072804167866706
0.049084078520536416
0.047909818589687354
0.050493188202381134
0.04955378174781799
0.041568811982870095
0.03922029212117195
0.036402065306901925
0.039924848824739456
0.040394552052021034
0.03311413899064064
0.04509159177541733
0.040629401803016656
0.040629401803016656
0.0
0.0
