0.9649805426597596
0.8579766750335692
0.5622568130493164
0.26994162797927856
0.23929961025714877
0.21498054265975952
0.12305447459220886
0.08754863590002061
0.09533073753118515
0.09241244941949843
0.07587548345327377
0.08511672914028166
0.09289883077144624
0.09873540699481964
0.10116731375455856
0.11721789836883544
0.10214007645845412
0.118190661072731
0.11138132214546204
0.13375486433506012
0.100194551050663
0.08754863590002061
0.0938715934753418
0.08998054265975952
0.10165369510650633
0.08900777995586395
0.08463034778833389
0.09046692401170729
0.12597276270389557
0.1123540848493576
0.11332684755325316
0.1308365762233734
0.12743189930915833
0.11721789836883544
0.13278210163116455
0.1186770424246788
0.12597276270389557
0.14737354218959808
0.1410505771636963
0.15175096690654755
0.13035018742084503
0.143968865275383
0.15369649231433868
0.13570038974285123
0.12986381351947784
0.1332684755325317
0.143968865275383
0.13910505175590515
0.16731517016887665
0.20184825360774997
0.21011672914028168
0.22762645781040192
0.23589494824409485
0.2592412531375885
0.19114786386489868
0.21449416875839236
0.17947471141815183
0.15515564382076263
0.188229575753212
0.143968865275383
0.10700388997793196
0.10068093240261076
0.06712061911821365
0.0749027207493782
0.10554474592208862
0.10749027132987976
0.08171205967664719
0.0
0.038910504430532455
0.021887158975005146
0.19455252587795255
0.5418288111686707
1.0
0.8570038676261901
0.49805447459220886
0.21887159347534177
0.21011672914028168
0.16099222004413605
0.07101166993379593
0.038910504430532455
0.03842412307858467
0.03501945361495018
0.06517509371042252
0.05787937715649605
0.05252918228507042
0.0
0.0
0.0
0.0
0.0
0.0
0.0
0.0
0.0
0.0
0.0
0.0
0.0
0.0
0.0
0.0
0.0
0.0
0.0
0.0
0.0
0.0
0.0
0.0
0.0
0.0
0.0
0.0
0.0
0.0
0.0
0.0
0.0
0.0
0.0
0.0
0.0
0.0
0.0
0.0
0.0
0.0
0.0
0.0
0.0
0.0
0.0
