0.9896324276924131
1.0
0.5689601302146912
0.3311341404914856
0.18567389249801636
0.14011938869953156
0.11844172328710556
0.11687088012695312
0.1027332693338394
0.10713163763284685
0.09770656377077103
0.09927741438150403
0.09456487745046616
0.08733899146318436
0.10179076343774796
0.09770656377077103
0.10179076343774796
0.11561419814825057
0.12189757823944092
0.11687088012695312
0.1222117468714714
0.14451774954795835
0.16588124632835388
0.19572730362415316
0.21866163611412048
0.2588752806186676
0.2956330478191376
0.3408733904361725
0.36035186052322393
0.3546968400478363
0.2978322207927704
0.25761860609054565
0.2089224010705948
0.18504555523395536
0.15394282341003415
0.1573986858129501
0.14074772596359253
0.13540685176849365
0.1344643384218216
0.12912346422672272
0.13257932662963867
0.120012566447258
0.12629595398902893
0.13949105143547058
0.13760602474212646
0.1366635262966156
0.1410618871450424
0.1316368132829666
0.12158340960741044
0.1272384524345398
0.11875589191913603
0.13383600115776062
0.12158340960741044
0.12472510337829588
0.11058749258518218
0.1055607944726944
0.1055607944726944
0.11530002951622008
0.12064090371131896
0.12095507234334944
0.11592836678028107
0.11655670404434204
0.1297518014907837
0.1369776874780655
0.15362864732742307
0.16493873298168182
0.20012566447257996
0.18127553164958957
0.21174992620944977
0.17876216769218445
0.17687715590000153
0.15394282341003415
0.12064090371131896
0.098334901034832
0.08639647811651228
0.0769714117050171
0.08325479179620743
0.0719447061419487
0.08608230948448181
0.0819981172680855
0.0647188201546669
0.05686459317803383
0.05906377732753754
0.05246622860431671
0.18127553164958957
0.4577442705631256
0.6471881866455078
0.7970468401908873
0.9698397517204285
0.8158969283103943
0.3713477849960327
0.1998115032911301
0.0933082029223442
0.07320138067007066
0.05403707176446915
0.040841974318027496
0.03173107281327248
0.026704367250204086
0.015080112963914871
0.022934338077902797
0.01602262072265148
0.0
0.02104932442307472
0.008168394677340984
0.020106816664338112
0.0
0.0
0.0
0.0
0.0
0.0
0.0
0.0
0.0
0.0
0.0
0.0
0.0
0.0
0.0
0.0
0.0
0.0
0.0
0.0
0.0
0.0
0.0
0.0
0.0
0.0
0.0
