0.8784741163253784
0.7967302203178405
0.37438690662384033
0.037602178752422326
0.04523160681128502
0.12261580675840376
0.09536784887313841
0.06866484880447388
0.04250681027770042
0.0
0.013079019263386726
0.05068119987845421
0.07520435750484465
0.06267029792070389
0.03215258941054344
0.037602178752422326
0.07629428058862686
0.1117166206240654
0.09863760322332382
0.06212534010410309
0.06975477188825607
0.11444141715765
0.13841961324214935
0.12915530800819397
0.1019073575735092
0.13242506980895996
0.16839237511157987
0.20762942731380463
0.20490463078022003
0.1743869185447693
0.22397820651531217
0.2626703083515167
0.2904632091522217
0.2811989188194275
0.2267030030488968
0.25667575001716614
0.2850136160850525
0.29809263348579407
0.26103541254997253
0.17002724111080167
0.17929154634475708
0.17602179944515228
0.17874659597873688
0.14877384901046753
0.09809264540672302
0.104087196290493
0.12806539237499237
0.14822888374328613
0.12697547674179077
0.09373296797275545
0.1095367819070816
0.15313351154327393
0.1705722063779831
0.15367847681045532
0.11989101022481918
0.12915530800819397
0.15204359591007233
0.1885558515787125
0.1602179855108261
0.12207084149122238
0.12207084149122238
0.14386920630931854
0.1623978167772293
0.15694822371006012
0.1117166206240654
0.13678474724292755
0.16893732547760007
0.18201634287834167
0.1607629358768463
0.12425068020820616
0.1455040872097015
0.1640326976776123
0.20163488388061523
0.2245231568813324
0.215258851647377
0.237602174282074
0.2953678369522095
0.3623978197574616
0.3405994474887848
0.29972752928733826
0.2926430404186249
0.2839237153530121
0.2866485118865967
0.2196185290813446
0.12588556110858917
0.15204359591007233
0.1634877324104309
0.17602179944515228
0.15040871500968933
0.1133515015244484
0.13678474724292755
0.19455040991306305
0.4833787381649017
0.7743869423866272
1.0
0.9722070693969727
0.6348773837089539
0.2861035466194153
0.2163487672805786
0.23814713954925537
0.2332425117492676
0.19836512207984924
0.20163488388061523
0.18310627341270447
0.14386920630931854
0.14822888374328613
0.18692098557949063
0.2119891047477722
0.19509537518024445
0.16948229074478147
0.18474113941192624
0.2103542238473892
0.0
0.0
0.0
0.0
0.0
0.0
0.0
0.0
0.0
0.0
0.0
0.0
0.0
0.0
0.0
0.0
0.0
0.0
0.0
0.0
