1.0
0.6404269337654114
0.38959306478500366
0.222815215587616
0.31154102087020874
0.2855236828327179
0.23015344142913816
0.2048031985759735
0.17278185486793518
0.18212141096591947
0.18345563113689425
0.176117405295372
0.20413608849048612
0.198799192905426
0.2034689784049988
0.2008005380630493
0.20213475823402405
0.23282188177108765
0.23815877735614777
0.2508338987827301
0.264843225479126
0.27284857630729675
0.32488325238227844
0.33355569839477534
0.36090728640556335
0.4016010761260986
0.4256170690059662
0.48098731040954584
0.5103402137756348
0.5316877961158752
0.5670446753501892
0.5843895673751831
0.5917277932167053
0.5503669381141664
0.5010006427764893
0.43362241983413696
0.3702468276023865
0.3308872580528259
0.2761841118335724
0.24683122336864471
0.22081387042999268
0.20813876390457156
0.21414275467395785
0.1914609670639038
0.18345563113689425
0.17144763469696045
0.17545029520988464
0.18879252672195437
0.18212141096591947
0.18212141096591947
0.19079385697841644
0.1827885210514069
0.2148098796606064
0.1941294223070145
0.18612408638000488
0.18545697629451752
0.1914609670639038
0.198799192905426
0.18345563113689425
0.1807871907949448
0.1827885210514069
0.1827885210514069
0.19679786264896393
0.17278185486793518
0.18212141096591947
0.1687791794538498
0.17144763469696045
0.18679119646549225
0.16744495928287506
0.16544362902641296
0.156771183013916
0.15543696284294128
0.18145430088043207
0.1621080785989761
0.1607738435268402
0.13942629098892212
0.15143428742885587
0.15410272777080536
0.1494329571723938
0.14409606158733368
0.15010006725788116
0.1494329571723938
0.15543696284294128
0.15010006725788116
0.14476317167282104
0.1454302817583084
0.1494329571723938
0.14409606158733368
0.14609739184379575
0.14876584708690643
0.14076051115989685
0.13542361557483673
0.14076051115989685
0.14009340107440948
0.15810540318489075
0.19813208281993863
0.21881254017353055
0.24549700319767
0.24616411328315732
0.3088725805282593
0.3355570435523987
0.34623083472251887
0.3582388162612915
0.2815210223197937
0.24016010761260984
0.20146764814853668
0.12074716389179228
0.1034022718667984
0.07138092070817947
0.09472981840372083
0.09339559823274611
0.08005336672067642
0.08739159256219863
0.08872582018375395
0.088058702647686
0.08605737239122391
0.07605069875717163
0.0900600403547287
0.07204803079366684
0.0
0.176117405295372
0.3442294895648956
0.6937958598136902
0.8765844106674193
0.8258839249610899
0.4536357522010803
0.16144095361232755
0.20413608849048612
0.27885258197784424
0.22881920635700223
0.1621080785989761
0.14276184141635895
