1.0
0.7747620940208435
0.4138174057006836
0.10750792920589448
0.0
0.041945718228816986
0.11491011828184128
0.13464927673339844
0.15615086257457733
0.1624955981969833
0.1617906242609024
0.17377512156963348
0.1624955981969833
0.18223474919795987
0.19210433959960935
0.1931617856025696
0.1980965882539749
0.19139936566352844
0.20655621588230133
0.20690870285034177
0.2121959775686264
0.21995064616203308
0.2132534384727478
0.2262953817844391
0.23792739212512967
0.23827987909317017
0.25801903009414673
0.25978145003318787
0.2904476523399353
0.3024321496486664
0.31547409296035767
0.33909058570861816
0.35142755508422846
0.3796263635158538
0.4109975397586823
0.41698977351188654
0.43567147850990295
0.4282692968845368
0.4406062662601471
0.438843846321106
0.42368698120117193
0.4109975397586823
0.388438493013382
0.37433910369873047
0.3323933780193329
0.2971448600292206
0.2788156569004059
0.2562566101551056
0.24920691549777985
0.23651744425296783
0.22594289481639865
0.22559040784835813
0.21783573925495148
0.2121959775686264
0.21713076531887052
0.21783573925495148
0.22876277565956116
0.21818822622299197
0.2294677495956421
0.22418047487735748
0.22418047487735748
0.2294677495956421
0.22100810706615448
0.22312301397323608
0.217483252286911
0.21395841240882876
0.2227705270051956
0.2090236097574234
0.21783573925495148
0.2185407131910324
0.21149101853370664
0.20479379594326017
0.19351427257061005
0.19562917947769165
0.19351427257061005
0.19457173347473145
0.1928092986345291
0.18928445875644684
0.1906943917274475
0.18646457791328433
0.18998943269252777
0.1906943917274475
0.18188227713108063
0.1959816664457321
0.18998943269252777
0.19421924650669095
0.18928445875644684
0.18188227713108063
0.18857948482036593
0.1906943917274475
0.18329221010208127
0.19139936566352844
0.1808248162269592
0.18505463004112244
0.191046878695488
0.18364469707012177
0.18329221010208127
0.17870990931987762
0.18716955184936523
0.18223474919795987
0.17835742235183716
0.18646457791328433
0.17870990931987762
0.18928445875644684
0.18223474919795987
0.18928445875644684
0.18998943269252777
0.1691928058862686
0.18611209094524384
0.1868170648813248
0.1780049353837967
0.18293972313404083
0.17448008060455322
0.1780049353837967
0.18117730319499967
0.18011984229087827
0.17377512156963348
0.1748325675725937
0.1889319717884064
0.17729996144771576
0.1769474744796753
0.1758900284767151
0.1808248162269592
0.184702143073082
0.1748325675725937
0.1790623962879181
0.18646457791328433
0.1804723292589188
0.17976735532283783
0.18434967100620267
0.18752202391624448
0.19245682656764984
