1.0
0.9639727473258973
0.7088607549667358
0.5579357147216797
0.5404089689254761
0.5073028206825256
0.49659201502799993
0.48880234360694885
0.48296007513999933
0.46640700101852417
0.4576436281204224
0.46348586678504944
0.4576436281204224
0.4391431212425232
0.46153846383094793
0.44888022541999817
0.46543329954147333
0.4712755680084229
0.4761441051959992
0.4732229709625244
0.46348586678504944
0.4761441051959992
0.4790652394294738
0.5004868507385254
0.5073028206825256
0.5043817162513733
0.5121713876724243
0.5209347605705261
0.5384615659713745
0.5686465501785278
0.5637779831886292
0.5793573260307312
0.5861732959747313
0.5822784900665283
0.5559883117675781
0.5472249388694763
0.5238558650016785
0.5082765221595764
0.48588120937347407
0.5053554177284241
0.49951314926147455
0.5082765221595764
0.4849075078964233
0.48101267218589777
0.4800389409065247
0.46640700101852417
0.4673807322978973
0.4576436281204224
0.4527750611305237
0.4371957182884216
0.4323271811008453
0.4323271811008453
0.4342745840549469
0.43135344982147217
0.4196689426898956
0.42745861411094666
0.4362220168113709
0.42745861411094666
0.42648491263389593
0.4196689426898956
0.4167478084564209
0.42356377840042114
0.4167478084564209
0.42745861411094666
0.43330088257789606
0.4099318385124207
0.4177215099334717
0.4177215099334717
0.4177215099334717
0.4196689426898956
0.4410905539989472
0.41187927126884466
0.4449853897094727
0.4576436281204224
0.4790652394294738
0.48393377661705017
0.5082765221595764
0.5628042817115784
0.6007789969444275
0.5608568787574768
0.62999027967453
0.6183057427406311
0.6260954141616821
0.5657253861427307
0.5306718349456787
0.48393377661705017
0.48880234360694885
0.48588120937347407
0.46835443377494806
0.4566699266433716
0.43330088257789606
0.39337876439094543
0.4323271811008453
0.5004868507385254
0.4868549108505249
0.5004868507385254
0.5014605522155762
0.5121713876724243
0.5082765221595764
0.4673807322978973
0.5063291192054749
0.510223925113678
0.5189873576164246
0.3388510346412658
0.03407984599471092
0.0
0.8003894686698914
0.9678675532341005
0.7409932017326355
0.8607594966888428
0.9113923907279968
0.7010710835456848
0.5628042817115784
0.5219084620475769
0.5034079551696777
0.4703018367290497
0.4849075078964233
0.48101267218589777
0.4741967022418976
0.4566699266433716
0.49367088079452515
0.0
0.0
0.0
0.0
0.0
0.0
0.0
0.0
0.0
0.0
0.0
