0.9593586921691895
0.9761372208595277
0.798657715320587
0.5574198365211487
0.3668903708457946
0.24235644936561584
0.12863534688949585
0.05704697966575623
0.06002982705831528
0.0674869492650032
0.07382550090551376
0.07755406200885773
0.06263981759548187
0.06189410760998726
0.053318418562412255
0.03989560157060623
0.05406413227319717
0.035421326756477356
0.033557046204805374
0.02870991826057434
0.027964206412434574
0.027964206412434574
0.00820283405482769
0.0
0.019388515502214432
0.021998507902026176
0.03169276565313339
0.04399701580405235
0.0700969398021698
0.10290827602148056
0.11334824562072753
0.13982102274894714
0.1633109599351883
0.18307232856750488
0.1808352023363113
0.1923937350511551
0.20432512462139127
0.18120805919170377
0.2035794109106064
0.19015659391880035
0.1879194676876068
0.18717375397682187
0.16890379786491394
0.1718866527080536
0.16181953251361847
0.15883669257164
0.15771812200546265
0.1554809808731079
0.16815808415412903
0.16181953251361847
0.14988814294338226
0.14765100181102753
0.14765100181102753
0.14914242923259735
0.13571961224079132
0.13982102274894714
0.154735267162323
0.14653243124485016
0.19686800241470337
0.19947800040245056
0.2069351226091385
0.21551081538200376
0.19873228669166565
0.2114093899726868
0.18419089913368225
0.16890379786491394
0.17822520434856415
0.1853094696998596
0.15995526313781738
0.1666666716337204
0.16107381880283356
0.152125284075737
0.1278896331787109
0.14914242923259735
0.1428038775920868
0.1428038775920868
0.14541387557983398
0.1495152860879898
0.1495152860879898
0.1394481658935547
0.14727814495563507
0.18307232856750488
0.19276659190654755
0.18642804026603696
0.20320656895637512
0.2527964115142822
0.34153616428375244
0.4835943281650543
0.6938851475715637
0.8952274322509765
1.0
0.8825503587722777
0.6577181220054625
0.45041012763977045
0.29492914676666254
0.16554810106754303
0.08873974531888962
0.0674869492650032
0.07606264203786851
0.08985831588506697
0.08762117475271225
0.08314690738916397
0.0700969398021698
0.07270693778991699
0.06972408294677734
0.05257270857691765
0.04884414747357368
0.03728560730814934
0.0
0.0
0.0
0.0
0.0
0.0
0.0
0.0
0.0
0.0
0.0
0.0
0.0
0.0
0.0
0.0
0.0
0.0
0.0
0.0
0.0
0.0
0.0
0.0
