1.0
0.7433676123619078
0.3708716928958893
0.12885761260986328
0.16567406058311462
0.12506768107414243
0.012452625669538975
0.003789929673075676
0.02923659980297089
0.016242556273937225
0.016242556273937225
0.060097455978393555
0.02328099682927132
0.0649702250957489
0.05143475905060768
0.05630752444267273
0.05360043421387672
0.029778018593788144
0.06334596872329712
0.034109365195035934
0.016242556273937225
0.028153762221336365
0.02436383254826069
0.027070926502346992
0.03086085617542267
0.042230643332004554
0.021115321666002277
0.06605306267738342
0.050893340259790414
0.09204114973545073
0.06659447401762009
0.08879263699054718
0.08770979940891267
0.10395235568284988
0.09962100535631181
0.09312398731708527
0.1050351932644844
0.09745533019304276
0.10395235568284988
0.10449377447366714
0.10882512480020524
0.11694639921188354
0.12236058712005617
0.13318894803524017
0.11586356163024902
0.14022739231586456
0.14455874264240265
0.16513264179229736
0.19978342950344083
0.22631293535232544
0.22468867897987363
0.22468867897987363
0.19274498522281647
0.1797509491443634
0.1976177543401718
0.16134272515773773
0.14022739231586456
0.1440173238515854
0.14618299901485443
0.05576610565185546
0.06334596872329712
0.04547915607690811
0.07038440555334091
0.06551164388656616
0.07634001225233078
0.0
0.012452625669538975
0.050893340259790414
0.008662695996463297
0.27449917793273926
0.7942609786987304
0.9978343248367308
0.7195451855659485
0.3194369375705719
0.149431511759758
0.19003790616989133
0.1440173238515854
0.060097455978393555
0.07255008071660995
0.04926908388733864
0.05360043421387672
0.06767731159925461
0.06659447401762009
0.06388738751411438
0.07525717467069626
0.0
0.0
0.0
0.0
0.0
0.0
0.0
0.0
0.0
0.0
0.0
0.0
0.0
0.0
0.0
0.0
0.0
0.0
0.0
0.0
0.0
0.0
0.0
0.0
0.0
0.0
0.0
0.0
0.0
0.0
0.0
0.0
0.0
0.0
0.0
0.0
0.0
0.0
0.0
0.0
0.0
0.0
0.0
0.0
0.0
0.0
0.0
