1.0
0.889976978302002
0.29896312952041626
0.18807603418827057
0.13335253298282623
0.10253456234931944
0.08093318343162537
0.06682027876377106
0.08179723471403123
0.07574884593486787
0.06826037168502808
0.06307603418827057
0.07171659171581268
0.08122120052576065
0.0679723471403122
0.06451612710952759
0.07574884593486787
0.07632488757371902
0.07891704887151718
0.07690092176198958
0.07085253298282623
0.08294931054115294
0.0982142835855484
0.10023041814565659
0.11347926408052444
0.11520737409591673
0.14141705632209775
0.15668202936649323
0.17050690948963165
0.18980415165424344
0.20391705632209775
0.22148618102073667
0.23300690948963165
0.23243087530136108
0.2445276528596878
0.24049539864063263
0.23387096822261808
0.20593318343162537
0.17828340828418732
0.15495391190052032
0.1177995428442955
0.09850230067968369
0.08467742055654524
0.07632488757371902
0.0838133618235588
0.07373271882534027
0.06394009292125702
0.07546082884073257
0.07632488757371902
0.06768433004617691
0.06826037168502808
0.07056451588869095
0.06682027876377106
0.07862903177738188
0.07056451588869095
0.07200460880994797
0.07776498049497603
0.07603686302900313
0.07373271882534027
0.07373271882534027
0.07747695595026016
0.07229262590408325
0.07459677755832672
0.07661290466785432
0.06336405873298645
0.06019585207104682
0.07200460880994797
0.06336405873298645
0.06019585207104682
0.05645161122083664
0.05126728117465973
0.0659562200307846
0.0679723471403122
0.05875575914978981
0.061059907078742974
0.04665898531675339
0.057027649134397514
0.047235023230314255
0.0642281100153923
0.07603686302900313
0.06682027876377106
0.09043778479099272
0.07459677755832672
0.09158986061811449
0.10080645233392715
0.08467742055654524
0.08294931054115294
0.07517281174659729
0.06998848170042038
0.06883640587329865
0.05616359412670136
0.046370968222618096
0.026209676638245583
0.029665898531675335
0.03139400854706764
0.02131336368620396
0.030241934582591057
0.032258063554763794
0.025057604536414143
0.0
0.13680875301361084
0.34475806355476374
0.692396342754364
0.8997696042060851
0.9717742204666135
0.5993663668632507
0.1555299609899521
0.13536866009235382
0.09360598772764206
0.06307603418827057
0.038018431514501565
0.03657834231853485
0.034562211483716965
0.03139400854706764
0.025057604536414143
0.03254608437418938
0.02534562163054943
0.03110599145293236
0.02908986248075962
0.03974654525518417
0.03254608437418938
0.03341013938188553
0.04550691321492195
0.0
0.0
0.0
0.0
0.0
0.0
0.0
0.0
0.0
