0.93113774061203
0.9730538725852966
0.9625748395919802
1.0
0.9850299358367922
0.9116766452789306
0.8338323235511779
0.6841317415237427
0.546407163143158
0.4326347410678864
0.3428143858909607
0.2634730637073517
0.2125748544931412
0.18113772571086884
0.1796407252550125
0.1526946127414703
0.200598806142807
0.18562874197959897
0.21107783913612363
0.1796407252550125
0.14670658111572263
0.1976047903299332
0.14371258020401
0.163173645734787
0.1901197582483292
0.1796407252550125
0.163173645734787
0.193113774061203
0.21107783913612363
0.178143709897995
0.20209580659866333
0.20209580659866333
0.18862275779247284
0.208083838224411
0.16916167736053467
0.11676646769046783
0.14820359647274017
0.193113774061203
0.16616766154766083
0.1721556931734085
0.15568862855434415
0.22904191911220553
0.284431129693985
0.30988022685050964
0.33982035517692566
0.314371258020401
0.326347291469574
0.30838322639465326
0.480538934469223
0.4520958065986633
0.477544903755188
0.5014970302581787
0.4341317415237426
0.5014970302581787
0.348802387714386
0.200598806142807
0.13772454857826233
0.05089820176362991
0.0
0.0
0.0
0.0
0.0
0.0
0.0
0.0
0.0
0.0
0.0
0.0
0.0
0.0
0.0
0.0
0.0
0.0
0.0
0.0
0.0
0.0
0.0
0.0
0.0
0.0
0.0
0.0
0.0
0.0
0.0
0.0
0.0
0.0
0.0
0.0
0.0
0.0
0.0
0.0
0.0
0.0
0.0
0.0
0.0
0.0
0.0
0.0
0.0
0.0
0.0
0.0
0.0
0.0
0.0
0.0
0.0
0.0
0.0
0.0
0.0
0.0
0.0
0.0
0.0
0.0
0.0
0.0
0.0
0.0
0.0
0.0
0.0
0.0
