0.9453375935554504
1.0
0.9903537034988403
0.9469453096389769
0.8697749376296997
0.8360128402709962
0.725080370903015
0.5144694447517395
0.4437299072742462
0.3987138271331787
0.3279742896556854
0.33118972182273865
0.27170416712760925
0.29421222209930414
0.27009645104408264
0.27009645104408264
0.29903537034988403
0.2652733027935028
0.26848873496055603
0.2234726697206497
0.22025723755359647
0.08681672066450119
0.02572347223758697
0.0
0.2508038580417633
0.5755627155303955
0.8054662346839904
0.9405144453048706
0.6961414813995361
0.4051446914672852
0.6028938889503479
0.7604501843452453
0.2668810188770294
0.1334405094385147
0.200964629650116
0.1463022530078888
0.234726682305336
0.30225080251693726
0.3794212341308594
0.3569131791591644
0.3553054630756378
0.3681671917438507
0.3263665735721588
0.3456591665744781
0.3408360183238983
0.3376205861568451
0.34887459874153137
0.3231511116027832
0.3665594756603241
0.37138262391090393
0.3794212341308594
0.38906753063201904
0.36495175957679754
0.4115755558013916
0.4196141362190247
0.4180064201354981
0.40353697538375854
0.381028950214386
0.3987138271331787
0.40353697538375854
0.4115755558013916
0.42604503035545355
0.4147909879684448
0.4469453394412994
0.43729904294013977
0.45337620377540583
0.44051447510719294
0.3778135180473328
0.381028950214386
0.3794212341308594
0.4083601236343384
0.44051447510719294
0.43408361077308655
0.49839228391647333
0.5032154321670532
0.5080385804176331
0.5401929020881653
0.5016077160835266
0.5225080251693726
0.5112540125846863
0.4871382713317871
0.49839228391647333
0.4565916359424591
0.48392283916473383
0.4758842587471008
0.4549839198589325
0.45980706810951233
0.44051447510719294
0.4662379324436188
0.45980706810951233
0.4549839198589325
0.4678456485271454
0.4163987040519714
0.4517684876918793
0.4549839198589325
0.4662379324436188
0.469453364610672
0.4292604625225067
0.4807074069976807
0.48874598741531367
0.4871382713317871
0.4630225002765656
0.45337620377540583
0.48874598741531367
0.47427651286125183
0.4758842587471008
0.4774919748306274
0.4614147841930389
0.4758842587471008
0.49517685174942017
0.4919614195823669
0.0
0.0
0.0
0.0
0.0
0.0
0.0
0.0
0.0
0.0
0.0
0.0
0.0
0.0
0.0
0.0
0.0
0.0
0.0
0.0
0.0
