1.0
0.910665452480316
0.5934366583824158
0.3555150330066681
0.21422059834003448
0.16226071119308472
0.12579762935638428
0.123974472284317
0.11941658705472946
0.09024612605571747
0.08659981936216353
0.1148587092757225
0.10665450990200041
0.10938924551010132
0.082041934132576
0.09571558982133864
0.123974472284317
0.12853236496448517
0.15496809780597687
0.16955332458019257
0.16317228972911835
0.18140383064746857
0.23245213925838473
0.22880584001541135
0.25068369507789606
0.29808568954467773
0.35369187593460083
0.3855970799922943
0.3892433941364288
0.41385596990585327
0.4512306153774261
0.475843220949173
0.49954420328140253
0.475843220949173
0.4494074881076813
0.39015495777130127
0.3454876840114593
0.2944393754005432
0.2552415728569031
0.20692798495292664
0.14949862658977509
0.1412944346666336
0.1385597139596939
0.11850501596927641
0.10209662467241289
0.11394713073968887
0.13764813542366028
0.10938924551010132
0.09024612605571747
0.08386508375406265
0.08386508375406265
0.135824978351593
0.12488605082035063
0.12123974412679672
0.13309024274349213
0.09571558982133864
0.10665450990200041
0.11850501596927641
0.08933454751968382
0.12032816559076308
0.11121239513158798
0.10391978174448012
0.08842296898365021
0.09753873944282532
0.10209662467241289
0.07748404890298843
0.08933454751968382
0.07839562743902206
0.08295351266860963
0.082041934132576
0.07748404890298843
0.07930719852447508
0.08477666229009628
0.07292616367340087
0.05925250798463821
0.0382862351834774
0.07201458513736725
0.0674566999077797
0.07474931329488754
0.06563354283571243
0.05378304421901703
0.08386508375406265
0.10665450990200041
0.16955332458019257
0.1731996387243271
0.17775751650333405
0.16226071119308472
0.206016406416893
0.23062898218631744
0.2415679097175598
0.24521422386169436
0.1886964440345764
0.17593435943126678
0.09298085421323776
0.01731996424496174
0.0063810390420258045
0.008204192854464054
0.0036463080905377856
0.0
0.005469462368637323
0.0036463080905377856
0.0191431175917387
0.041020967066288
0.07839562743902206
0.10209662467241289
0.246125802397728
0.8176845908164978
0.9845032095909119
0.7201458811759949
0.4247948825359344
0.2798541486263275
0.1886964440345764
0.13673655688762665
0.10756608843803404
0.09662716835737228
0.09024612605571747
0.07383774220943451
0.135824978351593
0.1057429388165474
0.12123974412679672
0.11668185889720915
0.1121239736676216
0.10756608843803404
0.11850501596927641
0.1294439435005188
0.135824978351593
0.14949862658977509
0.18231540918350217
0.18596170842647552
0.19507747888565063
0.0
0.0
