0.9293383359909057
0.5098626613616943
0.2851435840129852
0.11560549587011336
0.09163545817136765
0.06841447949409485
0.04194756597280502
0.03071160987019539
0.023470662534236908
0.017977528274059296
0.02322097308933735
0.017228463664650917
0.018976280465722084
0.016729088500142097
0.012234706431627272
0.014731585979461668
0.014232209883630276
0.01498127356171608
0.018476903438568115
0.0154806487262249
0.014481897465884684
0.020224718376994133
0.026217227801680565
0.032709114253520966
0.031960051506757736
0.04344569146633148
0.05118601769208908
0.05917603150010109
0.0699126124382019
0.07815230637788771
0.09088639169931412
0.10387016087770462
0.11460673809051512
0.12059924751520155
0.12559300661087036
0.1238451898097992
0.11785268783569336
0.1111111119389534
0.09887640178203583
0.08439450711011887
0.07265917956829071
0.06516853719949722
0.06416978687047958
0.06317103654146193
0.06067415699362754
0.05742821469902992
0.05268414318561553
0.054931335151195526
0.054931335151195526
0.050686642527580254
0.06092384457588196
0.05717852711677551
0.05118601769208908
0.055430710315704346
0.05867665261030197
0.06117353215813637
0.0646691620349884
0.06242197379469872
0.06292134523391724
0.05842696502804756
0.05967540666460991
0.06416978687047958
0.05717852711677551
0.055181022733449936
0.055181022733449936
0.056179776787757874
0.05568039789795876
0.054431959986686713
0.06042446941137314
0.056179776787757874
0.056679151952266686
0.054431959986686713
0.054431959986686713
0.05193508043885231
0.05018726736307144
0.054431959986686713
0.0541822724044323
0.05293383449316025
0.04594257101416588
0.05268414318561553
0.04993757978081703
0.05218476802110672
0.05892634391784668
0.0569288395345211
0.05468164756894112
0.06217228621244431
0.07191011309623718
0.08813982456922531
0.09188514202833176
0.09088639169931412
0.08739075809717177
0.09363295882940291
0.08614232391119003
0.07465668022632599
0.08714107424020766
0.08314606547355652
0.07415730506181717
0.06541822850704193
0.06067415699362754
0.05368289723992348
0.05093633010983467
0.04893882572650909
0.05218476802110672
0.05468164756894112
0.05368289723992348
0.06042446941137314
0.034207239747047424
0.0
0.06641697883605957
0.2968789041042328
0.519600510597229
0.6816479563713074
1.0
0.6174781322479248
0.36079901456832886
0.16179774701595306
0.1270911395549774
0.1033707857131958
0.07565543055534361
0.06516853719949722
0.0541822724044323
0.05243445560336113
0.05018726736307144
0.05168539285659791
0.04594257101416588
0.05043695494532585
0.046691633760929115
0.04544319584965706
0.04444444552063941
0.041697878390550606
0.04744070023298264
0.04419475793838501
