0.9635210037231443
0.8215701580047606
0.1966693103313446
0.12767644226551056
0.09754163026809692
0.20301347970962524
0.32513877749443054
0.2609040439128876
0.29341793060302734
0.30055510997772217
0.26486915349960327
0.33386200666427607
0.2727993726730346
0.3148294985294342
0.33624106645584106
0.29421094059944153
0.3727200627326965
0.3298968970775604
0.38223633170127863
0.40681996941566473
0.3838223516941071
0.4655035734176636
0.4440919756889343
0.4916732609272003
0.5440126657485962
0.5408406257629395
0.6494845151901245
0.6431403756141664
0.6994448900222777
0.7446470856666565
0.7026169896125793
0.7684377431869507
0.68596351146698
0.6677240133285521
0.6272799372673035
0.5154638886451721
0.5170499682426453
0.4131641685962677
0.3917525708675385
0.3711340129375458
0.2918318808078766
0.3544805645942688
0.2886597812175751
0.31720855832099915
0.3481363952159881
0.28548771142959595
0.34496432542800903
0.2751784324645996
0.30531322956085205
0.3394131660461426
0.28548771142959595
0.3457573354244232
0.2640761435031891
0.3068992793560028
0.32910388708114624
0.266455203294754
0.3195876181125641
0.2513877749443054
0.27597144246101374
0.31403648853302
0.23949246108531952
0.2957969903945923
0.24107851088047028
0.2624900937080384
0.28152260184288025
0.21887390315532684
0.283108651638031
0.2315622568130493
0.24980174005031583
0.2799365520477295
0.32434576749801636
0.41950833797454834
0.38144329190254206
0.3846153914928436
0.4321966767311096
0.3037272095680237
0.3489294350147248
0.2870737612247467
0.2957969903945923
0.28072959184646606
0.22363203763961792
0.24028548598289487
0.21887390315532684
0.2529738247394562
0.2363203763961792
0.20063441991806033
0.2640761435031891
0.19349722564220428
0.28231561183929443
0.3275178372859955
0.3037272095680237
1.0
0.49643141031265253
0.1847739815711975
0.038858048617839806
0.0
0.22125297784805295
0.2593179941177368
0.26566216349601746
0.29341793060302734
0.24662965536117556
0.31720855832099915
0.28231561183929443
0.3156225085258484
0.3219667077064514
0.2926248908042908
0.359238713979721
0.3433782756328583
0.0
0.0
0.0
0.0
0.0
0.0
0.0
0.0
0.0
0.0
0.0
0.0
0.0
0.0
0.0
0.0
0.0
0.0
0.0
0.0
0.0
0.0
0.0
0.0
