1.0
0.6949541568756104
0.6634174585342407
0.3572247624397278
0.1748853176832199
0.14334861934185028
0.04873853176832199
0.0458715595304966
0.03956421837210655
0.01548165176063776
0.03669724613428116
0.008027522824704647
0.02694954164326191
0.02178899012506008
0.009747706353664398
0.03211009129881859
0.0022935778833925724
0.0194954127073288
0.023509174585342407
0.01777523010969162
0.04357798025012016
0.04013761505484581
0.07568807154893875
0.08371559530496597
0.09059633314609528
0.13073395192623138
0.12327981740236282
0.1473623812198639
0.1571100950241089
0.13704128563404083
0.1553899049758911
0.11869265884160995
0.12729357182979584
0.11467889696359634
0.09747706353664398
0.10722476989030838
0.08428899198770523
0.0957568809390068
0.10321100801229476
0.09461009502410889
0.10894495248794556
0.09002293646335603
0.09346330165863037
0.10722476989030838
0.09116972237825392
0.11582569032907485
0.1014908254146576
0.1152522936463356
0.111238531768322
0.09461009502410889
0.10779816657304764
0.09288990497589111
0.09633027762174606
0.10091742873191832
0.08543577790260315
0.10378440469503401
0.08027523010969163
0.08830275386571884
0.09403669834136963
0.07454128563404083
0.0917431190609932
0.07224770635366438
0.08084862679243086
0.08199541270732878
0.05905963480472565
0.07855504751205443
0.06594036519527435
0.08199541270732878
0.10378440469503401
0.134747713804245
0.20470184087753293
0.22763761878013608
0.25229358673095703
0.26204127073287964
0.23681192100048065
0.25114679336547846
0.1989678889513016
0.14908257126808167
0.12155963480472563
0.08428899198770523
0.07224770635366438
0.04644495248794556
0.04931192845106125
0.0625
0.05045871436595917
0.06422018259763718
0.0
0.0888761430978775
0.3457568883895874
0.7660550475120544
0.9948394298553466
0.6961008906364441
0.52350914478302
0.2568807303905487
0.19208715856075287
0.10894495248794556
0.08658257126808167
0.08199541270732878
0.07970183342695235
0.059633027762174606
0.08428899198770523
0.07052752375602722
0.0733944922685623
0.07798165082931519
0.07626146823167802
0.09633027762174606
0.08428899198770523
0.09919724613428116
0.0
0.0
0.0
0.0
0.0
0.0
0.0
0.0
0.0
0.0
0.0
0.0
0.0
0.0
0.0
0.0
0.0
0.0
0.0
0.0
0.0
0.0
0.0
0.0
