1.0
0.809038519859314
0.22419139742851257
0.08285334706306458
0.019494904205203056
0.056712448596954346
0.1245015487074852
0.13469207286834717
0.1524147093296051
0.1648205518722534
0.16925121843814847
0.18077093362808228
0.17412494122982025
0.1763402819633484
0.19539211690425873
0.19760744273662567
0.22020381689071652
0.22020381689071652
0.22419139742851257
0.2264067381620407
0.24457244575023648
0.25121843814849854
0.263181209564209
0.26096588373184204
0.28622063994407654
0.29552504420280457
0.30261409282684326
0.30350023508071894
0.3119184672832489
0.2813469171524048
0.2702702581882477
0.27071332931518555
0.23748338222503665
0.2086840867996216
0.20381036400794983
0.17855560779571533
0.15064243972301483
0.14443951845169067
0.14709791541099548
0.1413380652666092
0.13602127134799957
0.14576871693134308
0.1621621549129486
0.16570669412612915
0.18608772754669187
0.18077093362808228
0.20336730778217316
0.20425343513488767
0.2073549032211304
0.2073549032211304
0.2162162214517593
0.20381036400794983
0.18830305337905884
0.20646876096725464
0.18830305337905884
0.18608772754669187
0.1829862594604492
0.159503772854805
0.16880814731121063
0.1524147093296051
0.163491353392601
0.159503772854805
0.201151967048645
0.2396987080574036
0.2800177335739136
0.23039433360099792
0.2529906928539276
0.2396987080574036
0.2436863034963608
0.22463446855545044
0.19539211690425873
0.17855560779571533
0.16437749564647675
0.13735046982765195
0.13912272453308103
0.13735046982765195
0.13380593061447144
0.11652636528015135
0.12140008807182312
0.12893220782279968
0.12494461983442307
0.13291980326175687
0.13735046982765195
0.1342490017414093
0.22241914272308347
0.4093930125236511
0.6437749266624451
0.9818342924118042
0.8387239575386046
0.24147097766399384
0.06114311143755913
0.0
0.04031900689005852
0.09392999857664108
0.1245015487074852
0.1453256607055664
0.14887018501758575
0.15640230476856232
0.16038990020751953
0.1705804169178009
0.1719096153974533
0.20336730778217316
0.17501108348369598
0.201151967048645
0.21355782449245447
0.23083738982677457
0.0
0.0
0.0
0.0
0.0
0.0
0.0
0.0
0.0
0.0
0.0
0.0
0.0
0.0
0.0
0.0
0.0
0.0
0.0
0.0
0.0
0.0
0.0
0.0
0.0
0.0
