0.9968624114990233
0.9148364067077636
0.4428507387638092
0.15284626185894012
0.10354101657867432
0.17525772750377655
0.260869562625885
0.22501119971275327
0.2819363474845886
0.276557594537735
0.2666965425014496
0.32541459798812866
0.2805916666984558
0.31689825654029846
0.30569252371788025
0.3115195035934448
0.30569252371788025
0.2989690601825714
0.3012102246284485
0.3307933807373047
0.3428955674171448
0.34244734048843384
0.31420886516571045
0.3442402482032776
0.33258628845214844
0.3361721336841583
0.325862854719162
0.30300313234329224
0.2989690601825714
0.2877633273601532
0.2770058214664459
0.22680412232875824
0.25145673751831055
0.2559390366077423
0.24697445333004
0.2622142434120178
0.28821155428886414
0.27924698591232294
0.2841775119304657
0.2967279255390167
0.29448679089546204
0.3003137707710266
0.29314208030700684
0.27341997623443604
0.3088301122188568
0.28597041964530945
0.2985208332538605
0.2962796986103058
0.2814881205558777
0.2805916666984558
0.26624831557273865
0.2814881205558777
0.27386823296546936
0.3021066784858704
0.2756611406803131
0.26983416080474854
0.28821155428886414
0.260869562625885
0.276557594537735
0.29224562644958496
0.3209323287010193
0.34244734048843384
0.33527565002441406
0.35365307331085205
0.31913939118385315
0.3783057034015656
0.33886149525642395
0.3182429373264313
0.3334827423095703
0.3106230497360229
0.26983416080474854
0.23621694743633273
0.2411474734544754
0.23038995265960693
0.25952488183975214
0.2326311022043228
0.1797400265932083
0.03630658984184265
0.0
0.16808606684207916
0.6064544916152954
0.9641416668891906
1.0
0.5428059101104736
0.21246078610420227
0.13088300824165344
0.17929179966449735
0.23307934403419492
0.26131778955459595
0.2770058214664459
0.2568354904651642
0.28552219271659846
0.28597041964530945
0.29583147168159485
0.27252352237701416
0.28686687350273127
0.3034513592720032
0.0
0.0
0.0
0.0
0.0
0.0
0.0
0.0
0.0
0.0
0.0
0.0
0.0
0.0
0.0
0.0
0.0
0.0
0.0
0.0
0.0
0.0
0.0
0.0
0.0
0.0
0.0
0.0
0.0
0.0
0.0
0.0
0.0
0.0
0.0
