0.9847361445426942
1.0
0.48582643270492554
0.1255996525287628
0.05015263706445693
0.11120802164077757
0.07849977910518646
0.09986916929483411
0.09027475118637086
0.07719144970178604
0.09725251048803328
0.0737025737762451
0.07849977910518646
0.0832969918847084
0.07719144970178604
0.10204971581697464
0.08198866248130798
0.09245529770851137
0.0963802859187126
0.09201918542385101
0.12734408676624298
0.10335804522037506
0.12690797448158264
0.1351940631866455
0.13257740437984467
0.16092455387115479
0.13781072199344635
0.1600523293018341
0.16266898810863495
0.1539468020200729
0.17662450671195984
0.14129960536956787
0.1491495817899704
0.13693851232528687
0.11644134670495986
0.13170519471168518
0.09812472760677336
0.1007413864135742
0.10859136283397675
0.09856083989143373
0.12341909855604172
0.09332751482725143
0.10030527412891388
0.10553859919309616
0.09071085602045059
0.10641081631183624
0.08809419721364976
0.09986916929483411
0.1016136035323143
0.09289140999317168
0.112516351044178
0.09419973939657213
0.10248582810163497
0.10204971581697464
0.08722198009490967
0.1037941575050354
0.08373310416936873
0.0963802859187126
0.09114696830511092
0.08068033307790755
0.10641081631183624
0.08111643791198729
0.08155255019664764
0.08416920900344849
0.06672481447458267
0.09463585168123245
0.07195813208818436
0.07762756198644638
0.07937200367450714
0.06410815566778183
0.09071085602045059
0.07544701546430588
0.11644134670495986
0.1426079422235489
0.12472742795944212
0.15002180635929108
0.1290885359048843
0.1578717827796936
0.15961621701717377
0.15830789506435394
0.17139118909835815
0.12036633491516112
0.10117749869823456
0.08242477476596832
0.06890536099672318
0.0789358913898468
0.047099869698286057
0.05146096646785736
0.056694287806749344
0.04317488148808479
0.06541648507118225
0.042302660644054406
0.054949846118688576
0.058438725769519806
0.04797209054231644
0.06410815566778183
0.0
0.112516351044178
0.3510684669017792
0.663323163986206
0.9921500086784362
0.8896641731262206
0.34670737385749817
0.09899694472551344
0.054077628999948495
0.1103358045220375
0.08722198009490967
0.09812472760677336
0.09158308058977128
0.0832969918847084
0.10771914571523666
0.08504143357276915
0.09986916929483411
0.09376362711191176
0.08722198009490967
0.11382468044757844
0.09463585168123245
0.10553859919309616
0.10641081631183624
0.10117749869823456
0.0
0.0
0.0
0.0
0.0
0.0
0.0
0.0
0.0
0.0
0.0
0.0
