0.9694533944129946
0.6414790749549866
0.4126473665237426
0.27116826176643366
0.15755626559257507
0.1130760982632637
0.05198284983634949
0.05734190717339516
0.054126475006341934
0.040192924439907074
0.06430868059396744
0.05894962325692177
0.07341907918453217
0.08896034210920332
0.07127545773983002
0.09163986891508102
0.08681672066450119
0.0986066460609436
0.11843515187501907
0.16077169775962827
0.16023579239845276
0.17363344132900238
0.18113611638545987
0.20257234573364255
0.21704180538654327
0.24758842587471008
0.2449088990688324
0.246516615152359
0.2540192902088165
0.2379421293735504
0.24330118298530576
0.2363343983888626
0.22240085899829865
0.20203644037246704
0.1838156431913376
0.18113611638545987
0.14201501011848447
0.12433011829853056
0.10557341575622559
0.09646302461624144
0.11414790898561476
0.117363341152668
0.117363341152668
0.1334405094385147
0.10986066609621048
0.1232583075761795
0.12272240221500395
0.13397641479969025
0.14576634764671323
0.12540192902088165
0.14040729403495789
0.12379421293735504
0.14415863156318665
0.1479099690914154
0.14201501011848447
0.16291533410549164
0.16881029307842255
0.16077169775962827
0.1650589555501938
0.13236869871616364
0.1334405094385147
0.117363341152668
0.1382636725902557
0.13129688799381256
0.117363341152668
0.11414790898561476
0.09539121389389038
0.11414790898561476
0.1334405094385147
0.11629153043031693
0.14898177981376648
0.14415863156318665
0.13665594160556793
0.14308682084083557
0.12647373974323273
0.1870310753583908
0.18327973783016205
0.1897106170654297
0.20257234573364255
0.18435154855251312
0.24115756154060364
0.21382637321949005
0.19506967067718503
0.19614148139953613
0.1672025769948959
0.17363344132900238
0.13665594160556793
0.12111468613147736
0.06859592348337173
0.07341907918453217
0.05787781253457069
0.06752411276102066
0.07288317382335664
0.0637727752327919
0.04769560694694519
0.0434083603322506
0.03376205638051033
0.02304394356906414
0.04555198177695274
0.060021437704563134
0.2518756687641144
0.6505895256996155
1.0
0.6693462133407593
0.3681671917438507
0.277063250541687
0.16988210380077362
0.11093247681856155
0.04287245497107506
0.007502679713070392
0.020900322124361992
0.0
0.027331190183758732
0.013933547772467136
0.003751339856535196
0.03751339763402938
0.04662379249930382
0.03858520835638046
0.05037513375282288
0.029474811628460884
0.03536977618932724
0.05144694447517395
0.0
0.0
0.0
0.0
0.0
0.0
0.0
0.0
0.0
0.0
