0.9514462947845459
0.9597107172012328
0.6931818127632141
0.22314049303531647
0.1652892529964447
0.22933883965015409
0.3997933864593506
0.5051652789115906
0.4834710657596588
0.48450413346290583
0.43698346614837646
0.4710743725299835
0.4504132270812988
0.4245867729187012
0.4039256274700165
0.4070248007774353
0.45867767930030817
0.4545454680919647
0.40805783867836
0.39049586653709406
0.3543388545513153
0.3811983466148376
0.3595041334629059
0.37293389439582814
0.4235537052154541
0.37913224101066584
0.4111570119857788
0.43285122513771057
0.36673554778099055
0.35537189245224
0.31611570715904236
0.33780992031097407
0.3316115736961365
0.33780992031097407
0.4111570119857788
0.42665287852287287
0.4948347210884094
0.5247933864593506
0.5485537052154541
0.5971074104309082
0.5826446413993835
0.6332644820213318
0.6167355179786682
0.5981404781341553
0.6157024502754211
0.6002066135406494
0.6539255976676941
0.6022727489471436
0.5847107172012329
0.5919421315193176
0.5320248007774353
0.5413222908973694
0.5092975497245789
0.5247933864593506
0.5733470916748047
0.5278925895690918
0.5681818127632141
0.5723140239715576
0.538223147392273
0.5485537052154541
0.5134297609329224
0.5516529083251953
0.5154958963394165
0.5103305578231812
0.5619834661483765
0.5743801593780518
0.6126033067703247
0.6208677887916565
0.5402892827987671
0.5268595218658447
0.5010330677032471
0.547520637512207
0.5485537052154541
0.5165289044380188
0.5402892827987671
0.5113636255264281
0.5764462947845458
0.5878099203109741
0.5723140239715576
0.5971074104309082
0.53925621509552
0.5619834661483765
0.5640496015548706
0.5754132270812988
0.5609503984451294
0.5371900796890259
0.5464876294136047
0.5702479481697083
0.5072314143180847
0.5568181872367859
0.5402892827987671
0.5444214940071106
0.5289255976676941
0.502066135406494
0.5206611752510071
0.4969008266925812
0.5371900796890259
0.5278925895690918
0.5237603187561035
0.5516529083251953
0.5278925895690918
0.5619834661483765
0.5495867729187012
0.5402892827987671
0.5599173307418823
0.5320248007774353
0.56611567735672
0.5185950398445128
0.5816115736961365
0.6497933864593506
0.5940082669258118
0.6012396812438965
0.5557851195335388
0.5537189841270447
0.7706611752510071
0.96074378490448
1.0
0.8212810158729553
0.6435950398445128
0.1942148804664612
0.0
0.043388430029153824
0.24276860058307648
0.3460743725299835
0.4152892529964447
0.4111570119857788
0.48553720116615295
0.51962810754776
0.5082644820213318
0.502066135406494
0.4287190139293671
0.4297520518302917
