1.0
0.9424026608467102
0.5266044735908508
0.47284695506095886
0.3236423432826996
0.3110257685184479
0.3395501971244812
0.30938014388084406
0.31321996450424194
0.35436093807220453
0.3148656189441681
0.33845311403274536
0.36478331685066223
0.3680745959281921
0.3516182005405426
0.3516182005405426
0.376851350069046
0.3828853666782379
0.37520569562911993
0.4190894067287445
0.4070214033126831
0.3955019116401672
0.39440482854843134
0.4070214033126831
0.43170598149299616
0.4333516061306
0.35490947961807245
0.3971475660800934
0.3834339082241058
0.4020844697952271
0.3900164663791656
0.3883708119392395
0.3455842137336731
0.36972025036811834
0.3817882537841797
0.3823367953300476
0.3000548481941223
0.32803070545196533
0.2759188115596771
0.3329676389694214
0.34064728021621704
0.3713658750057221
0.3510696589946747
0.3362589180469513
0.3422929346561432
0.33790454268455505
0.35271531343460083
0.39934173226356506
0.32309380173683167
0.3110257685184479
0.3263850808143616
0.32309380173683167
0.3187054395675659
0.315962702035904
0.30938014388084406
0.31705978512763977
0.34064728021621704
0.3236423432826996
0.3203510642051697
0.3329676389694214
0.3247394263744354
0.34064728021621704
0.2945694029331207
0.3198025226593017
0.3642347753047943
0.4064728617668152
0.42731761932373047
0.4580362141132354
0.4761382341384888
0.5342841744422913
0.4816237092018128
0.3867251873016357
0.3927591741085053
0.3219967186450958
0.34668129682540894
0.27043336629867554
0.2726275324821472
0.2841470241546631
0.2814042866230011
0.2545255124568939
0.09654416143894196
0.0
0.20735052227973935
0.7026878595352173
0.989029049873352
0.9583104848861694
0.5600658059120177
0.4432254433631897
0.3368074595928192
0.34722983837127686
0.3680745959281921
0.346132755279541
0.3187054395675659
0.33461326360702515
0.36972025036811834
0.37191441655159
0.32528799772262573
0.34942403435707087
0.37026879191398626
0.38727372884750366
0.0
0.0
0.0
0.0
0.0
0.0
0.0
0.0
0.0
0.0
0.0
0.0
0.0
0.0
0.0
0.0
0.0
0.0
0.0
0.0
0.0
0.0
0.0
0.0
0.0
0.0
0.0
0.0
0.0
0.0
0.0
0.0
