0.9858712553977966
1.0
0.8775510191917419
0.8445839881896973
0.8037676811218261
0.6656200885772705
0.5808477401733398
0.412872850894928
0.43014129996299744
0.36577707529067993
0.3422291874885559
0.35478806495666504
0.31554159522056574
0.3343799114227295
0.3343799114227295
0.32496076822280884
0.3124018907546997
0.22919936478137967
0.25745683908462524
0.14913657307624817
0.10675039142370224
0.0
0.1130298301577568
0.4254316985607147
0.7974882125854493
0.8288853764533997
0.8618524074554443
0.4521193206310272
0.5259026885032654
0.7331240177154541
0.5196232199668884
0.21978022158145905
0.14128728210926056
0.18995290994644165
0.17582418024539948
0.33281004428863525
0.46310833096504206
0.42386186122894287
0.42229199409484863
0.42229199409484863
0.4599685966968536
0.4474097192287445
0.4097331166267395
0.4427001476287842
0.43485087156295776
0.41915228962898254
0.4317111372947693
0.4034536778926849
0.44897958636283875
0.4332810044288635
0.4379905760288239
0.4474097192287445
0.42386186122894287
0.4427001476287842
0.4427001476287842
0.43014129996299744
0.4442700147628784
0.43485087156295776
0.4850863516330719
0.4678179025650024
0.49136579036712646
0.5070643424987793
0.4992150664329529
0.5494505763053894
0.5306122303009033
0.4976451992988586
0.4442700147628784
0.3971742689609528
0.4254316985607147
0.4568288922309875
0.48665618896484375
0.511773943901062
0.5243328213691713
0.5447409749031067
0.5321820974349976
0.5431711077690125
0.5337519645690918
0.4850863516330719
0.5384615659713745
0.4960753619670868
0.46938776969909674
0.49136579036712646
0.47566717863082886
0.4709576070308685
0.4364207088947296
0.45525902509689326
0.47566717863082886
0.43485087156295776
0.46310833096504206
0.450549453496933
0.4458398818969727
0.4458398818969727
0.4254316985607147
0.45839872956275934
0.4772370457649231
0.4850863516330719
0.5102040767669678
0.48665618896484375
0.5368916988372803
0.5227629542350769
0.5211930871009827
0.5149136781692505
0.47566717863082886
0.511773943901062
0.511773943901062
0.5133438110351562
0.5855572819709778
0.6216640472412108
0.692307710647583
0.7409732937812805
0.7755101919174193
0.9277864694595338
0.9513343572616576
0.9937205910682678
0.9230769276618956
0.8618524074554443
0.843014121055603
0.6483516693115233
0.5557299852371216
0.4364207088947296
0.3799058198928833
0.0
0.0
0.0
0.0
0.0
0.0
0.0
0.0
0.0
0.0
0.0
