1.0
0.6076458692550659
0.15452715754508972
0.08289738744497299
0.032193157821893685
0.07404426485300064
0.1122736409306526
0.13239437341690063
0.12233400344848631
0.1436619758605957
0.1436619758605957
0.14406438171863556
0.15331992506980896
0.1496981829404831
0.15492957830429077
0.1537223309278488
0.15935613214969635
0.16016095876693723
0.16619718074798584
0.17706237733364105
0.16780683398246765
0.18631790578365323
0.1915493011474609
0.21448692679405207
0.20563380420207977
0.23742455244064328
0.23541247844696045
0.2382293790578842
0.2603621780872345
0.25311872363090515
0.25754526257514954
0.2579476833343506
0.25593560934066767
0.24144868552684784
0.24225352704524997
0.23541247844696045
0.23259557783603668
0.2124748528003693
0.18953722715377808
0.178269624710083
0.16458752751350403
0.15895372629165647
0.14768612384796143
0.13923540711402893
0.11750502884387969
0.11428571492433548
0.12394366413354872
0.11307846754789352
0.10020120441913603
0.1098591536283493
0.12515090405941007
0.11468812823295592
0.1291750520467758
0.14164990186691284
0.1291750520467758
0.14929577708244324
0.12515090405941007
0.13923540711402893
0.13118712604045868
0.15010060369968414
0.14527162909507751
0.14929577708244324
0.1336016058921814
0.1360161006450653
0.13038229942321777
0.14205230772495267
0.1352112740278244
0.12233400344848631
0.1436619758605957
0.12716297805309296
0.1183098554611206
0.11951710283756256
0.11428571492433548
0.11589537560939787
0.11388330161571503
0.10704225301742552
0.11468812823295592
0.12112676352262496
0.1605633795261383
0.18913480639457703
0.1859154999256134
0.16498993337154388
0.18189135193824768
0.2080482840538025
0.1911468803882599
0.1573440581560135
0.14567404985427856
0.12635815143585205
0.0937625765800476
0.08490945398807524
0.07082495093345642
0.07283702492713928
0.07404426485300064
0.08128772675991057
0.06720321625471115
0.059959758073091514
0.0760563388466835
0.07927565276622771
0.08169014006853102
0.07887323945760728
0.0768611654639244
0.14245472848415375
0.3641851246356964
0.5476861000061035
0.8543259501457214
0.9653923511505128
0.3774648010730744
0.0583501011133194
0.0
0.019315894693136212
0.03501006215810776
0.057947687804698944
0.07283702492713928
0.0953722298145294
0.09094567596912384
0.09175050258636473
0.09014084190130232
0.08249496668577194
0.09054326266050337
0.08973842859268188
0.09416498988866806
0.10784707963466644
0.11549295485019684
0.1183098554611206
0.12273641675710678
0.12193159013986588
0.0
0.0
0.0
0.0
0.0
0.0
