1.0
0.5099778175354004
0.15373244881629944
0.041389506310224526
0.3747228384017944
0.47376200556755066
0.5269770622253418
0.5713229775428772
0.55801922082901
0.5898004174232483
0.5713229775428772
0.5454545617103577
0.5698447823524475
0.6008869409561157
0.581670343875885
0.581670343875885
0.5461936593055725
0.6193643808364868
0.6023651361465454
0.6171470880508423
0.5979305505752563
0.6319290399551392
0.6274944543838501
0.67405766248703
0.7065779566764832
0.7361419200897216
0.7597930431365967
0.7819660305976868
0.7974870800971984
0.85957133769989
0.8728750944137573
0.8610495328903198
0.8713968992233276
0.865484118461609
0.8122690320014954
0.7487065792083741
0.7509238719940186
0.7716186046600341
0.7220990657806396
0.7117516398429872
0.6755358576774597
0.6829268336296082
0.6947523951530457
0.6917960047721863
0.6674057841300964
0.6622321009635925
0.65188467502594
0.6385809183120728
0.6474500894546509
0.6666666865348816
0.6430155038833617
0.6171470880508423
0.6097561120986937
0.6260162591934204
0.632668137550354
0.6334072351455688
0.6201034784317017
0.6208425760269165
0.6504064798355104
0.6001478433609009
0.6659275889396667
0.599408745765686
0.6297117471694945
0.6504064798355104
0.6371027231216431
0.6201034784317017
0.6060606241226196
0.642276406288147
0.642276406288147
0.6341463327407837
0.6504064798355104
0.6127125024795532
0.6688839793205261
0.6821877360343933
0.6807095408439636
0.7464892864227296
0.7686622142791747
0.7708795070648193
0.7915742993354796
0.8573540449142456
0.8351810574531555
0.7937915921211242
0.8167036175727843
0.6917960047721863
0.6762749552726746
0.6348854303359985
0.6134516000747681
0.6208425760269165
0.6348854303359985
0.6230598688125609
0.6223207712173462
0.683665931224823
0.683665931224823
0.6193643808364868
0.6319290399551392
0.8957871198654176
0.8270509839057921
0.20842571556568143
0.0
0.28750923275947565
0.4648928344249725
0.5358462929725647
0.5705838799476624
0.5336290001869202
0.5513673424720764
0.5728011727333069
0.5705838799476624
0.5254988670349121
0.5521064400672913
0.5824094414711
0.594974160194397
0.5868440270423889
0.6082779169082642
0.5846267342567444
0.5890613198280334
0.0
0.0
0.0
0.0
0.0
0.0
0.0
0.0
0.0
0.0
0.0
0.0
0.0
0.0
0.0
0.0
0.0
