1.0
0.7285959124565123
0.4820205569267273
0.14041095972061157
0.02226027473807335
0.1772260218858719
0.21832191944122317
0.23202054202556607
0.22089041769504547
0.23715753853321075
0.23886986076831815
0.23630136251449585
0.2517123222351074
0.23715753853321075
0.23373287916183472
0.26455479860305786
0.23715753853321075
0.26113012433052063
0.21917808055877683
0.25428083539009094
0.25513699650764465
0.25
0.27910959720611567
0.26455479860305786
0.28852739930152893
0.29109588265419006
0.295376718044281
0.3116438388824463
0.29023972153663635
0.3304794430732727
0.340753436088562
0.34160959720611567
0.34845891594886774
0.357876718044281
0.3792808353900909
0.3938356041908264
0.3912671208381653
0.41095891594886774
0.3827054798603058
0.3809931576251984
0.3655821979045868
0.33219179511070246
0.34246575832366943
0.2962328791618347
0.30051368474960327
0.26969179511070246
0.2919520437717438
0.2970890402793884
0.27140411734580994
0.2577054798603058
0.2773972749710083
0.2568493187427521
0.27996575832366943
0.2422945201396942
0.27996575832366943
0.26712328195571894
0.25513699650764465
0.2868150770664215
0.2559931576251984
0.27226027846336365
0.278253436088562
0.2765410840511322
0.2705479562282562
0.25
0.2594178020954132
0.2568493187427521
0.24571917951107025
0.26284247636795044
0.25085616111755366
0.2654109597206116
0.2585616409778595
0.25256848335266113
0.26113012433052063
0.2311643809080124
0.2448630183935165
0.2705479562282562
0.2397260218858719
0.26113012433052063
0.2662671208381653
0.2970890402793884
0.33219179511070246
0.340753436088562
0.35273972153663635
0.4023972749710083
0.4554794430732727
0.4529109597206116
0.4101027250289917
0.41095891594886774
0.36301368474960327
0.30736300349235535
0.27140411734580994
0.20547945797443387
0.21917808055877683
0.15753424167633057
0.18150684237480164
0.1823630183935165
0.17636986076831815
0.20119863748550412
0.1823630183935165
0.18921232223510745
0.19948630034923556
0.35102739930152893
0.39554795622825617
0.7029109597206116
0.9914383292198179
0.8784246444702147
0.579623281955719
0.3553082048892975
0.0
0.1729452013969421
0.19006849825382233
0.21318493783473969
0.23886986076831815
0.22602739930152893
0.22859589755535123
0.20034246146678925
0.21404109895229337
0.25342464447021484
0.2217465788125992
0.2345890402793884
0.25256848335266113
0.23202054202556607
0.24571917951107025
0.2405821979045868
0.25256848335266113
0.2662671208381653
0.0
0.0
0.0
0.0
0.0
0.0
