1.0
0.6955867409706116
0.5712136626243591
0.175025075674057
0.041624873876571655
0.11885657161474228
0.1328987032175064
0.19057171046733856
0.1785356104373932
0.2056168466806412
0.2086258828639984
0.200100302696228
0.21063189208507535
0.1930792331695557
0.21765296161174771
0.22066198289394376
0.21313941478729248
0.2286860644817352
0.20661985874176023
0.225677028298378
0.23671013116836548
0.2402206659317017
0.2683049142360687
0.23971915245056152
0.2607823610305786
0.2718154489994049
0.25877633690834045
0.2843530476093292
0.2683049142360687
0.30692076683044434
0.30842527747154236
0.29739218950271606
0.32497492432594294
0.2813440263271332
0.30190572142601013
0.3079237639904022
0.2748244702816009
0.27833500504493713
0.2347041070461273
0.24172517657279968
0.23269809782505035
0.19909729063510892
0.2156469374895096
0.18054161965847013
0.18655967712402344
0.1995987892150879
0.17803409695625305
0.1930792331695557
0.16900701820850372
0.19608826935291288
0.19157472252845764
0.1810431331396103
0.21163490414619443
0.18204614520072937
0.20411233603954315
0.1935807466506958
0.18605817854404447
0.20511534810066223
0.17803409695625305
0.2011033147573471
0.19057171046733856
0.17402206361293793
0.1955867558717728
0.15947844088077545
0.1885657012462616
0.18405215442180636
0.15847542881965637
0.18405215442180636
0.15195587277412415
0.17452357709407806
0.16900701820850372
0.14794382452964783
0.16850551962852478
0.14744232594966888
0.17101304233074188
0.15947844088077545
0.14242728054523468
0.1700100302696228
0.13941825926303864
0.1599799394607544
0.16399197280406952
0.1419257819652557
0.17352056503295898
0.13891674578189847
0.15897692739963531
0.15346038341522217
0.13239718973636627
0.1675025075674057
0.14092276990413663
0.151454359292984
0.14744232594966888
0.1414242684841156
0.17352056503295898
0.14944835007190704
0.19859579205513
0.1800401210784912
0.18355065584182736
0.2467402219772339
0.24172517657279968
0.2607823610305786
0.225677028298378
0.17552657425403595
0.1870611906051636
0.12938816845417023
0.1313941776752472
0.09478435665369034
0.10531594604253768
0.1313941776752472
0.07422266900539398
0.09929789602756499
0.09478435665369034
0.05867602676153183
0.014543631114065649
0.09177532792091368
0.31695085763931274
0.5897693037986755
0.8706118464469909
0.8064192533493043
0.6013039350509644
0.40471413731575007
0.04814443364739417
0.0
0.09628886729478835
0.1018054187297821
0.15797391533851624
0.15346038341522217
0.15195587277412415
0.18455366790294647
0.14794382452964783
0.1900702118873596
0.16700100898742676
0.16449348628520963
