0.9375757575035096
1.0
0.5169696807861328
0.18848484754562375
0.168787881731987
0.1515151560306549
0.11424242705106737
0.10575757920742034
0.09333333373069763
0.09090909361839294
0.09969697147607805
0.09393939375877379
0.09424242377281189
0.08333333581686019
0.08878787606954575
0.09484848380088806
0.08787878602743149
0.10393939167261124
0.08848484605550766
0.09272727370262146
0.09666666388511656
0.09212121367454527
0.10575757920742034
0.10060606151819228
0.09151515364646912
0.11484848707914352
0.09151515364646912
0.10151515156030654
0.09787879139184952
0.10000000149011612
0.10333333164453506
0.08878787606954575
0.10333333164453506
0.10575757920742034
0.11787878721952438
0.134848490357399
0.12181818485260008
0.12060605734586716
0.12545454502105713
0.12303030490875244
0.1306060552597046
0.11999999731779099
0.12939393520355225
0.12757575511932373
0.12545454502105713
0.12393939495086669
0.1281818151473999
0.13363637030124664
0.1387878805398941
0.13363637030124664
0.13818182051181793
0.12545454502105713
0.1327272653579712
0.12484848499298096
0.11606060713529585
0.12424242496490479
0.10939393937587738
0.11424242705106737
0.11424242705106737
0.11151514947414398
0.11484848707914352
0.10121212154626846
0.10727272927761076
0.10787878930568696
0.1003030315041542
0.10121212154626846
0.09393939375877379
0.10424242168664932
0.08696969598531723
0.08666666597127913
0.0981818214058876
0.08818181604146957
0.0918181836605072
0.09363636374473572
0.09515151381492615
0.1066666692495346
0.1003030315041542
0.1130302995443344
0.09878788143396376
0.10515151172876358
0.11636363714933395
0.09636363387107848
0.10303030163049696
0.09303030371665953
0.09515151381492615
0.10121212154626846
0.08363636583089827
0.07030303031206131
0.05393939465284348
0.04969697073101997
0.054848484694957726
0.03909090906381607
0.056666668504476554
0.04787878692150116
0.05090909078717232
0.04363636299967766
0.00787878781557083
0.1406060606241226
0.33212122321128845
0.6306060552597046
0.828787863254547
0.9430302977561951
0.4972727298736572
0.12454545497894288
0.11424242705106737
0.07818181812763214
0.041818182915449136
0.03575757518410683
0.021212121471762657
0.012424242682754992
0.025757575407624245
0.006666666828095913
0.01484848465770483
0.007272727321833373
0.0
0.012424242682754992
0.000606060610152781
0.014242424629628658
0.011818181723356245
0.014242424629628658
0.0
0.0
0.0
0.0
0.0
0.0
0.0
0.0
0.0
0.0
0.0
0.0
