0.9188660979270936
0.7823395133018493
0.2502443790435791
0.14043661952018735
0.10133594274520874
0.07070706784725189
0.03812316805124282
0.04301075264811516
0.028022157028317448
0.028999675065279007
0.03356141969561577
0.02248289436101913
0.027370478957891464
0.027370478957891464
0.029651353135704998
0.036493971943855286
0.02117953822016716
0.0550667978823185
0.037145651876926415
0.03551645576953888
0.045617464929819114
0.04594330489635468
0.05474095791578293
0.052460085600614555
0.06190941855311394
0.07135874778032303
0.059302706271409995
0.0716845914721489
0.06484197080135345
0.07005539536476135
0.07298794388771057
0.059302706271409995
0.09156076610088348
0.08732486516237259
0.08797653764486314
0.10101009905338287
0.09742587059736253
0.10003258287906645
0.08471815288066864
0.0736396238207817
0.07494297623634337
0.05832518637180328
0.07233626395463942
0.059954382479190826
0.05799935013055801
0.066471166908741
0.06353861093521118
0.09090909361839294
0.07070706784725189
0.07103291153907776
0.07983056455850601
0.07559465616941453
0.0944933220744133
0.07429130375385283
0.0716845914721489
0.07624633610248564
0.06223525479435921
0.08211144059896469
0.06614532321691513
0.06907787919044495
0.07103291153907776
0.05799935013055801
0.06810035556554793
0.06321277469396591
0.06516780704259872
0.06581948697566986
0.05050504952669144
0.07689801603555678
0.06288693100214005
0.05408928170800209
0.06223525479435921
0.05441511794924736
0.06875203549861908
0.059302706271409995
0.0716845914721489
0.07852720469236374
0.07233626395463942
0.09253828972578047
0.07331378012895584
0.09612251818180083
0.10459432750940321
0.08634734153747559
0.10231345891952515
0.07754968851804733
0.07298794388771057
0.07624633610248564
0.058651026338338845
0.048550017178058624
0.03128054738044739
0.03388725966215134
0.037471488118171685
0.037471488118171685
0.04496578872203826
0.03681981191039085
0.03095470927655697
0.03779732808470727
0.0
0.14076246321201324
0.33300748467445374
0.6598240733146667
0.8869338631629943
1.0
0.5382860898971558
0.12284131348133089
0.10622352361679076
0.0778755322098732
0.043336592614650726
0.04594330489635468
0.02346041053533554
0.03812316805124282
0.034213099628686905
0.024112088605761528
0.02671880088746548
0.017921147868037224
0.021831216290593147
0.029651353135704998
0.018572825938463208
0.037145651876926415
0.037471488118171685
0.028999675065279007
0.0
0.0
0.0
0.0
0.0
0.0
0.0
0.0
0.0
0.0
0.0
0.0
