1.0
0.5685670375823976
0.0
0.093990758061409
0.3520801365375519
0.3335901498794556
0.34360554814338684
0.32665640115737915
0.32742682099342346
0.3212634921073913
0.3112480640411377
0.32588598132133484
0.33281973004341125
0.3189522325992584
0.31972265243530273
0.33744221925735474
0.34976887702941895
0.3212634921073913
0.32742682099342346
0.31355932354927063
0.312018483877182
0.3520801365375519
0.33204931020736694
0.3212634921073913
0.329738050699234
0.33127889037132263
0.34976887702941895
0.3667180240154266
0.33744221925735474
0.34899845719337463
0.35053929686546326
0.3235747218132019
0.3351309597492218
0.3058551549911499
0.31972265243530273
0.30816641449928284
0.29969182610511774
0.28197225928306574
0.2981510162353516
0.2981510162353516
0.27966102957725525
0.2827426791191101
0.30046224594116205
0.2688751816749573
0.27966102957725525
0.2989214062690735
0.3012326657772064
0.2927580773830414
0.31741139292716974
0.29738059639930725
0.3035439252853393
0.32203391194343567
0.33281973004341125
0.3389830589294433
0.4183359146118164
0.44067797064781195
0.4337442219257354
0.40986132621765137
0.4437596201896667
0.4476117193698883
0.446841299533844
0.3959938287734985
0.3674884438514709
0.37134051322937006
0.28197225928306574
0.2758089303970337
0.2573189437389374
0.23805855214595795
0.25038519501686096
0.29583975672721863
0.23497688770294187
0.20570108294487
0.1463790386915207
0.3343605399131775
0.6440678238868712
0.82280433177948
0.544684112071991
0.008474576286971569
0.0038520800881087776
0.2758089303970337
0.2627118527889252
0.2781201899051666
0.30200308561325073
0.2858243584632873
0.29969182610511774
0.27272728085517883
0.2657935321331024
0.29044684767723083
0.0
0.0
0.0
0.0
0.0
0.0
0.0
0.0
0.0
0.0
0.0
0.0
0.0
0.0
0.0
0.0
0.0
0.0
0.0
0.0
0.0
0.0
0.0
0.0
0.0
0.0
0.0
0.0
0.0
0.0
0.0
0.0
0.0
0.0
0.0
0.0
0.0
0.0
0.0
0.0
0.0
0.0
0.0
0.0
