1.0
0.9948024749755859
0.8139293193817138
0.5935550928115845
0.5072765350341797
0.35654884576797485
0.17047816514968872
0.16320165991783142
0.1683991700410843
0.161122664809227
0.147609144449234
0.16735966503620148
0.1548856496810913
0.16320165991783142
0.16735966503620148
0.1621621549129486
0.191268190741539
0.14864864945411682
0.17255717515945435
0.17775467038154602
0.18814969062805173
0.1995842009782791
0.18711018562316892
0.18918919563293457
0.18814969062805173
0.20062370598316193
0.22661122679710388
0.2079002112150192
0.234927237033844
0.24428273737430567
0.24636174738407132
0.2453222423791885
0.22765073180198667
0.2286902219057083
0.204781711101532
0.18087318539619443
0.19854469597339633
0.15072764456272125
0.16424116492271423
0.161122664809227
0.17359668016433716
0.20166319608688357
0.22349272668361664
0.21517671644687647
0.24636174738407132
0.234927237033844
0.2619542479515076
0.26715177297592163
0.2557172477245331
0.26923078298568726
0.2588357627391815
0.26923078298568726
0.26819127798080444
0.26715177297592163
0.2515592575073242
0.27546778321266174
0.2858627736568451
0.27546778321266174
0.2765072882175445
0.2713097631931305
0.2619542479515076
0.26819127798080444
0.2557172477245331
0.26715177297592163
0.2629937529563904
0.26091477274894714
0.2640332579612732
0.29002079367637634
0.28170478343963623
0.2619542479515076
0.2598752677440644
0.2588357627391815
0.2858627736568451
0.3326403200626373
0.32536381483078
0.3846153914928436
0.4116424024105072
0.39812889695167536
0.39604988694190973
0.3794178664684296
0.3461538553237915
0.31288981437683105
0.26715177297592163
0.22661122679710388
0.23908524215221405
0.2162162214517593
0.21725571155548093
0.22453223168849945
0.1923076957464218
0.15800416469573975
0.0
0.008316008374094963
0.3440748453140259
0.9189189076423645
0.939708948135376
0.9230769276618956
0.6683991551399231
0.5239084959030151
0.3752598762512207
0.20166319608688357
0.21829521656036377
0.20062370598316193
0.191268190741539
0.1923076957464218
0.20166319608688357
0.22453223168849945
0.20270270109176636
0.20166319608688357
0.20997920632362363
0.1995842009782791
0.2037422060966492
0.22245322167873385
0.22453223168849945
0.23908524215221405
0.26819127798080444
0.24636174738407132
0.23908524215221405
0.26923078298568726
0.27442827820777893
0.2796257734298706
0.277546763420105
0.3097712993621826
0.27546778321266174
0.29002079367637634
0.25363826751708984
0.2588357627391815
0.234927237033844
0.20997920632362363
0.204781711101532
0.18191267549991608
0.21309770643711087
0.24740125238895416
