1.0
0.993311047554016
0.8528428077697755
0.9046822786331176
0.829431414604187
0.8177257776260376
0.8762542009353637
0.7140468358993529
0.692307710647583
0.6555184125900269
0.6337792873382568
0.7257525324821472
0.6103678941726685
0.6254180669784546
0.6471571922302246
0.6571906208992004
0.8043478131294249
0.6003344655036926
0.6538461446762085
0.6404682397842407
0.7006688714027405
0.7023411393165588
0.6137123703956604
0.6003344655036926
0.5518394708633423
0.5066889524459839
0.5668896436691284
0.45819398760795593
0.4264214038848877
0.52173912525177
0.498327761888504
0.5618728995323181
0.4648829400539398
0.44314381480216974
0.39464882016181946
0.45652174949646
0.5819398164749146
0.49665552377700806
0.48494982719421387
0.52173912525177
0.43979933857917786
0.48327758908271784
0.39297658205032343
0.38963210582733154
0.3879598677158356
0.4531772434711456
0.44816052913665766
0.37290969491004944
0.32107022404670715
0.3277592062950134
0.3060200810432434
0.3812709152698517
0.4264214038848877
0.474916398525238
0.5367892980575562
0.5367892980575562
0.5735785961151123
0.41806021332740784
0.37458193302154547
0.3394648730754852
0.3478260934352875
0.4063545167446136
0.4080267548561096
0.19397993385791776
0.011705685406923294
0.06187291070818901
0.09531772881746291
0.0
0.046822741627693176
0.038461539894342416
0.0
0.0
0.0
0.0
0.0
0.0
0.0
0.0
0.0
0.0
0.0
0.0
0.0
0.0
0.0
0.0
0.0
0.0
0.0
0.0
0.0
0.0
0.0
0.0
0.0
0.0
0.0
0.0
0.0
0.0
0.0
0.0
0.0
0.0
0.0
0.0
0.0
0.0
0.0
0.0
0.0
0.0
0.0
0.0
0.0
0.0
0.0
0.0
0.0
0.0
0.0
0.0
0.0
0.0
0.0
0.0
0.0
0.0
0.0
0.0
0.0
0.0
