1.0
0.7889467477798462
0.5346415638923645
0.17460952699184415
0.0
0.003203844651579857
0.08610332757234573
0.15178214013576508
0.17581097781658173
0.1902282685041428
0.1954345256090164
0.20344413816928864
0.1998398005962372
0.2158590257167816
0.2170604765415192
0.21345615386962888
0.21345615386962888
0.2094513475894928
0.21986383199691767
0.22707249224185944
0.21786142885684967
0.23388065397739408
0.22947536408901212
0.242691233754158
0.24549458920955655
0.26071286201477045
0.26712054014205927
0.2831397652626037
0.3107729256153106
0.3259911835193634
0.34761714935302734
0.38085702061653137
0.40929114818573
0.44092911481857294
0.45694833993911743
0.4749699532985687
0.4885863065719605
0.4889867901802063
0.4809771776199341
0.4605526626110077
0.4152983725070953
0.36964356899261475
0.3203844726085663
0.2731277644634247
0.24829795956611636
0.22827392816543576
0.21786142885684967
0.19903884828090668
0.1938326060771942
0.18422105908393857
0.17621144652366638
0.17260712385177612
0.17420905828475952
0.1790148168802261
0.18221865594387052
0.18422105908393857
0.1938326060771942
0.1954345256090164
0.19783739745616913
0.20504605770111084
0.20865038037300107
0.22066479921340945
0.22266720235347748
0.22867441177368164
0.24789747595787048
0.2494993954896927
0.2595114111900329
0.2675210237503052
0.28554263710975647
0.2567080557346344
0.23428113758563995
0.22186623513698575
0.2094513475894928
0.19263115525245664
0.17220665514469147
0.16980376839637756
0.1678013652563095
0.1597917526960373
0.16579896211624143
0.16900280117988586
0.14537444710731506
0.25390470027923584
0.4521425664424896
0.6724069118499756
0.9787745475769043
0.5959150791168213
0.4701642096042633
0.1009211018681526
0.015618742443621159
0.014417300932109356
0.10812975466251372
0.15178214013576508
0.16339607536792755
0.18462154269218445
0.1954345256090164
0.1934321224689484
0.20344413816928864
0.20424509048461917
0.20024028420448303
0.20584701001644132
0.2126551866531372
0.21025229990482328
0.2062474936246872
0.22066479921340945
0.22787344455718997
0.22707249224185944
0.24068883061409
0.24669604003429407
0.2503003478050232
0.267921507358551
0.27833399176597595
0.29955947399139404
0.31838205456733704
0.358830600976944
0.392070472240448
0.423708438873291
0.4629555344581604
0.4861834347248077
0.4937925636768341
0.5098117589950562
0.49699640274047846
0.4629555344581604
0.4152983725070953
0.3592310845851898
0.31838205456733704
0.2595114111900329
0.23588305711746213
0.1954345256090164
0.17781338095664978
0.0
0.0
0.0
