0.9291925430297853
0.2968944013118744
0.28198757767677307
0.13664595782756803
0.2124223560094833
0.38633540272712713
0.5105590224266052
0.4683229923248291
0.40248447656631464
0.3875776529312134
0.4062111675739288
0.48695650696754456
0.37018632888793945
0.5329192280769348
0.3875776529312134
0.5105590224266052
0.6086956262588501
0.5490683317184448
0.5416148900985718
0.5801241993904114
0.6310558915138245
0.6173912882804872
0.6298136711120604
0.6198757886886597
0.5142857432365417
0.4894410073757172
0.5465838313102721
0.4298136532306671
0.4645962715148926
0.396273285150528
0.5180124044418335
0.4447205066680908
0.3403726816177368
0.4124223589897156
0.5229813456535339
0.5602484345436096
0.573913037776947
0.573913037776947
0.6211180090904236
0.5267080664634705
0.47826087474823
0.6807453632354736
0.6484472155570984
0.5316770076751709
0.34161490201950073
0.40496894717216486
0.396273285150528
0.35776397585868835
0.34534162282943726
0.4335403740406036
0.3726707994937897
0.2844720482826233
0.34161490201950073
0.9142857193946838
0.37763974070549006
0.17763975262641907
0.0
0.3341614902019501
0.3440993726253509
0.3465838432312012
0.3440993726253509
0.260869562625885
0.41118013858795166
0.3614906966686249
0.30434781312942505
0.3937888145446777
0.4633540511131287
0.35652172565460205
0.46956521272659296
0.4322981238365173
0.47080746293067927
0.582608699798584
0.5453416109085083
0.5714285969734192
0.5614906549453735
0.6186335682868958
0.6024844646453857
0.5329192280769348
0.46956521272659296
0.5192546844482422
0.4770186245441437
0.46086955070495605
0.3142857253551483
0.3937888145446777
0.3403726816177368
0.41987577080726624
0.4310559034347534
0.46956521272659296
0.5751552581787108
0.5428571701049805
0.5068323016166687
0.6397515535354614
0.5776397585868835
0.4956521689891815
0.5453416109085083
0.6049689650535583
0.5018633604049683
0.3478260934352875
0.43726709485054016
0.35652172565460205
0.3614906966686249
0.4770186245441437
0.44968944787979126
0.23975154757499692
0.104347825050354
0.3975155353546143
1.0
0.3503105640411377
0.29440993070602417
0.16149067878723145
0.2037267088890076
0.37018632888793945
0.3403726816177368
0.35652172565460205
0.2248447239398956
0.313043475151062
0.33043476939201355
0.396273285150528
0.37639752030372614
0.29068323969841003
0.4409937858581543
0.426086962223053
0.3403726816177368
0.591304361820221
0.31055900454521174
0.4919254779815674
0.5366459488868712
0.0
0.0
0.0
0.0
0.0
