1.0
0.6266375780105591
0.47379913926124567
0.7685589790344238
0.6855894923210144
0.2074235826730728
0.006550218444317579
0.12008733302354813
0.0
0.23144105076789853
0.37991267442703247
0.38864627480506897
0.3995633125305176
0.34497815370559687
0.3864628672599792
0.36244541406631464
0.3733624517917633
0.4213973879814148
0.331877738237381
0.3930130898952484
0.360262006521225
0.3340611457824707
0.3537117838859558
0.2751091718673706
0.3427947461605072
0.32751092314720154
0.35807859897613525
0.3515283763408661
0.31877729296684265
0.3646288216114044
0.33842796087265015
0.3558951914310456
0.3493449687957764
0.360262006521225
0.40611353516578674
0.419213980436325
0.46724891662597656
0.4410480260848999
0.39082968235015864
0.419213980436325
0.34716156125068665
0.3144104778766632
0.3515283763408661
0.3515283763408661
0.4585152864456177
0.4650655090808869
0.46724891662597656
0.484716147184372
0.4410480260848999
0.5218340754508972
0.5305677056312561
0.5262008905410768
0.46069869399070734
0.45414847135543823
0.5174672603607178
0.5152838230133057
0.528384268283844
0.5043668150901793
0.47598254680633534
0.4650655090808869
0.4628821015357971
0.4301310181617737
0.3973799049854279
0.3951964974403381
0.3995633125305176
0.37554585933685297
0.3973799049854279
0.0
0.0
0.0
0.0
0.0
0.0
0.0
0.0
0.0
0.0
0.0
0.0
0.0
0.0
0.0
0.0
0.0
0.0
0.0
0.0
0.0
0.0
0.0
0.0
0.0
0.0
0.0
0.0
0.0
0.0
0.0
0.0
0.0
0.0
0.0
0.0
0.0
0.0
0.0
0.0
0.0
0.0
0.0
0.0
0.0
0.0
0.0
0.0
0.0
0.0
0.0
0.0
0.0
0.0
0.0
0.0
0.0
0.0
0.0
0.0
0.0
0.0
0.0
0.0
0.0
