1.0
0.6447036862373352
0.47414880990982056
0.3332282602787018
0.33259773254394526
0.34899118542671204
0.3376418650150299
0.32849937677383423
0.31683480739593506
0.30390921235084534
0.31746533513069153
0.30485498905181885
0.29854980111122126
0.2982345521450043
0.29634299874305725
0.2887767851352692
0.2853089570999145
0.2900378406047821
0.28089532256126404
0.28184109926223755
0.2764817178249359
0.27585119009017944
0.2764817178249359
0.2619798183441162
0.2676544785499573
0.26923078298568726
0.2660781741142273
0.2651323974132538
0.2723833620548248
0.2695460319519043
0.279003769159317
0.2736443877220154
0.2755359411239624
0.2616645693778992
0.24716266989707944
0.23171500861644745
0.2191046625375748
0.200504407286644
0.19073140621185303
0.18411096930503845
0.1752837300300598
0.1661412417888641
0.16645649075508115
0.15857502818107605
0.16645649075508115
0.16046658158302307
0.14943253993988037
0.15163934230804443
0.1478562355041504
0.14848676323890686
0.14754098653793335
0.13461539149284363
0.1320933103561401
0.13366961479187012
0.11759142577648161
0.12200504541397093
0.11475409567356108
0.10939470678567886
0.1097099632024765
0.11191677302122116
0.1071878969669342
0.10245901346206664
0.10813366621732712
0.100252203643322
0.1071878969669342
0.09678436070680618
0.0917402282357216
0.0961538478732109
0.09741488099098204
0.0986759141087532
0.0961538478732109
0.08196721225976944
0.08385876566171646
0.07976040244102478
0.08543505519628525
0.08007565885782243
0.07629255950450897
0.07692307978868483
0.07976040244102478
0.07156368345022202
0.07124842703342438
0.0646279975771904
0.06746532022953033
0.08448927849531172
0.11097099632024764
0.11443883925676344
0.11475409567356108
0.12799495458602905
0.13146279752254486
0.10781840980052948
0.09836065769195555
0.08322824537754057
0.06935687363147736
0.06021437421441078
0.05233291164040565
0.057377047836780555
0.051071878522634506
0.04823455214500427
0.051071878522634506
0.0
0.028058007359504696
0.23865069448947904
0.5791298747062683
0.4918032884597778
0.3051702380180359
0.09016393125057219
0.04445144906640053
0.0646279975771904
0.08448927849531172
0.07471626996994017
0.06872635334730148
0.07692307978868483
0.07976040244102478
0.07503152638673782
0.0816519558429718
0.07849936932325363
0.08827238529920578
0.08133669942617416
0.08764186501502991
0.0917402282357216
0.09205548465251921
0.09394703805446623
0.0
0.0
0.0
0.0
0.0
0.0
0.0
0.0
0.0
0.0
