1.0
0.7548275589942931
0.6555172204971313
0.6193103194236755
0.49655172228813166
0.43413794040679926
0.385172426700592
0.293448269367218
0.26241379976272583
0.2731034457683563
0.23172414302825928
0.2617241442203522
0.2606896460056305
0.24137930572032928
0.25620689988136286
0.27482759952545166
0.2620689570903778
0.2662068903446197
0.2403448224067688
0.25551724433898926
0.22310344874858856
0.3037931025028229
0.2882758677005768
0.2496551722288132
0.24448275566101077
0.31310343742370605
0.2655172348022461
0.24793103337287903
0.3110344707965851
0.27000001072883606
0.274137943983078
0.30103448033332825
0.2510344684123993
0.2868965566158294
0.30827584862709045
0.2703448235988617
0.2524137794971466
0.34068965911865234
0.3327586352825165
0.2710344791412353
0.2751724123954773
0.2882758677005768
0.2844827473163605
0.317586213350296
0.27551725506782526
0.30827584862709045
0.28310343623161316
0.3120689690113068
0.2596551775932312
0.3124137818813324
0.2703448235988617
0.2924138009548187
0.276206910610199
0.28206896781921387
0.2927586138248444
0.29965516924858093
0.2982758581638336
0.3458620607852936
0.36241379380226135
0.385172426700592
0.33379310369491577
0.3782758712768554
0.43931034207344055
0.412758618593216
0.4103448390960693
0.3810344934463501
0.3199999928474426
0.2875862121582031
0.28793102502822876
0.274137943983078
0.24689655005931851
0.2393103390932083
0.24103447794914243
0.2617241442203522
0.22793103754520416
0.20827586948871607
0.05586206912994385
0.0
0.14965517818927765
0.5489655137062073
0.9189655184745789
0.7782758474349974
0.7296551465988158
0.6075862050056458
0.49655172228813166
0.452068954706192
0.42862069606781006
0.32896551489830017
0.26482757925987244
0.24689655005931851
0.2665517330169678
0.2455172389745712
0.2620689570903778
0.24862068891525269
0.2620689570903778
0.2710344791412353
0.2837930917739868
0.276206910610199
0.2644827663898468
0.2662068903446197
0.24344827234745023
0.27931034564971924
0.33931034803390503
0.2910344898700714
0.2882758677005768
0.25620689988136286
0.27000001072883606
0.24310344457626343
0.0
0.0
0.0
0.0
0.0
0.0
0.0
0.0
0.0
0.0
0.0
0.0
0.0
0.0
0.0
0.0
0.0
0.0
0.0
0.0
0.0
0.0
0.0
0.0
