0.9978284239768981
0.8067318201065062
0.6782482862472534
0.6279406547546387
0.5117625594139099
0.45313066244125366
0.39703220129013056
0.2931596040725708
0.30184581875801086
0.28773072361946106
0.2602244019508362
0.2272891849279404
0.2576909065246582
0.22620339691638944
0.26420557498931885
0.25117626786231995
0.29714077711105347
0.26311978697776794
0.24900470674037933
0.24936662614345553
0.21968874335289
0.29243576526641846
0.2899022698402405
0.29026421904563904
0.22547955811023712
0.2290988117456436
0.2732537090778351
0.21208831667900083
0.26891061663627625
0.2870068848133087
0.33514297008514404
0.26673904061317444
0.2461093068122864
0.23561346530914304
0.26710098981857294
0.2699963748455048
0.24755699932575223
0.3170467019081116
0.29279768466949463
0.32935214042663574
0.26203402876853943
0.24068042635917664
0.2479189336299896
0.27252987027168274
0.28085413575172424
0.22946073114871976
0.2551574409008026
0.2779587507247925
0.20412595570087433
0.23597538471221924
0.2859210968017578
0.245747372508049
0.27252987027168274
0.2309084385633469
0.2576909065246582
0.25950053334236145
0.3000361919403076
0.2366992384195328
0.281578004360199
0.245747372508049
0.26167210936546326
0.2649294137954712
0.2627578675746918
0.26203402876853943
0.25841477513313293
0.24031849205493927
0.28845459222793574
0.3145132064819336
0.2938834726810456
0.3250090479850769
0.32790446281433105
0.3590300381183624
0.4173000454902649
0.39413681626319885
0.38400289416313166
0.3926891088485718
0.27976837754249567
0.24321389198303223
0.26673904061317444
0.25009047985076904
0.25117626786231995
0.22946073114871976
0.21317408978939056
0.21245023608207703
0.17082880437374115
0.16938111186027527
0.032935217022895806
0.0
0.10893955826759338
0.6351791620254517
1.0
0.8378574252128601
0.7846543788909912
0.6532754302024841
0.541440486907959
0.43575823307037354
0.3760405480861664
0.3260948359966278
0.2247557044029236
0.1867535263299942
0.21679334342479703
0.21353600919246676
0.1690191775560379
0.15960912406444547
0.24031849205493927
0.2519001066684723
0.23995657265186307
0.20484979450702667
0.0
0.0
0.0
0.0
0.0
0.0
0.0
0.0
0.0
0.0
0.0
0.0
0.0
0.0
0.0
0.0
0.0
0.0
0.0
0.0
0.0
0.0
0.0
0.0
