0.996347725391388
1.0
0.8674214482307434
0.7282688021659851
0.6263695955276489
0.5273922681808472
0.46603360772132874
0.39079621434211725
0.27428779006004333
0.24653030931949613
0.3009496033191681
0.31300219893455505
0.25346967577934265
0.2512783110141754
0.31190648674964905
0.28926223516464233
0.29072314500808716
0.29766252636909485
0.2867056131362915
0.30606281757354736
0.28451424837112427
0.30898466706275934
0.255295842885971
0.2775748670101166
0.34879472851753235
0.33162891864776606
0.28268808126449585
0.32688093185424805
0.3228633999824524
0.3075237274169922
0.3466033637523651
0.28926223516464233
0.3663257956504822
0.307158499956131
0.3104455769062042
0.3462381362915039
0.33528122305870056
0.3246895670890808
0.3305332362651825
0.3732651472091674
0.3155587911605835
0.3374726176261902
0.3294375538825989
0.3308984637260437
0.32761138677597046
0.310080349445343
0.30861943960189814
0.3173849582672119
0.2958363890647888
0.2702702581882477
0.32907232642173767
0.2929145395755768
0.3590211868286133
0.3053323626518249
0.35682979226112366
0.31921109557151794
0.2958363890647888
0.33308985829353327
0.36084732413291926
0.3455076813697815
0.3838568329811096
0.37691745162010193
0.43571949005126953
0.4317019581794738
0.3999269604682922
0.41599708795547485
0.45325055718421936
0.3466033637523651
0.3473338186740875
0.28889700770378113
0.2509130835533142
0.24653030931949613
0.2633309066295624
0.2107377648353577
0.24105186760425568
0.25456538796424866
0.13148283958435059
0.0
0.021183345466852188
0.23886048793792725
0.6932067275047302
0.9404674768447877
0.8130021691322327
0.7096420526504517
0.6603360176086426
0.5438275933265686
0.45032870769500727
0.408692479133606
0.2804967164993286
0.2618699669837952
0.24835646152496335
0.3148283362388611
0.22205989062786105
0.21658144891262052
0.23046019673347476
0.2078159302473068
0.23922571539878845
0.24835646152496335
0.23922571539878845
0.2333820313215256
0.2958363890647888
0.26077428460121155
0.2330168038606644
0.3016800582408905
0.26077428460121155
0.2633309066295624
0.2848794758319855
0.30898466706275934
0.2936449944972992
0.0
0.0
0.0
0.0
0.0
0.0
0.0
0.0
0.0
0.0
0.0
0.0
0.0
0.0
0.0
0.0
0.0
0.0
0.0
0.0
0.0
0.0
0.0
