1.0
0.9328644275665283
0.748081862926483
0.5380434989929199
0.35613811016082764
0.20524296164512637
0.11093350499868392
0.07576726377010345
0.08695652335882186
0.07928388565778732
0.07864449918270111
0.07480818778276443
0.0728900283575058
0.07576726377010345
0.06138107553124428
0.06937339901924133
0.059143222868442535
0.05402813479304314
0.05306905508041382
0.03772378340363503
0.03420716151595116
0.02717391215264797
0.015345268882811068
0.01822250708937645
0.005115089472383261
0.006074168719351292
0.0
0.013427110388875008
0.008631713688373564
0.016943734139204025
0.044437341392040246
0.05882352963089943
0.09207160770893097
0.1154092103242874
0.13331201672554016
0.1512148380279541
0.16464194655418396
0.18126598000526428
0.17902813851833344
0.16879795491695404
0.16592071950435638
0.15313299000263214
0.155690535902977
0.14705882966518402
0.13682864606380463
0.14482097327709198
0.14386188983917236
0.1409846544265747
0.14322251081466675
0.13331201672554016
0.1460997462272644
0.14705882966518402
0.12755754590034485
0.12148337811231612
0.1297954022884369
0.12627877295017242
0.12340153753757475
0.11796674877405167
0.12659846246242523
0.11349105089902876
0.1144501268863678
0.12212276458740234
0.11860613524913788
0.12180306762456893
0.125
0.13874679803848267
0.12180306762456893
0.1355498731136322
0.13331201672554016
0.13363170623779297
0.12819692492485046
0.12244245409965517
0.1253196895122528
0.13874679803848267
0.13331201672554016
0.12691815197467804
0.12052429467439651
0.14130434393882751
0.14354220032691956
0.12691815197467804
0.13011509180068967
0.12723785638809204
0.13299232721328735
0.12308184057474136
0.12052429467439651
0.1352301836013794
0.1202046051621437
0.11860613524913788
0.12627877295017242
0.11956521868705748
0.1294756978750229
0.12787723541259763
0.12883631885051727
0.1323529481887817
0.12372122704982756
0.13363170623779297
0.13810741901397705
0.13139386475086212
0.15345267951488495
0.13682864606380463
0.15856777131557465
0.15728899836540222
0.15728899836540222
0.14993606507778168
0.12851662933826447
0.1144501268863678
0.12372122704982756
0.12052429467439651
0.12915600836277008
0.1096547320485115
0.12052429467439651
0.11285166442394257
0.12148337811231612
0.11892583221197128
0.11764705926179884
0.12404092401266098
0.12340153753757475
0.12691815197467804
0.11636828631162643
0.10709718614816664
0.1256393790245056
0.11317135393619536
0.12787723541259763
0.12627877295017242
0.13139386475086212
0.14833760261535645
0.1515345275402069
0.22506393492221832
0.3062659800052643
0.3634910583496094
0.5332480669021606
0.6886188983917236
