1.0
0.5832967162132263
0.19956043362617487
0.1094505488872528
0.1868131905794144
0.1854945123195648
0.2232967019081116
0.20087912678718567
0.19692307710647583
0.20923076570034027
0.17010988295078275
0.21098901331424716
0.18637362122535703
0.18373626470565796
0.2127472460269928
0.16307692229747772
0.20879121124744413
0.18197801709175107
0.19164834916591644
0.21758241951465607
0.17142857611179352
0.2127472460269928
0.18769231438636777
0.19340659677982328
0.2158241719007492
0.1657142788171768
0.20087912678718567
0.1705494523048401
0.16131867468357086
0.18329671025276184
0.1204395592212677
0.15340659022331235
0.11648351699113844
0.10989011079072952
0.14593406021595
0.1125274747610092
0.16307692229747772
0.14637362957000732
0.1573626399040222
0.192967027425766
0.15252746641635895
0.1978022009134293
0.17758241295814514
0.17890110611915588
0.2074725329875946
0.1599999964237213
0.2052747309207916
0.17318680882453918
0.1810989081859589
0.2021978050470352
0.15912087261676788
0.20923076570034027
0.17714285850524902
0.18153846263885495
0.20571428537368772
0.1595604419708252
0.20087912678718567
0.17890110611915588
0.1824175864458084
0.2074725329875946
0.1626373678445816
0.20175823569297793
0.179340660572052
0.17714285850524902
0.1978022009134293
0.1564835160970688
0.192967027425766
0.16879120469093323
0.1709890067577362
0.19120879471302032
0.1538461595773697
0.19208791851997373
0.16131867468357086
0.15912087261676788
0.1824175864458084
0.1406593471765518
0.18329671025276184
0.15824176371097565
0.15868131816387177
0.18197801709175107
0.13890109956264496
0.17978021502494812
0.14989010989665985
0.15296703577041623
0.17714285850524902
0.14197802543640137
0.21142856776714325
0.1991208791732788
0.20791208744049072
0.24835164844989777
0.21362636983394623
0.280439555644989
0.2549450695514679
0.22813187539577484
0.2189010977745056
0.15472526848316193
0.16615384817123413
0.134505495429039
0.12747253477573395
0.15604396164417267
0.10857142508029936
0.15252746641635895
0.13098901510238647
0.1257142871618271
0.14505495131015775
0.10021977871656416
0.13890109956264496
0.12395604699850082
0.13406594097614288
0.16307692229747772
0.2320879101753235
0.6931868195533752
0.8589010834693908
0.33758240938186646
0.11824175715446472
0.0
0.13538461923599243
0.11999999731779099
0.12879121303558347
0.1485714316368103
0.10461538285017012
0.148131862282753
0.11956044286489485
0.1208791211247444
0.14461538195610046
0.09670329838991165
0.13846154510974884
0.10769230872392654
0.11076922714710236
0.1406593471765518
0.09670329838991165
0.13538461923599243
