1.0
0.6400722265243529
0.35306859016418457
0.26606497168540955
0.15956678986549375
0.12779782712459564
0.09205776453018188
0.09350180625915527
0.0667870044708252
0.05776173248887062
0.06750902533531189
0.06317689269781113
0.07509025186300276
0.06895306706428528
0.07111913710832596
0.08014440536499022
0.08628159016370773
0.09927798062562943
0.09386281669139862
0.1014440432190895
0.11696750670671464
0.1252707540988922
0.1397111862897873
0.14187724888324735
0.16173285245895383
0.18555957078933716
0.2032490968704224
0.2342960238456726
0.24909746646881104
0.2740072309970856
0.2985559701919556
0.30613717436790466
0.30577617883682245
0.30216607451438904
0.29530686140060425
0.28844764828681946
0.2527075707912445
0.23249097168445587
0.18555957078933716
0.15306858718395233
0.14404332637786865
0.11407942324876784
0.11335740238428116
0.09855595976114272
0.08736462146043777
0.0884476527571678
0.07942238450050354
0.09169675409793852
0.08050541579723358
0.08375450968742369
0.09566786885261536
0.09314079582691193
0.1061371862888336
0.09566786885261536
0.09855595976114272
0.10794223845005035
0.10469313710927965
0.10433212667703629
0.09494584798812866
0.09314079582691193
0.08953068405389786
0.08086642622947693
0.0913357436656952
0.0823104679584503
0.07978339493274687
0.08555956929922102
0.07617328315973283
0.08194945752620697
0.07797834277153014
0.06462094187736511
0.06750902533531189
0.05848375335335732
0.06498195230960846
0.0537906140089035
0.04368231073021889
0.0537906140089035
0.041877254843711846
0.0545126348733902
0.041877254843711846
0.03826714679598808
0.05559566617012024
0.04404332116246224
0.05559566617012024
0.0422382690012455
0.042599279433488846
0.04945848509669304
0.041516244411468506
0.04729241877794266
0.037906136363744736
0.03285198658704758
0.041877254843711846
0.037906136363744736
0.04476534202694893
0.03140794113278389
0.05162454769015312
0.08483754843473433
0.0898916944861412
0.09891697019338608
0.10577617585659028
0.12021660804748537
0.13790613412857056
0.11516245454549788
0.1212996393442154
0.11046931147575378
0.040794223546981805
0.028158845379948616
0.015162454918026924
0.01696750894188881
0.005776173435151577
0.0032490973826497798
0.01877256296575069
0.0010830324608832596
0.020577616989612576
0.002527075819671154
0.0
0.0483754500746727
0.15992780029773712
0.407581239938736
0.7754512429237365
0.9700360894203186
0.6252707839012146
0.31227436661720276
0.25848376750946045
0.13537906110286713
0.07725631445646286
0.07509025186300276
0.04584837704896927
0.050180505961179726
0.041516244411468506
0.02418772503733635
0.03465703874826431
0.036101084202528
