1.0
0.6033604741096497
0.33553972840309143
0.28818738460540766
0.1410387009382248
0.06466395407915115
0.05244399234652519
0.0341140516102314
0.05295315757393837
0.033095721155405045
0.02342158928513527
0.03920570388436317
0.0295315682888031
0.05397148802876472
0.028004072606563568
0.030549898743629452
0.04429735243320465
0.028513237833976746
0.058553971350193024
0.04633401334285736
0.04887983575463295
0.051934827119112015
0.047861505299806595
0.08604887872934341
0.06415478885173798
0.07230142503976822
0.08197555691003798
0.08808553963899612
0.12830957770347595
0.13340121507644653
0.16904276609420776
0.19755600392818448
0.21843177080154416
0.27902239561080927
0.28767821192741394
0.3151731193065644
0.33044806122779846
0.32637473940849304
0.3416496813297272
0.2912423610687256
0.2678207755088806
0.22963340580463407
0.1822810620069504
0.17006109654903412
0.1410387009382248
0.12169042974710464
0.10947047173976898
0.09521385282278062
0.11048879474401474
0.08452138304710387
0.09674134105443953
0.09623217582702637
0.08706720918416977
0.10692464560270308
0.09266802668571472
0.09928716719150545
0.08757637441158295
0.08910387009382248
0.12016293406486513
0.09877800196409224
0.10285132378339767
0.10132382810115814
0.0911405310034752
0.1252545863389969
0.09877800196409224
0.10539714992046356
0.09979633241891861
0.08961303532123564
0.10641548037528992
0.08961303532123564
0.09215886145830153
0.07841140776872633
0.06720977276563644
0.10030549764633177
0.08299388736486435
0.08452138304710387
0.06771893799304962
0.06517311930656433
0.09368635714054109
0.07637474685907364
0.08095722645521165
0.06771893799304962
0.07230142503976822
0.11048879474401474
0.10081466287374496
0.11048879474401474
0.1135437861084938
0.12169042974710464
0.1522403210401535
0.1339103877544403
0.16191445291042328
0.131364569067955
0.1247454211115837
0.1502036601305008
0.1181262731552124
0.09979633241891861
0.08553971350193022
0.05957230180501938
0.08197555691003798
0.05244399234652519
0.04684317857027054
0.03665987774729729
0.045315682888031006
0.14918532967567444
0.30295315384864807
0.587067186832428
0.9404277205467224
0.7433808445930482
0.45468431711196894
0.2774949073791504
0.14460285007953644
0.0682281032204628
0.025967413559556007
0.03920570388436317
0.0071283094584941855
0.01476578414440155
0.008655804209411144
0.002545824740082025
0.029022403061389923
0.0
0.01476578414440155
0.013747454620897768
0.0
0.033095721155405045
0.012219958938658236
0.02494908310472965
0.025458248332142826
0.0
0.0
0.0
0.0
0.0
