1.0
0.6244834661483765
0.07696280628442764
0.043130166828632355
0.0666322335600853
0.0870351269841194
0.08651859313249587
0.08806817978620529
0.08780992031097411
0.08109503984451294
0.08522727340459822
0.08057851344347
0.07825413346290588
0.07851240038871765
0.07257231324911116
0.07670454680919646
0.07283058017492294
0.07179751992225647
0.07902892678976059
0.07179751992225647
0.08419421315193176
0.08806817978620529
0.09400826692581175
0.10692148655653
0.10743801295757292
0.1255165338516235
0.13688015937805176
0.14901860058307648
0.16425620019435883
0.16606405377388
0.17820248007774353
0.18130165338516235
0.18517561256885529
0.19447314739227292
0.19163222610950467
0.1955062001943588
0.19111570715904236
0.19137397408485407
0.1942148804664612
0.18595041334629056
0.1942148804664612
0.19111570715904236
0.1900826394557953
0.1890495866537094
0.18052685260772705
0.18672519922256467
0.18026860058307648
0.17639462649822235
0.18026860058307648
0.17071281373500824
0.17665289342403412
0.17303718626499176
0.17097108066082
0.17665289342403412
0.16554751992225647
0.17303718626499176
0.17174586653709412
0.17071281373500824
0.17536157369613647
0.17458677291870117
0.2079028934240341
0.22262397408485407
0.23553718626499176
0.2443181872367859
0.2218491733074188
0.22417356073856357
0.2133264392614365
0.20222108066082
0.18026860058307648
0.17200413346290588
0.1619318127632141
0.1820764392614365
0.1619318127632141
0.1588326394557953
0.15599173307418823
0.16219007968902588
0.1588326394557953
0.15805785357952115
0.16219007968902588
0.15521694719791412
0.1257748007774353
0.08367768675088881
0.0
0.009814050048589706
0.3370351195335388
0.8850722908973693
0.7781507968902589
0.12190082669258116
0.04416322335600853
0.059917356818914407
0.08057851344347
0.08212810009717941
0.08212810009717941
0.08548554033041
0.07902892678976059
0.08186983317136765
0.07670454680919646
0.06740702688694
0.07360537350177764
0.06482437998056412
0.06637396663427353
0.06404958665370941
0.0
0.0
0.0
0.0
0.0
0.0
0.0
0.0
0.0
0.0
0.0
0.0
0.0
0.0
0.0
0.0
0.0
0.0
0.0
0.0
0.0
0.0
0.0
0.0
0.0
0.0
0.0
0.0
0.0
0.0
