1.0
0.8754134774208068
0.449099600315094
0.0
0.10915105044841766
0.1789783239364624
0.23447261750698087
0.3763322234153748
0.4443219304084778
0.4909959435462952
0.4957736134529114
0.5005512833595276
0.49283352494239807
0.4909959435462952
0.49430355429649353
0.4972436726093292
0.48585078120231623
0.49393606185913086
0.49136346578598017
0.5027563571929932
0.5056964159011841
0.5101065635681152
0.5192943811416626
0.5380374789237976
0.5483278036117554
0.5549430251121521
0.5714810490608215
0.5733186602592468
0.581036388874054
0.5700110197067261
0.5644983649253845
0.5486953258514404
0.5369349718093872
0.5343623757362366
0.5339948534965515
0.5310547351837158
0.5299522280693054
0.5277471542358398
0.5240720510482788
0.5281146764755249
0.5266445875167847
0.5281146764755249
0.5251745581626892
0.5185593366622925
0.5226019620895386
0.5214994549751282
0.516721785068512
0.5277471542358398
0.5483278036117554
0.5729511380195618
0.5593531727790833
0.5549430251121521
0.5630282759666443
0.5435501933097839
0.516721785068512
0.501653790473938
0.520396888256073
0.5273796319961548
0.5145167112350464
0.5229694843292236
0.520396888256073
0.5339948534965515
0.5292171835899353
0.5270121097564697
0.5281146764755249
0.5310547351837158
0.532157301902771
0.5490628480911255
0.6721793413162231
0.8118338584899902
0.8144064545631408
0.8864387869834901
0.9757441878318786
0.5968393683433533
0.094818077981472
0.06798970699310303
0.2120543867349625
0.2087467908859253
0.3564865887165069
0.40389561653137207
0.48070561885833746
0.4873208403587341
0.49687615036964417
0.4906284511089325
0.4994487464427948
0.0
0.0
0.0
0.0
0.0
0.0
0.0
0.0
0.0
0.0
0.0
0.0
0.0
0.0
0.0
0.0
0.0
0.0
0.0
0.0
0.0
0.0
0.0
0.0
0.0
0.0
0.0
0.0
0.0
0.0
0.0
0.0
0.0
0.0
0.0
0.0
0.0
0.0
0.0
0.0
0.0
0.0
0.0
0.0
0.0
0.0
0.0
