0.9082524180412291
0.6160194277763367
0.496601939201355
0.12233009934425354
0.0
0.1116504818201065
0.12330096960067748
0.1587378680706024
0.1820388287305832
0.1626213639974594
0.1898058205842972
0.15582524240016937
0.18883495032787323
0.19611650705337524
0.1800970882177353
0.20970873534679407
0.1781553328037262
0.2116504907608032
0.2203883528709412
0.19563107192516327
0.23058252036571503
0.20339806377887723
0.23932038247585297
0.2572815418243408
0.234951451420784
0.265533983707428
0.249514564871788
0.2728155255317688
0.2902912497520447
0.27378639578819275
0.3072815537452698
0.265533983707428
0.29563108086586
0.29660195112228394
0.2786407768726349
0.2849514484405517
0.24077670276165009
0.252427190542221
0.24417476356029513
0.2116504907608032
0.22087378799915316
0.17378640174865723
0.2024271786212921
0.20339806377887723
0.1854368895292282
0.2063106745481491
0.16893203556537628
0.19417475163936612
0.20339806377887723
0.1815533936023712
0.19854368269443512
0.1650485396385193
0.19223301112651825
0.20873786509037015
0.19368931651115415
0.2121359258890152
0.18592232465744016
0.19951456785202024
0.20970873534679407
0.18300971388816836
0.20728155970573425
0.1854368895292282
0.20533980429172516
0.18495145440101624
0.1684466004371643
0.19320388138294217
0.16019417345523834
0.1834951490163803
0.1815533936023712
0.1611650437116623
0.18495145440101624
0.14805825054645538
0.18252427875995636
0.1703883558511734
0.1611650437116623
0.1834951490163803
0.15291261672973633
0.1781553328037262
0.1684466004371643
0.1553398072719574
0.18446601927280423
0.16067960858345032
0.19563107192516327
0.21019417047500608
0.21310679614543915
0.231067955493927
0.20922330021858213
0.287864089012146
0.2839805781841278
0.25485438108444214
0.261165052652359
0.18446601927280423
0.2082524299621582
0.17718446254730225
0.14466018974781036
0.14271844923496246
0.11213592439889908
0.13543689250946045
0.1325242668390274
0.1262135952711105
0.13932038843631744
0.06310679763555527
0.06990291178226471
0.2174757272005081
0.44320389628410334
0.7446601986885072
1.0
0.8043689131736755
0.575728178024292
0.22427184879779813
0.06310679763555527
0.08640776574611664
0.15728154778480527
0.1723300963640213
0.19174757599830627
0.21601942181587216
0.18300971388816836
0.21893203258514404
0.20776699483394623
0.2048543691635132
0.22718445956707
0.2063106745481491
0.235436886548996
0.22378641366958615
0.2203883528709412
0.24805825948715207
0.22718445956707
0.261165052652359
0.25485438108444214
0.2514563202857971
0.28106796741485596
0.2621359229087829
