0.9076784253120422
0.9558658003807069
0.7518576979637147
0.5480747818946838
0.42377841472625727
0.3526232838630676
0.277415007352829
0.22720107436180115
0.18261653184890747
0.1819410026073456
0.1763116419315338
0.17293402552604675
0.1616753041744232
0.16190047562122345
0.16190047562122345
0.16099977493286133
0.16122494637966156
0.14951588213443756
0.14636343717575073
0.13848231732845306
0.14726412296295166
0.14748930931091309
0.13105157017707825
0.1276739537715912
0.12317045778036116
0.11664039641618729
0.11326278001070023
0.10988516360521317
0.11101103574037552
0.1123620793223381
0.11123620718717576
0.12609772384166715
0.13690610229969025
0.1490655243396759
0.16685430705547333
0.1866696625947952
0.19297455251216888
0.19860391318798065
0.2051339745521545
0.20580950379371643
0.1992794424295425
0.2010808438062668
0.20018014311790464
0.20963746309280396
0.19567665457725525
0.19297455251216888
0.1925242096185684
0.18554379045963287
0.18329204618930817
0.1835172325372696
0.18689484894275665
0.18847106397151947
0.18734519183635712
0.18531861901283264
0.18734519183635712
0.1893717646598816
0.19297455251216888
0.18734519183635712
0.19072280824184415
0.199729785323143
0.2053591459989548
0.2049088031053543
0.2051339745521545
0.20378293097019196
0.20738571882247925
0.2100878208875656
0.20220671594142917
0.20018014311790464
0.20738571882247925
0.2049088031053543
0.21549201011657715
0.21143886446952817
0.21233956515789032
0.21166403591632843
0.2091871201992035
0.2247241586446762
0.2305787056684494
0.2269759029150009
0.22675073146820068
0.262778639793396
0.26750731468200684
0.2458905577659607
0.2535465061664581
0.2555730640888214
0.23913532495498657
0.2091871201992035
0.2053591459989548
0.21166403591632843
0.2150416523218155
0.22089619934558868
0.21459130942821503
0.20288223028182983
0.19860391318798065
0.13915784657001495
0.0
0.0020265704952180386
0.06214816495776176
0.21391578018665316
0.3695113658905029
0.58883136510849
0.7223598361015319
0.9533888697624207
1.0
0.7302409410476685
0.45890563726425165
0.3287547826766968
0.2717856466770172
0.23598287999629972
0.20783607661724088
0.21188920736312863
0.2188696265220642
0.21256473660469052
0.20625984668731687
0.19004729390144348
0.18644449114799497
0.18914659321308133
0.1835172325372696
0.1841927468776703
0.18104030191898343
0.17563611268997192
0.17788785696029663
0.0
0.0
0.0
0.0
0.0
0.0
0.0
0.0
0.0
0.0
0.0
