1.0
0.6414485573768616
0.2807457745075226
0.036213696002960205
0.0
0.045177482068538666
0.17891716957092285
0.20186446607112885
0.2205091416835785
0.24668340384960172
0.2276801764965057
0.2517031133174896
0.2635353207588196
0.256005734205246
0.276801735162735
0.252061665058136
0.27716028690338135
0.25923269987106323
0.26174256205558777
0.2764431834220886
0.2710649073123932
0.30692005157470703
0.2864826023578644
0.3062029480934143
0.3176765739917755
0.3166009187698364
0.3549659252166748
0.35389026999473566
0.3825744092464447
0.4155611395835877
0.41376838088035583
0.4474722146987915
0.4474722146987915
0.46504122018814087
0.4965937733650208
0.4657583236694336
0.4962352216243744
0.4582287669181824
0.45141628384590154
0.4557189047336578
0.4205808639526367
0.42811042070388794
0.3743277192115784
0.3503047823905945
0.35747578740119934
0.3101470172405243
0.32664036750793457
0.28182142972946167
0.27716028690338135
0.2832556366920471
0.29150232672691345
0.28684115409851074
0.2678379416465759
0.28002867102622986
0.29616349935531616
0.28576549887657166
0.31158122420310974
0.297956258058548
0.31444963812828064
0.33166009187698364
0.3090713620185852
0.3413409888744354
0.33596271276474
0.34887057542800903
0.36787378787994385
0.3657224774360657
0.3929723799228668
0.36500537395477295
0.3875941336154938
0.4033703804016113
0.34779492020606995
0.3589099943637848
0.3244890570640564
0.3223377466201782
0.32699891924858093
0.28397274017333984
0.30727860331535334
0.27751883864402765
0.2854069471359253
0.3044101893901825
0.26532807946205134
0.28684115409851074
0.3524560630321502
0.5403370261192322
0.7300107479095459
0.9985657930374144
0.7708856463432312
0.44388669729232794
0.1631409078836441
0.02796701341867447
0.03764790296554565
0.15417712926864624
0.22266045212745664
0.2635353207588196
0.2968806028366089
0.27142345905303955
0.30799570679664606
0.28182142972946167
0.29580494761466974
0.30799570679664606
0.2871997058391571
0.3119397759437561
0.2950878441333771
0.30727860331535334
0.32377195358276367
0.31158122420310974
0.33524560928344727
0.30692005157470703
0.33632126450538635
0.35389026999473566
0.3520975112915039
0.38687703013420094
0.37970599532127375
0.42954462766647333
0.461814284324646
0.46432411670684814
0.4915740489959717
0.48619577288627613
0.5152384638786316
0.5216923356056212
0.5044819116592407
0.5105772614479065
0.4528504908084869
0.44424524903297424
0.4126927256584168
0.3764790296554565
0.38221585750579834
0.3169594705104828
0.315166711807251
0.3051272928714752
0.26855504512786865
0.28899246454238886
