1.0
0.5468950867652893
0.06209849938750267
0.07451820373535155
0.09935760498046876
0.11306209862232208
0.11134903877973557
0.10149893164634705
0.10321199148893356
0.13576017320156095
0.0758029967546463
0.09892933815717696
0.07280513644218445
0.059528909623622894
0.1207708790898323
0.09379015117883682
0.1323340535163879
0.10706637799739836
0.10192719846963882
0.09593147784471513
0.1044967845082283
0.12334047257900238
0.15331906080245972
0.16445396840572357
0.1494646668434143
0.1062098518013954
0.18501070141792297
0.17901499569416046
0.1884368360042572
0.2282655239105225
0.1970021426677704
0.2445396184921265
0.2102783769369125
0.2231263369321823
0.2214132696390152
0.2047109156847
0.2214132696390152
0.24068522453308103
0.16359743475914
0.1498929262161255
0.14518201351165771
0.10963597148656844
0.12334047257900238
0.1229122057557106
0.10706637799739836
0.1331905722618103
0.19314774870872495
0.06338329613208771
0.1126338317990303
0.12976445257663727
0.13404710590839383
0.13618843257427216
0.14475375413894653
0.13875803351402283
0.17858672142028809
0.139186292886734
0.13447538018226624
0.12591005861759183
0.15460385382175443
0.13576017320156095
0.12762312591075897
0.16659529507160187
0.19571734964847565
0.2089935690164566
0.23854389786720276
0.26167023181915283
0.24796573817729947
0.21541756391525269
0.2029978632926941
0.21541756391525269
0.2111349105834961
0.18972162902355197
0.07280513644218445
0.06381156295537949
0.08907923102378845
0.06980728358030319
0.10835117846727373
0.06167023628950119
0.10064239799976347
0.10835117846727373
0.07751605659723283
0.04368308186531066
0.054389722645282745
0.19571734964847565
0.474518209695816
0.8077087998390197
0.9096359610557555
0.4077087938785553
0.041113492101430886
0.07152034342288971
0.12805138528347015
0.08907923102378845
0.05267665907740593
0.07280513644218445
0.0920770913362503
0.10492505133152008
0.08137045055627824
0.06638115644454956
0.045396145433187485
0.08308351039886473
0.0
0.06423982977867126
0.07152034342288971
0.0
0.0
0.0
0.0
0.0
0.0
0.0
0.0
0.0
0.0
0.0
0.0
0.0
0.0
0.0
0.0
0.0
0.0
0.0
0.0
0.0
0.0
0.0
0.0
0.0
0.0
0.0
0.0
0.0
