1.0
0.8774834275245665
0.4730368852615357
0.1982024610042572
0.20955534279346463
0.20056764781475067
0.20198675990104675
0.2123935669660568
0.17833490669727323
0.1854304671287537
0.1740775853395462
0.16130557656288147
0.17786186933517456
0.1338694393634796
0.14947965741157532
0.1357615888118744
0.12724693119525907
0.1428571492433548
0.11447492986917496
0.1177861839532852
0.10548722743988036
0.10217597335577012
0.09508041292428969
0.06953642517328262
0.0789971649646759
0.07852412760257721
0.09318827092647552
0.134815514087677
0.13670766353607175
0.1811731308698654
0.20813623070716855
0.22469252347946167
0.2483443766832352
0.21996214985847476
0.2284768223762512
0.22280037403106687
0.21381267905235288
0.22989593446254727
0.19962157309055328
0.20955534279346463
0.20860926806926727
0.1929990500211716
0.21759697794914243
0.1887417286634445
0.1972563862800598
0.19252601265907288
0.1887417286634445
0.2057710438966751
0.17123936116695404
0.17691579461097717
0.1665089875459671
0.16461683809757233
0.1797540187835693
0.14853358268737793
0.1579943299293518
0.15515610575675964
0.14664143323898315
0.15515610575675964
0.13103121519088745
0.14806054532527924
0.13718070089817047
0.13623462617397308
0.1717123985290527
0.1821192055940628
0.2052980065345764
0.21002838015556333
0.21286660432815552
0.2686849534511566
0.2147587537765503
0.2052980065345764
0.18779565393924716
0.1504257321357727
0.1419110745191574
0.1116367056965828
0.1097445636987686
0.09649952501058577
0.0955534502863884
0.10596026480197906
0.07237464189529419
0.08561968058347702
0.10832545161247252
0.28949856758117676
0.421475887298584
0.5085146427154541
0.7984862923622131
0.7298959493637086
0.251655638217926
0.0397351011633873
0.03405865654349327
0.07615894079208374
0.06575212627649307
0.04446546733379364
0.05629139021039009
0.02223273366689682
0.02885525114834309
0.01655629090964794
0.014191106893122196
0.029801324009895325
0.0
0.0
0.0
0.0
0.0
0.0
0.0
0.0
0.0
0.0
0.0
0.0
0.0
0.0
0.0
0.0
0.0
0.0
0.0
0.0
0.0
0.0
0.0
0.0
0.0
0.0
0.0
0.0
0.0
0.0
0.0
0.0
0.0
0.0
