1.0
0.7555198669433594
0.49096748232841486
0.26977118849754333
0.0
0.01324769202619791
0.05620232969522476
0.1405058205127716
0.2982737720012665
0.4684865474700928
0.5242874622344971
0.5411481261253357
0.5531914830207825
0.5660377144813538
0.5608189702033997
0.5728623270988464
0.5748695135116577
0.5736652016639708
0.5748695135116577
0.5736652016639708
0.5828984379768372
0.5845041871070862
0.5897229909896851
0.5804897546768188
0.5889201164245604
0.5961461067199707
0.5901244282722473
0.5953432321548462
0.5957446694374084
0.58610999584198
0.5913287997245789
0.59694904088974
0.6017663478851318
0.5921316742897034
0.5897229909896851
0.5949417948722839
0.5832998752593994
0.5913287997245789
0.5897229909896851
0.588117241859436
0.5877158045768738
0.5824970006942749
0.5917302370071411
0.59333598613739
0.5877158045768738
0.5885186791419983
0.5909273624420166
0.5849056839942932
0.5889201164245604
0.5889201164245604
0.5853071212768555
0.58610999584198
0.5913287997245789
0.5901244282722473
0.5832998752593994
0.5889201164245604
0.5792854428291321
0.5885186791419983
0.5808911919593811
0.5832998752593994
0.5740666389465332
0.5841027498245239
0.5909273624420166
0.5929345488548279
0.5812926292419434
0.5869128704071045
0.5804897546768188
0.5748695135116577
0.57527095079422
0.5736652016639708
0.577278196811676
0.5828984379768372
0.5696507692337036
0.5608189702033997
0.5700522065162659
0.5724608302116394
0.5716579556465149
0.5688478350639343
0.5612204074859619
0.5656362771987915
0.5652348399162292
0.5576074123382568
0.552388608455658
0.5531914830207825
0.566840648651123
0.5616218447685242
0.5519871711730957
0.5616218447685242
0.5572059154510498
0.553994357585907
0.5499799251556396
0.5419510006904602
0.5491770505905151
0.5383380055427551
0.5527900457382202
0.5507827997207642
0.541549563407898
0.552388608455658
0.5367322564125061
0.5475712418556212
0.5531914830207825
0.5359293222427368
0.5331192016601562
0.5455640554428101
0.5556001663208008
0.545162558555603
0.5431553721427916
0.5423524975776672
0.5576074123382568
0.5556001663208008
0.5576074123382568
0.5708550810813904
0.5997591614723206
0.59333598613739
0.6097952723503113
0.588117241859436
0.59333598613739
0.6029707193374634
0.5744680762290955
0.5640305280685425
0.5760738849639893
0.5704536437988281
0.5580088496208191
0.5355278849601746
0.5291047692298889
0.5246888995170593
0.5331192016601562
0.5283018946647644
0.5266960859298706
0.5274990200996399
0.5407466888427734
0.5291047692298889
