0.9816901683807373
0.8457746505737304
0.43802815675735474
0.04119718447327614
0.16690140962600708
0.21830986440181727
0.2623239457607269
0.38873240351676946
0.44929578900337214
0.4827464818954468
0.4982394278049469
0.4950704276561737
0.502816915512085
0.4954225420951843
0.4964788854122162
0.4996478855609894
0.5021126866340637
0.502464771270752
0.5095070600509644
0.5144366025924683
0.5158450603485107
0.5278168916702272
0.5345070362091064
0.547535240650177
0.5619718432426453
0.5704225301742554
0.5735915303230286
0.5848591327667236
0.580633819103241
0.5746479034423828
0.5669013857841492
0.5521126985549927
0.5373239517211914
0.533098578453064
0.5274648070335388
0.5271126627922058
0.5327464938163757
0.5316901206970215
0.5313380360603333
0.530281662940979
0.5253521203994751
0.5228873491287231
0.5211267471313477
0.5176056623458862
0.5211267471313477
0.5288732647895813
0.5345070362091064
0.5401408672332764
0.5626760721206665
0.580633819103241
0.5781689882278441
0.5799295902252197
0.5584506988525392
0.5341549515724182
0.5031690001487732
0.4950704276561737
0.516901433467865
0.5207746624946593
0.5228873491287231
0.51408451795578
0.516549289226532
0.5239436626434326
0.5218309760093689
0.5207746624946593
0.5257042050361633
0.5257042050361633
0.5232394337654114
0.5785211324691772
0.7626760601997374
0.8461267352104187
0.7929577231407164
1.0
0.7919014096260071
0.36830985546112066
0.0
0.11690140515565872
0.20035211741924283
0.2633802890777588
0.398591548204422
0.469366192817688
0.4996478855609894
0.5077464580535889
0.51408451795578
0.5088028311729431
0.5098591446876526
0.0
0.0
0.0
0.0
0.0
0.0
0.0
0.0
0.0
0.0
0.0
0.0
0.0
0.0
0.0
0.0
0.0
0.0
0.0
0.0
0.0
0.0
0.0
0.0
0.0
0.0
0.0
0.0
0.0
0.0
0.0
0.0
0.0
0.0
0.0
0.0
0.0
0.0
0.0
0.0
0.0
0.0
0.0
0.0
0.0
0.0
0.0
