0.9340757131576538
0.5692650079727173
0.09799554198980333
0.0
0.12427616864442824
0.06681514531373978
0.08240534365177153
0.05211581289768218
0.04944320768117905
0.08418708294630049
0.04454343020915985
0.057015590369701385
0.047216035425662994
0.047216035425662994
0.05434298515319824
0.022271715104579926
0.03162583336234093
0.03207127004861832
0.0329621396958828
0.0512249432504177
0.03118040040135384
0.05657015740871429
0.053897548466920846
0.08151447772979736
0.1260579079389572
0.1024498865008354
0.15634743869304657
0.15857461094856262
0.18663696944713593
0.2164810746908188
0.17951002717018127
0.196881964802742
0.1768374145030975
0.17861914634704587
0.20000000298023224
0.15501113235950467
0.17951002717018127
0.17015589773654935
0.18396437168121335
0.21202673017978668
0.17238306999206543
0.19510021805763245
0.17772828042507172
0.19242762029170987
0.22271715104579923
0.2026726007461548
0.25122493505477905
0.25256124138832087
0.26414254307746887
0.2908686101436615
0.26013362407684326
0.31714922189712524
0.28864142298698425
0.23697105050086972
0.23207126557826996
0.17282851040363312
0.16792872548103333
0.1461024433374405
0.1594654768705368
0.18396437168121335
0.14432071149349213
0.1581291705369949
0.15634743869304657
0.08195991069078445
0.10645879805088045
0.30378618836402893
0.5790646076202393
1.0
0.6476614475250244
0.16971047222614288
0.02672605775296688
0.1599109172821045
0.12783963978290555
0.12516704201698303
0.1314031183719635
0.08507794886827469
0.1033407598733902
0.09755010902881622
0.098440982401371
0.12828508019447327
0.0
0.0
0.0
0.0
0.0
0.0
0.0
0.0
0.0
0.0
0.0
0.0
0.0
0.0
0.0
0.0
0.0
0.0
0.0
0.0
0.0
0.0
0.0
0.0
0.0
0.0
0.0
0.0
0.0
0.0
0.0
0.0
0.0
0.0
0.0
0.0
0.0
0.0
0.0
0.0
0.0
0.0
0.0
0.0
0.0
0.0
0.0
0.0
0.0
0.0
0.0
0.0
