1.0
0.6941560506820679
0.2067635655403137
0.15129041671752927
0.09047760069370268
0.0732720270752907
0.05606644973158836
0.04598041996359825
0.03886087238788605
0.03470780327916145
0.04153070226311684
0.029071491211652756
0.04153070226311684
0.04182735085487366
0.03737763315439224
0.0424206480383873
0.047463659197092056
0.04153070226311684
0.05665974318981171
0.05487985908985138
0.043903887271881104
0.0608128160238266
0.06971225142478943
0.07861168682575226
0.09700385481119156
0.10234351456165312
0.1148027256131172
0.13319489359855652
0.14120438694953918
0.1655295193195343
0.17739543318748474
0.19756749272346497
0.2165529578924179
0.23049540817737577
0.22634233534336087
0.22574903070926663
0.19845743477344513
0.17472560703754425
0.14684070646762848
0.11391278356313704
0.09107089787721634
0.08039157837629318
0.06377929449081421
0.04776030778884888
0.044793829321861274
0.043310590088367455
0.03975081443786621
0.03886087238788605
0.05161673203110695
0.041234053671360016
0.04153070226311684
0.04212399944663048
0.04301394149661064
0.044793829321861274
0.044200532138347626
0.046573717147111886
0.04627706855535507
0.04509047791361809
0.052803322672843926
0.044497180730104446
0.044497180730104446
0.04568377509713173
0.04835360497236252
0.052210025489330285
0.05339661985635757
0.0453871265053749
0.05250667408108711
0.0510234348475933
0.055769801139831536
0.052803322672843926
0.05161673203110695
0.046573717147111886
0.057253040373325355
0.055769801139831536
0.0480569563806057
0.04360723868012428
0.044200532138347626
0.05339661985635757
0.059626225382089615
0.07089884579181671
0.0863245353102684
0.06882230937480927
0.0863245353102684
0.099080391228199
0.0848412960767746
0.08751112222671507
0.07861168682575226
0.07149213552474976
0.07594186067581175
0.06437259167432785
0.04004746302962303
0.032037969678640366
0.037674281746149056
0.03381785750389099
0.026994956657290455
0.02729160524904728
0.029071491211652756
0.032037969678640366
0.0
0.1385345607995987
0.37585285305976873
0.7000889778137207
0.9047760367393491
0.960842490196228
0.5505784749984741
0.17858202755451202
0.1400177925825119
0.09107089787721634
0.061406109482049935
0.044497180730104446
0.04004746302962303
0.04687036573886871
0.04835360497236252
0.05695639178156853
0.03975081443786621
0.05132008343935013
0.04865025356411934
0.04212399944663048
0.04568377509713173
0.04598041996359825
0.05191338062286377
0.0
0.0
0.0
0.0
0.0
0.0
0.0
0.0
0.0
0.0
0.0
