0.9375330805778505
0.8311275839805603
0.4166225492954254
0.10375860333442688
0.0
0.11805187910795212
0.1604023277759552
0.1593435704708099
0.17151932418346405
0.17787188291549683
0.1895182579755783
0.16781365871429443
0.16463737189769745
0.18475383520126343
0.19534145295619965
0.20698782801628113
0.2043409198522568
0.20063525438308716
0.21016411483287809
0.2165166735649109
0.2138697654008865
0.2154579162597656
0.22657491266727448
0.2271042913198471
0.23769189417362213
0.24722075462341309
0.2519851624965668
0.2572789788246155
0.27368977665901184
0.2922181189060211
0.2916887104511261
0.3017469644546509
0.3102170526981354
0.3393329679965973
0.35150873661041254
0.36791953444480896
0.36791953444480896
0.3642138838768005
0.3737427294254303
0.3795658946037293
0.38274219632148737
0.3610375821590424
0.3520381152629852
0.33668607473373413
0.317099004983902
0.300158828496933
0.2646903097629547
0.24404446780681607
0.24298571050167084
0.24033880233764648
0.2323980927467346
0.22445738315582275
0.21916358172893524
0.22022233903408048
0.21810482442379
0.21969296038150787
0.2138697654008865
0.2165166735649109
0.21704605221748352
0.22445738315582275
0.21704605221748352
0.21492853760719297
0.20645844936370847
0.20910534262657163
0.21228162944316864
0.21281100809574127
0.19957649707794187
0.20010587573051447
0.20857596397399905
0.2032821625471115
0.20698782801628113
0.19110640883445737
0.19534145295619965
0.20010587573051447
0.20275278389453888
0.20381154119968412
0.18316569924354556
0.19322392344474792
0.20063525438308716
0.1990471184253693
0.19745896756649017
0.18316569924354556
0.19004765152931213
0.19534145295619965
0.20222340524196625
0.2016940116882324
0.1879301220178604
0.1895182579755783
0.1858125925064087
0.19534145295619965
0.19322392344474792
0.18475383520126343
0.1879301220178604
0.1858125925064087
0.1895182579755783
0.19004765152931213
0.17998941242694855
0.18369507789611816
0.18263632059097287
0.1926945447921753
0.1842244565486908
0.17946003377437592
0.18740074336528775
0.19216516613960263
0.19322392344474792
0.19692958891391757
0.1858125925064087
0.19587083160877228
0.19745896756649017
0.19640021026134488
0.1990471184253693
0.18687136471271515
0.18528321385383603
0.1926945447921753
0.23716251552104947
0.28268924355506897
0.2848067879676819
0.2726310193538666
0.3102170526981354
0.31286394596099854
0.259396493434906
0.23504500091075897
0.23292747139930725
0.23451562225818637
0.21122287213802335
0.1926945447921753
0.17575436830520627
0.17151932418346405
0.1805187910795212
0.18528321385383603
0.1741662323474884
0.1709899455308914
