1.0
0.6009174585342407
0.31039756536483765
0.23088684678077695
0.14755351841449735
0.09709480404853821
0.03516819700598717
0.02905198745429516
0.006116208154708147
0.023700306192040443
0.0458715595304966
0.046636085957288735
0.04816513881087303
0.0527522936463356
0.044342506676912315
0.06269112974405289
0.10168195515871048
0.07415901869535446
0.08180428296327592
0.09862385690212248
0.14908257126808167
0.10856269299983978
0.14678898453712463
0.16896024346351624
0.17660550773143768
0.2003058046102524
0.194954127073288
0.19724771380424497
0.2545871436595917
0.28822630643844604
0.3004587292671204
0.23776757717132568
0.25
0.25840979814529413
0.1804281324148178
0.15443424880504608
0.1192660555243492
0.09250764548778533
0.05886850133538246
0.03593272343277931
0.09327217191457747
0.06651376187801361
0.06192660704255104
0.05657492205500603
0.07186544686555862
0.0680428147315979
0.09403669834136963
0.1055045872926712
0.11620794981718063
0.11162079870700836
0.09709480404853821
0.06422018259763718
0.10091742873191832
0.0917431190609932
0.10321100801229476
0.07874617725610733
0.08792048692703247
0.0764525979757309
0.06192660704255104
0.08180428296327592
0.05886850133538246
0.0886850133538246
0.08027523010969163
0.09480122476816176
0.08562690764665604
0.07951070368289948
0.07492354512214659
0.07798165082931519
0.07033639401197433
0.06192660704255104
0.06880734115839005
0.044342506676912315
0.059633027762174606
0.06651376187801361
0.055810399353504174
0.08180428296327592
0.05886850133538246
0.06727828830480576
0.10397553443908691
0.07186544686555862
0.07568807154893875
0.09250764548778533
0.1360856294631958
0.17660550773143768
0.1139143705368042
0.25611621141433716
0.24541284143924716
0.2737002968788147
0.31192660331726074
0.22859327495098117
0.18807339668273923
0.12996941804885864
0.09709480404853821
0.06039755418896675
0.053516820073127754
0.059633027762174606
0.037461772561073296
0.0038226300384849306
0.0
0.06957186758518219
0.042048931121826165
0.12996941804885864
0.28822630643844604
0.6811926364898682
0.9334862232208254
0.895259916782379
0.5351681709289551
0.31957185268402094
0.22018349170684812
0.1429663598537445
0.09403669834136963
0.01452599372714758
0.05504587292671204
0.05504587292671204
0.07721712440252304
0.05657492205500603
0.03669724613428116
0.07568807154893875
0.09403669834136963
0.08103975653648376
0.09250764548778533
0.09097859263420105
0.0886850133538246
0.13379204273223877
0.0
0.0
0.0
0.0
0.0
0.0
0.0
0.0
