1.0
0.771300435066223
0.5990284085273743
0.19282510876655576
0.09529148042201997
0.10313901305198668
0.18908819556236267
0.2597160041332245
0.29222720861434937
0.30455905199050903
0.2993273437023163
0.3258594870567322
0.3198804259300232
0.3139013350009918
0.3068011999130249
0.2967115044593811
0.3004484176635742
0.29521673917770386
0.29222720861434937
0.29521673917770386
0.28849029541015625
0.2873692214488983
0.2967115044593811
0.30455905199050903
0.298953652381897
0.29633781313896174
0.29783257842063904
0.3075485825538635
0.3109118044376373
0.3075485825538635
0.3000747263431549
0.29633781313896174
0.2955904304981232
0.3034379780292511
0.29783257842063904
0.3127802610397339
0.30530643463134766
0.3071748912334442
0.31838566064834595
0.32324364781379694
0.31352764368057245
0.32548579573631287
0.3284753262996673
0.3337070345878601
0.3288490176200866
0.3295964002609253
0.3374439477920532
0.34454408288002014
0.3396860957145691
0.34790733456611633
0.3437967002391815
0.3437967002391815
0.3393124043941498
0.3363228738307953
0.3307174742221832
0.32473841309547424
0.32511210441589355
0.3150224089622497
0.3131539523601532
0.3071748912334442
0.31427502632141113
0.3352017998695373
0.3557548522949219
0.3707025349140167
0.36061286926269526
0.3766816258430481
0.4005979001522064
0.41031390428543085
0.39835575222969055
0.36733931303024286
0.3262331783771515
0.32473841309547424
0.31427502632141113
0.2735426127910614
0.2574738562107086
0.2567264437675476
0.25
0.2518684566020965
0.2421524673700333
0.23168909549713132
0.41554558277130127
0.6218236088752747
0.9607623219490051
0.8583707213401793
0.5209267735481262
0.13863976299762723
0.0
0.03923766687512398
0.11248131841421127
0.17899850010871887
0.20179371535778043
0.21562032401561737
0.22795216739177704
0.21935725212097168
0.21337817609310153
0.21300448477268216
0.21748879551887512
0.21449925005435944
0.22496263682842252
0.21412555873394007
0.0
0.0
0.0
0.0
0.0
0.0
0.0
0.0
0.0
0.0
0.0
0.0
0.0
0.0
0.0
0.0
0.0
0.0
0.0
0.0
0.0
0.0
0.0
0.0
0.0
0.0
0.0
0.0
0.0
0.0
0.0
0.0
