1.0
0.5815324187278748
0.28585460782051086
0.042239684611558914
0.13752456009387967
0.2485265284776688
0.2838899791240692
0.29764243960380554
0.2878192663192749
0.3330059051513672
0.3123772144317627
0.32121807336807245
0.32711198925971985
0.31434184312820435
0.3398821353912353
0.3487229943275452
0.3565815389156341
0.3762278854846954
0.3683693408966064
0.4096267223358154
0.42534381151199346
0.450884073972702
0.4675835072994232
0.4783889949321746
0.5265225768089294
0.5559921264648438
0.5913556218147278
0.6306483149528505
0.6630648374557495
0.7269155383110046
0.7711198329925537
0.8084479570388795
0.8045186400413513
0.7662082314491272
0.769155204296112
0.6905697584152222
0.6591355800628662
0.6080549955368042
0.5245579481124878
0.5343811511993408
0.48624753952026367
0.4783889949321746
0.4783889949321746
0.4243614971637726
0.45284873247146606
0.4341846704483032
0.4332023561000824
0.4243614971637726
0.40569743514060974
0.45677798986434937
0.4184675812721253
0.4332023561000824
0.4273084402084351
0.3998035490512848
0.44007858633995056
0.411591351032257
0.4312377274036408
0.4204322099685669
0.3978388905525208
0.42337918281555176
0.39489194750785833
0.39096266031265253
0.4174852669239044
0.3801571726799011
0.42632612586021423
0.40569743514060974
0.3939096331596375
0.40569743514060974
0.3585461676120758
0.3998035490512848
0.37131631374359125
0.3850687742233276
0.37131631374359125
0.34774067997932434
0.3870334029197693
0.3850687742233276
0.3831041157245636
0.42632612586021423
0.444990187883377
0.5176817178726196
0.49017682671546936
0.5540274977684021
0.6257367134094238
0.6237720847129822
0.6394891738891602
0.4970530569553375
0.47740668058395386
0.4174852669239044
0.32711198925971985
0.3447937071323395
0.2956778109073639
0.2956778109073639
0.29273083806037903
0.26424360275268555
0.2829076647758484
0.30255404114723206
0.26915520429611206
0.36935165524482727
0.9715127944946288
0.7956777811050414
0.6060903668403625
0.21905697882175443
0.0
0.091355599462986
0.22396856546401975
0.20333987474441528
0.24754419922828677
0.24066796898841855
0.20333987474441528
0.23575638234615323
0.24165029823780057
0.23772102594375608
0.22691552340984344
0.2161100208759308
0.2779960632324219
0.24263261258602145
0.2632612884044647
0.0
0.0
0.0
0.0
0.0
0.0
0.0
0.0
0.0
0.0
0.0
0.0
0.0
0.0
0.0
