1.0
0.9156069159507751
0.49075144529342646
0.39017340540885925
0.28208091855049133
0.2763005793094635
0.27572253346443176
0.255491316318512
0.26242774724960327
0.27398842573165894
0.269942194223404
0.27052024006843567
0.2722543478012085
0.28381502628326416
0.2791907489299774
0.27803468704223633
0.2803468108177185
0.28381502628326416
0.2953757345676422
0.27976879477500916
0.2913294732570648
0.2919075191020965
0.2745664715766907
0.28381502628326416
0.271098256111145
0.27167630195617676
0.2664739787578583
0.2468208074569702
0.24971097707748413
0.242774561047554
0.22832369804382324
0.22138728201389313
0.2086705267429352
0.22890172898769376
0.22080925107002256
0.23757225275039673
0.24971097707748413
0.2578034698963165
0.28092485666275024
0.27167630195617676
0.2884393036365509
0.28381502628326416
0.30289018154144287
0.2965317964553833
0.2907514572143554
0.2953757345676422
0.2994219660758972
0.2907514572143554
0.2959537506103516
0.28901734948158264
0.27976879477500916
0.2861271798610687
0.2919075191020965
0.30520230531692505
0.2907514572143554
0.2965317964553833
0.28265896439552307
0.28265896439552307
0.285549134016037
0.2745664715766907
0.2745664715766907
0.2791907489299774
0.26936414837837214
0.28381502628326416
0.2861271798610687
0.31213873624801636
0.35028901696205134
0.3664740025997162
0.4323699474334717
0.43468207120895386
0.4011560678482056
0.3653179109096527
0.3300577998161316
0.2913294732570648
0.263005793094635
0.2491329461336136
0.2514450848102569
0.22543352842330927
0.2346820831298828
0.22890172898769376
0.14104045927524567
0.0
0.004624277353286743
0.44450867176055914
0.8375722765922545
0.9127167463302611
0.7086704969406128
0.38092485070228577
0.31734102964401245
0.2225433588027954
0.24161849915981287
0.24508669972419736
0.22716763615608213
0.23930636048316956
0.23410405218601224
0.24393063783645627
0.2635838091373444
0.2549133002758026
0.271098256111145
0.2508670389652252
0.2682080864906311
0.2791907489299774
0.0
0.0
0.0
0.0
0.0
0.0
0.0
0.0
0.0
0.0
0.0
0.0
0.0
0.0
0.0
0.0
0.0
0.0
0.0
0.0
0.0
0.0
0.0
0.0
0.0
0.0
0.0
0.0
0.0
0.0
