1.0
0.8903728723526002
0.7256538867950438
0.4880356192588806
0.3700612187385559
0.3060656785964966
0.2804674506187439
0.26766833662986755
0.2520868182182312
0.2587645947933197
0.27712854743003845
0.24318307638168332
0.2598775625228882
0.2509738504886627
0.24930439889431
0.24819143116474152
0.25153031945228577
0.2509738504886627
0.2420701235532761
0.2292710095643997
0.2326099127531052
0.22092376649379727
0.23928770422935483
0.2170283794403076
0.20367278158664703
0.1969949901103973
0.17417918145656583
0.1519198715686798
0.132999449968338
0.09571508318185806
0.08792431652545929
0.044518642127513885
0.027824152261018757
0.017250973731279373
0.03338898345828056
0.0717863067984581
0.07401224225759506
0.13244296610355377
0.17306622862815857
0.1947690546512604
0.205898717045784
0.22092376649379727
0.2376182526350021
0.2531997859477997
0.2626599967479706
0.2832498550415039
0.26210349798202515
0.2860322892665863
0.29326656460762024
0.28770172595977783
0.28770172595977783
0.28269338607788086
0.3010573089122772
0.2954925000667572
0.2843628227710724
0.3038397431373596
0.2815804183483124
0.29048413038253784
0.2821368873119354
0.27545911073684687
0.29493600130081177
0.273789644241333
0.2938230335712433
0.28937116265296936
0.29994434118270874
0.3010573089122772
0.29493600130081177
0.3005008399486542
0.30272677540779114
0.30439621210098267
0.3038397431373596
0.2966054677963257
0.2943795323371887
0.3021702766418457
0.30272677540779114
0.2982749044895172
0.2821368873119354
0.2915970981121063
0.3049527108669281
0.3038397431373596
0.31608235836029047
0.2921535968780517
0.2954925000667572
0.30272677540779114
0.2832498550415039
0.3005008399486542
0.2954925000667572
0.30439621210098267
0.3010573089122772
0.3183082938194275
0.322203665971756
0.31886476278305054
0.31775179505348206
0.2971619367599488
0.3066221475601196
0.3116304874420166
0.29994434118270874
0.31218698620796204
0.2938230335712433
0.29326656460762024
0.2966054677963257
0.27824151515960693
0.28770172595977783
0.2899276614189148
0.2871452271938324
0.28547579050064087
0.25820812582969666
0.26432943344116205
0.25542572140693665
0.27156370878219604
0.2832498550415039
0.2437395602464676
0.2420701235532761
0.23650528490543363
0.24986088275909424
0.24819143116474152
0.23372286558151245
0.22370617091655728
0.22760155797004697
0.23928770422935483
0.24819143116474152
0.2548692226409912
0.29883137345314026
0.2899276614189148
0.3272120058536529
0.3294379413127899
0.35392320156097407
0.3405676186084748
0.35837507247924805
0.3032832443714142
0.28269338607788086
0.22370617091655728
