1.0
0.5420386791229248
0.2801339328289032
0.0186011902987957
0.0
0.05543154850602149
0.1588541716337204
0.1808035671710968
0.2064732164144516
0.207961305975914
0.2146577388048172
0.2250744104385376
0.2213541716337204
0.2340029776096344
0.2433035671710968
0.2406994104385376
0.236235111951828
0.2425595223903656
0.25
0.2477678507566452
0.2425595223903656
0.253720223903656
0.2570684552192688
0.271577388048172
0.2686011791229248
0.2723214328289032
0.2924107015132904
0.2905505895614624
0.2976190447807312
0.2912946343421936
0.2797619104385376
0.2805059552192688
0.279389888048172
0.295014888048172
0.2953869104385376
0.285342276096344
0.2901785671710968
0.2942708432674408
0.284970223903656
0.2905505895614624
0.2916666567325592
0.3072916567325592
0.295014888048172
0.3046875
0.2976190447807312
0.295014888048172
0.302827388048172
0.2994791567325592
0.2942708432674408
0.2901785671710968
0.2838541567325592
0.2726934552192688
0.2801339328289032
0.269345223903656
0.2581845223903656
0.2622767984867096
0.2689732015132904
0.2578125
0.2652529776096344
0.2507440447807312
0.2526041567325592
0.2522321343421936
0.2630208432674408
0.3024553656578064
0.310639888048172
0.334077388048172
0.355282723903656
0.384672611951828
0.3962053656578064
0.3876488208770752
0.355282723903656
0.3214285671710968
0.3210565447807312
0.324032723903656
0.3017113208770752
0.2898065447807312
0.2819940447807312
0.3069196343421936
0.3050595223903656
0.2991071343421936
0.3177083432674408
0.4694940447807312
0.6071428656578064
0.9029017686843872
0.6815476417541504
0.496279776096344
0.1205357164144516
0.032738097012043
0.05208333209156991
0.129836305975914
0.221726194024086
0.2321428507566452
0.2526041567325592
0.2410714328289032
0.2388392835855484
0.2447916716337204
0.2466517835855484
0.2418154776096344
0.2291666716337204
0.207961305975914
0.0
0.0
0.0
0.0
0.0
0.0
0.0
0.0
0.0
0.0
0.0
0.0
0.0
0.0
0.0
0.0
0.0
0.0
0.0
0.0
0.0
0.0
0.0
0.0
0.0
0.0
0.0
0.0
0.0
0.0
0.0
0.0
