1.0
0.851890742778778
0.4369747936725616
0.05077030882239342
0.17121848464012146
0.23564425110816956
0.2815126180648804
0.3977591097354889
0.4642857015132904
0.5003501176834105
0.505602240562439
0.5133053064346313
0.5091036558151245
0.5084033608436584
0.5052521228790283
0.5094537734985352
0.5168067216873169
0.5035014152526855
0.5038515329360962
0.5154061913490297
0.5192577242851257
0.517507016658783
0.5287114977836609
0.538165271282196
0.5497198700904846
0.5514705777168274
0.5574229955673218
0.5707283020019531
0.5763305425643921
0.5682772994041443
0.5528711676597595
0.5416666865348816
0.5346638560295105
0.5231092572212219
0.5161064267158508
0.5080532431602478
0.5115545988082886
0.5066526532173157
0.505602240562439
0.5063025355339049
0.5
0.5017507076263428
0.5028011202812195
0.49789914488792414
0.4957983195781708
0.4985994398593903
0.5059523582458496
0.519957959651947
0.543067216873169
0.5574229955673218
0.5574229955673218
0.5661764740943909
0.5535714030265808
0.526260495185852
0.494397759437561
0.4845938384532928
0.5091036558151245
0.5
0.5063025355339049
0.5070028305053711
0.5031512379646301
0.5108543634414673
0.5112044811248779
0.5122548937797545
0.5136554837226868
0.5140056014060974
0.5157563090324402
0.5591736435890198
0.7422969341278077
0.8305321931838989
0.7776610851287842
0.989495813846588
0.7717086672782899
0.34278711676597595
0.0
0.12149859964847563
0.2055322080850601
0.2731092572212219
0.4030112028121948
0.47408962249755854
0.5045518279075624
0.5084033608436584
0.5101540684700012
0.5098039507865906
0.5094537734985352
0.0
0.0
0.0
0.0
0.0
0.0
0.0
0.0
0.0
0.0
0.0
0.0
0.0
0.0
0.0
0.0
0.0
0.0
0.0
0.0
0.0
0.0
0.0
0.0
0.0
0.0
0.0
0.0
0.0
0.0
0.0
0.0
0.0
0.0
0.0
0.0
0.0
0.0
0.0
0.0
0.0
0.0
0.0
0.0
0.0
0.0
0.0
