1.0
0.7327888011932373
0.6452742218971252
0.676196038722992
0.5420070290565491
0.5618436336517334
0.5420070290565491
0.5408401489257812
0.5116686224937439
0.5245040655136108
0.5414235591888428
0.5303384065628052
0.5204200744628905
0.5046674609184265
0.5332555174827576
0.5414235591888428
0.5157526135444641
0.5128354430198668
0.5035005807876587
0.5040839910507202
0.5169194936752319
0.5058342814445496
0.49591597914695734
0.4749124944210053
0.49299883842468256
0.4941656887531281
0.4801633656024933
0.4994165599346161
0.46266043186187744
0.47607934474945063
0.5262543559074402
0.5437573194503784
0.5525087714195251
0.5507584810256958
0.5880979895591736
0.5682613849639893
0.5530921816825867
0.54434072971344
0.5157526135444641
0.54434072971344
0.5250875353813171
0.5262543559074402
0.5180863738059998
0.49533256888389593
0.5291715264320374
0.5291715264320374
0.5128354430198668
0.5210034847259521
0.506417751312256
0.5280046463012695
0.5291715264320374
0.5245040655136108
0.5198366641998291
0.5081680417060852
0.5075845718383789
0.4970828592777252
0.4871645271778106
0.5163360834121704
0.4801633656024933
0.49883314967155457
0.5087514519691467
0.5134189128875732
0.49124854803085327
0.45682615041732794
0.47607934474945063
0.49124854803085327
0.4743290543556213
0.4737456142902374
0.46674445271492
0.4859976768493652
0.5402567386627197
0.5810968279838562
0.6026837825775145
0.5834305882453918
0.6756126284599304
0.6551925539970398
0.6446907520294188
0.6079346537590027
0.5490081906318665
0.5425904393196106
0.5379229784011841
0.49649941921234125
0.5046674609184265
0.478413075208664
0.5151692032814026
0.5128354430198668
0.44399067759513855
0.16044341027736664
0.0
0.263710618019104
0.8232205510139465
0.9434072375297545
0.7310385107994078
0.6493582129478456
0.7012835741043091
0.5373395681381226
0.560093343257904
0.5519253015518188
0.5233372449874878
0.5355892777442932
0.5297549366950989
0.5367560982704163
0.5455076098442078
0.5256709456443787
0.5466744303703308
0.5355892777442932
0.5402567386627197
0.5262543559074402
0.5017502903938292
0.0
0.0
0.0
0.0
0.0
0.0
0.0
0.0
0.0
0.0
0.0
0.0
0.0
0.0
0.0
0.0
0.0
0.0
0.0
0.0
0.0
0.0
0.0
