0.9879903793334962
0.4347477853298187
0.16573259234428403
0.024819856509566307
0.05284227430820465
0.17053642868995667
0.229783833026886
0.25940752029418945
0.30024018883705134
0.328262597322464
0.30984789133071894
0.31144917011260986
0.3274619579315185
0.30984789133071894
0.3146517276763916
0.338670939207077
0.34667733311653137
0.36429142951965326
0.3514811992645264
0.38190552592277527
0.3979183435440064
0.39711770415306086
0.42113691568374634
0.39711770415306086
0.4091272950172424
0.4459567666053772
0.4571657180786133
0.4619695842266082
0.4899919927120209
0.5156124830245972
0.5204163193702698
0.5532426238059998
0.5684547424316406
0.563650906085968
0.5948758721351624
0.6261008977890015
0.6204963922500609
0.6325060129165649
0.6236989498138428
0.6212970614433289
0.5756605267524719
0.5724579691886902
0.5436348915100098
0.46997597813606257
0.46597278118133534
0.4515612423419952
0.42914330959320074
0.4035228192806244
0.34107285737991333
0.37710168957710266
0.36349079012870794
0.3546837568283081
0.3490792512893677
0.3498798906803131
0.3474779725074768
0.3338671028614044
0.3266613185405731
0.3194555640220642
0.3074459433555603
0.3266613185405731
0.305044025182724
0.31305044889450073
0.30424338579177856
0.2914331555366516
0.35068053007125854
0.3210568428039551
0.3194555640220642
0.3170536458492279
0.2962369918823242
0.3690952658653259
0.39071255922317505
0.4019215404987335
0.3899119198322296
0.4283426702022552
0.44195356965065
0.47157725691795355
0.45236188173294073
0.40512409806251526
0.3650920689105988
0.3546837568283081
0.32185748219490046
0.29863891005516047
0.26421135663986206
0.253002405166626
0.27782225608825684
0.2658126354217529
0.2858286499977112
0.2770216166973114
0.2746196985244751
0.27301841974258423
0.253002405166626
0.24579663574695587
0.3122498095035553
0.3811048865318298
0.5148118734359741
0.7429943680763245
1.0
0.3258606791496277
0.06244995817542076
0.0
0.12009608000516891
0.2185748666524887
0.28983187675476074
0.29223379492759705
0.3010408282279968
0.34107285737991333
0.3514811992645264
0.3354683816432953
0.31625300645828247
0.3666933476924896
0.37389913201332087
0.3843074440956116
0.39471578598022466
0.3843074440956116
0.3843074440956116
0.0
0.0
0.0
0.0
0.0
0.0
0.0
0.0
0.0
0.0
0.0
0.0
0.0
0.0
0.0
0.0
0.0
