1.0
0.6581045389175415
0.40965455770492554
0.2962799072265625
0.27103632688522333
0.18290522694587708
0.16120460629463196
0.1319752037525177
0.11913197487592696
0.12178919464349745
0.09698848426342009
0.11470327526330948
0.10628875344991684
0.10097431391477583
0.09034543484449385
0.08901683241128922
0.08945970237255096
0.07883082330226898
0.08813109248876572
0.1031886637210846
0.10894597321748732
0.14127546548843384
0.1607617288827896
0.16740478575229645
0.17891940474510193
0.1904340088367462
0.21567758917808527
0.2063773274421692
0.22320637106895447
0.24446412920951843
0.21434898674488068
0.2404782921075821
0.2480070888996124
0.23826394975185397
0.24712134897708887
0.24269264936447144
0.25819310545921326
0.2449069917201996
0.2480070888996124
0.25775021314620966
0.24623560905456543
0.2506642937660217
0.24933569133281708
0.22320637106895447
0.2506642937660217
0.2484499514102936
0.2865367531776428
0.27325066924095154
0.27413639426231384
0.2847652733325958
0.29229405522346497
0.2803365886211395
0.25819310545921326
0.2440212517976761
0.21302036941051483
0.18733392655849457
0.18157660961151123
0.17050486803054807
0.1713906079530716
0.17626218497753143
0.15589016675949097
0.17670504748821259
0.08591674268245697
0.19353410601615903
0.4198405742645264
0.7666076421737671
0.8755536079406737
0.42426925897598267
0.2568644881248474
0.1877767890691757
0.10186005383729935
0.0708591639995575
0.03808680176734924
0.02612931840121746
0.02480070851743221
0.029672276228666306
0.0
0.02701505832374096
0.009300265461206434
0.0
0.0
0.0
0.0
0.0
0.0
0.0
0.0
0.0
0.0
0.0
0.0
0.0
0.0
0.0
0.0
0.0
0.0
0.0
0.0
0.0
0.0
0.0
0.0
0.0
0.0
0.0
0.0
0.0
0.0
0.0
0.0
0.0
0.0
0.0
0.0
0.0
0.0
0.0
0.0
0.0
0.0
0.0
0.0
0.0
0.0
0.0
0.0
0.0
0.0
0.0
0.0
0.0
