1.0
0.9195597171783448
0.8831498622894286
0.21930567920207977
0.0
0.03471634164452553
0.12616427242755887
0.36663845181465143
0.6265876293182373
0.6155800223350525
0.5757832527160645
0.36155799031257624
0.22946655750274655
0.24640135467052457
0.36409822106361384
0.4792548716068268
0.5715495347976685
0.6189669966697693
0.6215071678161621
0.6325148344039917
0.6545300483703613
0.6367484927177429
0.6587637662887573
0.6435224413871765
0.6596105098724365
0.6850126981735228
0.6545300483703613
0.6773920655250549
0.6638442277908325
0.6824724674224854
0.6960203051567078
0.6951735615730286
0.7188823223114014
0.7061812281608582
0.7358170747756958
0.7510583996772766
0.7459779977798462
0.784928023815155
0.7764606475830078
0.7925487160682678
0.8044030666351318
0.8111769556999207
0.821337878704071
0.8230313062667847
0.7739204168319702
0.8001693487167358
0.7883149981498718
0.8044030666351318
0.7866215109825134
0.7874682545661926
0.789161741733551
0.7840812802314758
0.8044030666351318
0.7993226051330566
0.7976291179656982
0.7764606475830078
0.7747671604156494
0.7993226051330566
0.756985604763031
0.773073673248291
0.7747671604156494
0.7586790919303894
0.0
0.0
0.0
0.0
0.0
0.0
0.0
0.0
0.0
0.0
0.0
0.0
0.0
0.0
0.0
0.0
0.0
0.0
0.0
0.0
0.0
0.0
0.0
0.0
0.0
0.0
0.0
0.0
0.0
0.0
0.0
0.0
0.0
0.0
0.0
0.0
0.0
0.0
0.0
0.0
0.0
0.0
0.0
0.0
0.0
0.0
0.0
0.0
0.0
0.0
0.0
0.0
0.0
0.0
0.0
0.0
0.0
0.0
0.0
0.0
0.0
0.0
0.0
0.0
0.0
0.0
0.0
0.0
0.0
0.0
