1.0
0.5621911287307739
0.1326194405555725
0.07825370877981187
0.05024711787700653
0.09802306443452835
0.15280066430568695
0.1651565134525299
0.15444810688495636
0.18286655843257904
0.18327841162681577
0.1915156543254852
0.1915156543254852
0.20057660341262817
0.2046952247619629
0.21540363132953644
0.2149917632341385
0.2207578271627426
0.23929159343242645
0.25041186809539795
0.2549423277378082
0.2726523876190185
0.27635914087295527
0.2977759540081024
0.3093080818653106
0.2985996603965759
0.31548598408699036
0.3212520480155945
0.32825371623039246
0.29736408591270447
0.2936573326587677
0.28459638357162476
0.2619439959526062
0.26235583424568176
0.22652389109134677
0.2121087312698364
0.18533772230148315
0.18080724775791168
0.17874793708324432
0.1878089010715485
0.16762767732143402
0.17998352646827695
0.19069193303585047
0.2042833566665649
0.20304778218269348
0.2001647502183914
0.2125205993652344
0.2022240459918976
0.21787479519844052
0.2145798951387405
0.2121087312698364
0.21663920581340787
0.21622735261917117
0.20634266734123227
0.19028006494045255
0.19934101402759552
0.1878089010715485
0.17710049450397491
0.17957165837287903
0.19357496500015256
0.17710049450397491
0.1746293306350708
0.1865733116865158
0.22899505496025083
0.26606261730194086
0.23887974023818967
0.2294069230556488
0.23517298698425287
0.25041186809539795
0.22405271232128143
0.1927512288093567
0.1849258691072464
0.15444810688495636
0.14456342160701752
0.13467875123023987
0.12808896601200104
0.12438220530748367
0.12355848401784895
0.11861614137887953
0.13426688313484192
0.1396210938692093
0.1334431618452072
0.13838550448417664
0.12932454049587247
0.21787479519844052
0.3999176323413849
0.6359143257141113
0.9435749650001524
0.7907742857933043
0.2252883017063141
0.04612850025296211
0.0
0.053542010486125946
0.11490938812494277
0.13467875123023987
0.12808896601200104
0.1309719979763031
0.14909391105175018
0.15362438559532163
0.15280066430568695
0.155683696269989
0.1713344305753708
0.1610378921031952
0.1882207542657852
0.18121911585330963
0.0
0.0
0.0
0.0
0.0
0.0
0.0
0.0
0.0
0.0
0.0
0.0
0.0
0.0
0.0
0.0
0.0
0.0
0.0
0.0
0.0
0.0
0.0
0.0
0.0
0.0
0.0
