1.0
0.6251479387283325
0.280177503824234
0.1319526582956314
0.1319526582956314
0.10739644616842269
0.0866863876581192
0.0798816531896591
0.07514792680740355
0.0748520717024803
0.06804733723402023
0.07278106361627577
0.07278106361627577
0.07337278127670288
0.0760354995727539
0.0721893459558487
0.08195266127586365
0.08254437893629074
0.09023668617010115
0.09497041255235673
0.10029585659503935
0.11656804382801056
0.13550296425819397
0.1494082808494568
0.1721893548965454
0.1911242604255676
0.2221893519163132
0.2449704110622406
0.2538461685180664
0.25088757276535034
0.22781065106391904
0.2118343263864517
0.1816568076610565
0.16686390340328217
0.14526627957820892
0.13047337532043457
0.12426035851240158
0.11745562404394148
0.11360947042703629
0.1112426072359085
0.10325443744659424
0.1062130182981491
0.10532544553279875
0.10147929191589355
0.10266271978616714
0.09911242872476576
0.10088757425546646
0.102958582341671
0.10147929191589355
0.10591716319322586
0.10207100957632063
0.10355029255151749
0.10384615510702132
0.1011834293603897
0.10532544553279875
0.1011834293603897
0.10088757425546646
0.1005917191505432
0.09733727574348448
0.09911242872476576
0.09408283978700636
0.08934911340475081
0.09319526702165604
0.08875739574432373
0.09201183170080185
0.08934911340475081
0.08846154063940048
0.09023668617010115
0.10887573659420012
0.13224852085113523
0.12958580255508423
0.12958580255508423
0.1526627242565155
0.16449704766273499
0.16893491148948667
0.179585799574852
0.16538462042808533
0.13284023106098175
0.10473372787237167
0.10591716319322586
0.07810650765895844
0.06863905489444733
0.06360946595668793
0.05946745723485947
0.06183432042598724
0.05207100510597229
0.051479291170835495
0.055325444787740714
0.04349112510681152
0.0
0.006508875638246536
0.23076923191547397
0.5136094689369202
0.7100591659545897
0.9721893668174744
0.4961538314819336
0.22278106212615967
0.1130177527666092
0.11745562404394148
0.09526627510786057
0.07189349085092545
0.06479290127754211
0.06331361085176468
0.05917159840464592
0.06301774829626083
0.05976331233978272
0.058875739574432366
0.06213017925620079
0.06272189319133759
0.06834319233894348
0.06863905489444733
0.07011834532022476
0.0
0.0
0.0
0.0
0.0
0.0
0.0
0.0
0.0
0.0
0.0
0.0
0.0
0.0
0.0
0.0
0.0
0.0
0.0
0.0
