1.0
0.7016537189483643
0.4728315770626068
0.18967263400554657
0.1268984079360962
0.06311170756816864
0.03881201520562172
0.034424569457769394
0.03577455133199692
0.030712116509675976
0.03881201520562172
0.045561932027339935
0.056024298071861274
0.05636179447174072
0.058049272745847695
0.08133648335933685
0.08538643270730972
0.10057374089956284
0.11812352389097212
0.14377319812774658
0.1559230536222458
0.17246034741401672
0.18697266280651087
0.1873101592063904
0.18528518080711365
0.19507256150245664
0.18832264840602875
0.17246034741401672
0.15693554282188416
0.14309820532798767
0.12858588993549347
0.11508606374263763
0.11947350949048996
0.1130610853433609
0.10259871929883956
0.10226122289896011
0.09686128795146942
0.1015862300992012
0.0955113098025322
0.09179884940385817
0.08234897255897523
0.07593654841184616
0.08302396535873413
0.06783664971590042
0.06446169316768646
0.06142423301935196
0.0664866715669632
0.07289908826351164
0.0732365846633911
0.06142423301935196
0.058049272745847695
0.058049272745847695
0.05737428367137909
0.05298683792352676
0.05669929087162018
0.058049272745847695
0.05669929087162018
0.057711780071258545
0.09483631700277328
0.11643604189157485
0.14681066572666168
0.1366857886314392
0.18393519520759585
0.15558555722236633
0.14006075263023376
0.0840364471077919
0.08471143990755081
0.07964900135993956
0.05298683792352676
0.03813702240586281
0.029362132772803303
0.02261221781373024
0.02261221781373024
0.02564967982470989
0.021599730476737022
0.03003712370991707
0.04252446815371513
0.186297670006752
0.35099560022354126
0.7084036469459534
0.8599392771720886
0.550455629825592
0.31150859594345087
0.13162335753440857
0.0779615268111229
0.02632467076182365
0.013162335380911829
0.011137360706925392
0.0
0.02193722501397133
0.024299696087837216
0.01484981458634138
0.020587243139743805
0.0
0.0
0.0
0.0
0.0
0.0
0.0
0.0
0.0
0.0
0.0
0.0
0.0
0.0
0.0
0.0
0.0
0.0
0.0
0.0
0.0
0.0
0.0
0.0
0.0
0.0
0.0
0.0
0.0
0.0
0.0
0.0
0.0
0.0
0.0
0.0
0.0
0.0
0.0
