1.0
0.6764705777168274
0.5074459910392761
0.24534623324871063
0.1362621039152145
0.07185405492782593
0.037974681705236435
0.016753537580370903
0.01973194256424904
0.005584512371569872
0.0070737157948315135
0.017498139292001724
0.0
0.01861504092812538
0.009307520464062689
0.01787043921649456
0.03239016979932785
0.026433357968926426
0.0491437092423439
0.05100521072745323
0.06813105195760727
0.08972449600696564
0.1165301576256752
0.14854802191257477
0.16976916790008545
0.20997765660285947
0.2334326207637787
0.25539836287498474
0.28369322419166565
0.2833209335803985
0.282576322555542
0.25986596941947937
0.2144452780485153
0.19173492491245267
0.1474311202764511
0.12546537816524503
0.1008935198187828
0.09903201460838316
0.10573343187570572
0.07632166892290115
0.09158600121736526
0.07557706534862518
0.08451228588819502
0.08786299079656601
0.06813105195760727
0.09084139764308928
0.09381980448961258
0.09121370315551756
0.09270290285348892
0.08600148558616638
0.08711839467287062
0.0804169774055481
0.08786299079656601
0.09233060479164125
0.0699925571680069
0.08265078067779541
0.07706627249717712
0.07930007576942445
0.0804169774055481
0.06440804153680801
0.06664184480905533
0.0569620244204998
0.06924795359373093
0.07297096401453018
0.05621742457151413
0.0621742382645607
0.05733432620763779
0.056589726358652115
0.06440804153680801
0.05919583141803741
0.0699925571680069
0.05472822114825249
0.06254653632640839
0.07371556013822556
0.05994043126702309
0.050632912665605545
0.05472822114825249
0.0595681294798851
0.057706627994775765
0.037974681705236435
0.0517498143017292
0.05100521072745323
0.06589724868535995
0.1191362589597702
0.11578555405139924
0.13291139900684357
0.14035740494728088
0.16157855093479156
0.1708860695362091
0.15152643620967865
0.1388682126998901
0.1008935198187828
0.07259865850210188
0.07073715329170227
0.04020848870277405
0.04020848870277405
0.03946388512849808
0.02978406473994255
0.050632912665605545
0.02308265119791031
0.010424423031508923
0.126954585313797
0.5245718359947205
0.9627699255943297
0.8440059423446654
0.6638123393058777
0.4452717900276184
0.17498138546943665
0.19210721552371976
0.08897989243268967
0.08376768231391905
0.06291884183883667
0.04244229197502136
0.08004467934370042
0.06850335001945496
0.06180193647742272
0.05398361757397652
0.06962025165557861
0.08897989243268967
0.06887564808130264
0.08004467934370042
0.0953090116381645
0.108711838722229
0.12844377756118774
0.1347728967666626
0.16418465971946716
0.1939687281847
0.21705137193202967
0.26545047760009766
0.0
0.0
0.0
