1.0
0.7401150465011597
0.47807332873344416
0.1430625468492508
0.031272467225790024
0.0
0.113587349653244
0.18008626997470856
0.21135874092578888
0.23759885132312772
0.22214233875274655
0.25125807523727417
0.257368803024292
0.2397555708885193
0.2516175508499145
0.2318475842475891
0.258087694644928
0.25269588828086853
0.25449317693710327
0.2846872806549072
0.24586628377437592
0.2825305461883545
0.2638389766216278
0.2739036679267884
0.29511141777038574
0.28037384152412415
0.3080517649650574
0.3184759020805359
0.33069732785224915
0.36340761184692383
0.3601725399494171
0.4108555018901825
0.40402588248252874
0.4137311279773712
0.43529835343360895
0.4140905737876892
0.44069015979766846
0.42271748185157776
0.40474477410316473
0.4219985604286194
0.3842559456825256
0.3971962630748749
0.3630481660366058
0.3278217017650604
0.31595975160598755
0.2757009267807007
0.2825305461883545
0.2659956812858581
0.23220704495906827
0.25305536389350886
0.23759885132312772
0.2681524157524109
0.2606038749217987
0.25305536389350886
0.28037384152412415
0.2598849833011627
0.306254506111145
0.3044572174549103
0.29151690006256104
0.3231488168239593
0.29870596528053284
0.3253055214881897
0.31955426931381226
0.3008626997470856
0.3227893710136413
0.306973397731781
0.3353702425956726
0.3227893710136413
0.3281811773777008
0.3576563596725464
0.3292595148086548
0.370956152677536
0.33788642287254333
0.3033788502216339
0.3040977716445923
0.2746225595474243
0.28432783484458923
0.257368803024292
0.242631196975708
0.2634795010089874
0.23903666436672208
0.26527678966522217
0.24514737725257876
0.2354421317577362
0.2437095642089844
0.371315598487854
0.5733285546302795
0.7893601655960083
0.949676513671875
0.6099928021430969
0.36772105097770685
0.09489575773477553
0.021926671266555783
0.011861969716846941
0.1423436403274536
0.18296189606189728
0.2397555708885193
0.24155284464359283
0.23400431871414185
0.26635512709617615
0.24550682306289673
0.2742631137371063
0.25305536389350886
0.257009357213974
0.272465854883194
0.2562904357910156
0.27318474650382996
0.2746225595474243
0.272825300693512
0.29762759804725647
0.2828900218009949
0.3087706565856933
0.3105679452419281
0.3012221455574036
0.3418404161930084
0.3396836817264557
0.39252337813377375
0.40654206275939936
0.4295471012592316
0.4762760698795319
0.47375988960266113
0.4863407611846924
0.485262393951416
0.4557872116565704
0.45470884442329407
0.401509702205658
0.39396119117736816
0.3720345199108124
0.3375269472599029
0.32746225595474243
0.2749820351600647
0.2936736047267914
