1.0
0.9233770966529846
0.5054984092712401
0.31145796179771423
0.23128768801689148
0.1518268883228302
0.11741752177476882
0.10996807366609572
0.10642071813344955
0.08194395154714584
0.08229868859052658
0.0890386626124382
0.0815892145037651
0.09152181446552275
0.08087974786758423
0.09045761078596115
0.10535650700330734
0.10251862555742264
0.11209648847579956
0.10464704036712646
0.1199006736278534
0.13834692537784576
0.1426037549972534
0.16105002164840698
0.15821212530136108
0.1780773252248764
0.20042568445205688
0.22064562141895291
0.2557644546031952
0.2632139027118683
0.28733593225479126
0.30329903960227966
0.3057821989059448
0.31074848771095276
0.29868748784065247
0.2944306433200836
0.273855984210968
0.23589925467967987
0.20893934369087216
0.1695636808872223
0.15501950681209564
0.12699538469314575
0.11138701438903809
0.10854913294315338
0.0890386626124382
0.09577864408493042
0.09577864408493042
0.08655551820993422
0.09755232185125352
0.0844271034002304
0.09400496631860733
0.09329549223184584
0.08832919597625731
0.10003547370433807
0.08691025525331497
0.09577864408493042
0.09932599961757663
0.09506916999816895
0.10180915147066116
0.08761972188949585
0.09045761078596115
0.09045761078596115
0.08087974786758423
0.08371762931346893
0.06349769234657288
0.06952819973230362
0.06491664052009583
0.05569350719451904
0.06385242938995361
0.04753458499908447
0.05108194425702095
0.05321035906672478
0.052146151661872864
0.05462929978966713
0.03689251467585564
0.04008513689041138
0.04114934429526329
0.037601985037326806
0.043987229466438287
0.029797799885272976
0.029797799885272976
0.038666192442178726
0.033699892461299896
0.040439873933792114
0.026250442489981648
0.03192621469497681
0.034054629504680634
0.027669386938214306
0.03795672208070755
0.025895707309246063
0.030507272109389305
0.03334515914320946
0.03157147765159607
0.04753458499908447
0.04611564427614212
0.07768712192773819
0.09542390704154968
0.09329549223184584
0.10996807366609572
0.11670805513858797
0.13373537361621857
0.11103227734565733
0.11351542919874193
0.11706278473138808
0.07094714790582657
0.03511883690953255
0.020929407328367237
0.008158921264111996
0.015253636054694653
0.0007094714674167335
0.0
0.007804186083376407
0.004256828688085079
0.018446257337927815
0.0031926215160638094
0.008513657376170158
0.11422490328550337
0.2951401174068451
0.6449095606803894
0.9553033113479614
0.7733238935470581
0.47321745753288263
0.2866264581680298
0.19297623634338376
0.09755232185125352
0.07165661454200745
0.07130187749862671
0.05321035906672478
0.04895352944731712
0.03121674433350563
0.03582830727100372
0.043987229466438287
