1.0
0.46133023500442494
0.1295436918735504
0.06805878132581711
0.07501933723688124
0.12142305076122284
0.15235885977745056
0.1697602421045303
0.1705336421728134
0.17285382747650146
0.17517401278018951
0.1686001569032669
0.1817478686571121
0.1825212687253952
0.19605568051338196
0.21771074831485748
0.20456303656101224
0.23472544550895688
0.22699148952960968
0.2335653454065323
0.243232786655426
0.2544470131397248
0.2633410692214966
0.28499612212181086
0.27880898118019104
0.29853054881095886
0.3008507490158081
0.3051044046878814
0.3081979751586914
0.27687549591064453
0.26643463969230646
0.26063418388366694
0.24555297195911407
0.2300850749015808
0.2076566070318222
0.21771074831485748
0.20572312176227567
0.1937354952096939
0.1825212687253952
0.1740139275789261
0.18368135392665863
0.17362722754478455
0.18561485409736636
0.19837586581707
0.1852281540632248
0.192962110042572
0.19489559531211853
0.1956689804792404
0.1890951246023178
0.190641924738884
0.2037896364927292
0.192962110042572
0.173240527510643
0.17169374227523804
0.1686001569032669
0.1581593155860901
0.1604795008897781
0.16357308626174927
0.15158545970916748
0.1527455598115921
0.15893271565437317
0.15622583031654355
0.18097448348999023
0.20069605112075803
0.2223511189222336
0.2107501924037933
0.20843000710010529
0.23317866027355197
0.23124516010284424
0.19605568051338196
0.1921887099742889
0.1686001569032669
0.14771848917007446
0.1388244330883026
0.11678267270326614
0.11794276535511015
0.1183294653892517
0.12064965069293976
0.11948955804109572
0.10866202414035796
0.1163959801197052
0.13379737734794617
0.11407579481601716
0.10595514625310896
0.2266047894954681
0.3797370493412018
0.6202629804611206
0.8963650465011597
0.621809720993042
0.17942768335342407
0.07037896662950516
0.0
0.056844547390937805
0.10556844621896744
0.11214230209589005
0.12799690663814545
0.12993039190769196
0.13457076251506803
0.1395978331565857
0.14037123322486875
0.13805104792118073
0.14037123322486875
0.153518944978714
0.16589327156543732
0.16821345686912537
0.0
0.0
0.0
0.0
0.0
0.0
0.0
0.0
0.0
0.0
0.0
0.0
0.0
0.0
0.0
0.0
0.0
0.0
0.0
0.0
0.0
0.0
0.0
0.0
0.0
0.0
0.0
