1.0
0.7973744273185731
0.3624429106712341
0.01769406348466873
0.09417808055877683
0.20148402452468872
0.28082191944122314
0.27340182662010193
0.27968037128448486
0.3087899684906006
0.27796804904937744
0.3162100315093994
0.30993151664733887
0.30821916460990906
0.3264840245246887
0.3087899684906006
0.3333333432674408
0.3087899684906006
0.31107306480407715
0.340753436088562
0.2888127863407135
0.33276256918907166
0.3059360682964325
0.30821916460990906
0.34246575832366943
0.3042237460613251
0.3607305884361267
0.3464611768722534
0.35159817337989807
0.4212328791618347
0.41723743081092834
0.4902968108654022
0.5034246444702148
0.5165525078773499
0.5799086689949036
0.5673515796661377
0.59874427318573
0.573630154132843
0.5285388231277466
0.5165525078773499
0.4583333432674408
0.4297945201396942
0.39155250787734985
0.35502281785011286
0.3795662224292755
0.32819634675979614
0.35159817337989807
0.3264840245246887
0.31506848335266113
0.3458904027938843
0.310502290725708
0.33961185812950134
0.32077625393867487
0.3264840245246887
0.3430365324020386
0.29680365324020386
0.3293378949165344
0.32134702801704407
0.31392693519592285
0.3487443029880524
0.3042237460613251
0.31506848335266113
0.30936074256896967
0.31392693519592285
0.33390411734580994
0.30365297198295593
0.30251142382621765
0.3002282977104187
0.2916666567325592
0.327625572681427
0.3076483905315399
0.3476027250289917
0.3356164395809173
0.35559362173080444
0.4023972749710083
0.3624429106712341
0.39497718214988714
0.4138127863407135
0.409246563911438
0.4297945201396942
0.38413241505622864
0.38584473729133606
0.35102739930152893
0.33219179511070246
0.3030821979045868
0.26484018564224243
0.2728310525417328
0.2773972749710083
0.2728310525417328
0.28652969002723694
0.2511415481567383
0.28538814187049866
0.2813926935195923
0.37671232223510737
0.4708904027938842
0.6375570893287659
0.9326484203338624
0.8869863152503966
0.5291095972061157
0.1369863003492355
0.0
0.20205479860305783
0.24372145533561704
0.27340182662010193
0.2773972749710083
0.2642694115638733
0.2985159754753113
0.2813926935195923
0.284246563911438
0.2916666567325592
0.25799086689949036
0.31392693519592285
0.28481733798980713
0.293379008769989
0.31335616111755366
0.27968037128448486
0.3070776164531708
0.0
0.0
0.0
0.0
0.0
0.0
0.0
0.0
0.0
0.0
0.0
0.0
0.0
0.0
0.0
