1.0
0.9547270536422728
0.7683089375495911
0.5765646100044249
0.5179760456085205
0.41278296709060663
0.3528628349304199
0.1784287542104721
0.1304926723241806
0.1398135870695114
0.08388815075159071
0.1917443424463272
0.12916111946105957
0.08921437710523605
0.16777630150318143
0.09320905804634094
0.2210386097431183
0.20505991578102112
0.16777630150318143
0.1917443424463272
0.1051930785179138
0.1611185073852539
0.11185086518526076
0.09720373153686525
0.10119840502738953
0.03861517831683159
0.13315579295158386
0.08521970361471176
0.07190413028001785
0.14247669279575348
0.11584553867578506
0.20239681005477905
0.1651131808757782
0.20372836291790009
0.270306259393692
0.20639148354530332
0.24766977131366727
0.21438083052635193
0.21038615703582764
0.25699067115783686
0.2263648509979248
0.394141137599945
0.4367510080337525
0.4713715016841888
0.5978695154190063
0.6950732469558716
0.6697736382484436
0.7150465846061707
0.8109187483787536
0.7430093288421632
0.5778961181640625
0.39813581109046936
0.2649800181388855
0.15046603977680206
0.15312916040420532
0.10119840502738953
0.13715046644210815
0.10918775200843812
0.1051930785179138
0.11051930487155914
0.01864181086421013
0.20239681005477905
0.565912127494812
0.7363515496253966
0.4780292809009552
0.3035952150821686
0.37283623218536377
0.924101173877716
0.842876136302948
0.6977363228797913
0.44740346074104315
0.4234354197978973
0.34087881445884705
0.25699067115783686
0.17177097499370575
0.007989347912371159
0.058588549494743354
0.0026631157379597425
0.03728362172842026
0.06657789647579193
0.04260985180735588
0.10918775200843812
0.06391478329896927
0.10252995789051056
0.1278295665979385
0.13448734581470487
0.15978695452213287
0.14780293405056
0.1051930785179138
0.0958721712231636
0.02130492590367794
0.06790945678949356
0.0026631157379597425
0.0
0.04660452902317047
0.01997336931526661
0.1051930785179138
0.07589880377054214
0.11185086518526076
0.17576564848423004
0.1278295665979385
0.21038615703582764
0.14114513993263245
0.14647136628627777
0.19573901593685153
0.1438082605600357
0.2356857508420944
0.2330226302146912
0.2849533855915069
0.3715046644210816
0.4087882936000824
0.529960036277771
0.6404793858528137
0.5512650012969971
0.661784291267395
0.7390146255493165
0.7203728556632996
0.565912127494812
0.33688414096832275
0.23701730370521543
0.09720373153686525
0.0
0.0
0.0
0.0
0.0
0.0
0.0
0.0
0.0
0.0
0.0
