1.0
0.8052120208740233
0.6320671439170836
0.22438162565231323
0.1810954064130783
0.1267667859792709
0.0715547725558281
0.05786219239234924
0.04505300521850586
0.04151943325996399
0.045494697988033295
0.03136042505502701
0.03401060029864311
0.03710247203707695
0.04372791573405266
0.04284452274441719
0.03577738627791405
0.056095406413078315
0.06404593586921692
0.06227915361523628
0.07994699478149414
0.07641343027353287
0.1029151976108551
0.12455830723047256
0.14134275913238523
0.15591873228549957
0.1797703206539154
0.20759716629981995
0.22835689783096316
0.26369258761405945
0.2698763310909271
0.28047701716423035
0.30035334825515747
0.30123674869537354
0.2875441610813141
0.26766782999038696
0.22084805369377136
0.1810954064130783
0.14973498880863187
0.12411660701036452
0.10733215510845184
0.08171378076076508
0.09761483967304227
0.08833922445774078
0.07067137956619263
0.07508833706378935
0.07243816554546355
0.08392225950956345
0.07199646532535553
0.06625441461801529
0.07729682326316833
0.07464664429426193
0.07332155108451843
0.06404593586921692
0.06978798657655716
0.0768551230430603
0.06537102162837982
0.06934628635644913
0.06360424309968948
0.056095406413078315
0.06581272184848785
0.05653710290789604
0.054770316928625114
0.0494699664413929
0.045936394482851035
0.056095406413078315
0.0481448769569397
0.056095406413078315
0.04637809097766876
0.04416961222887039
0.0494699664413929
0.03931095451116562
0.03975265100598335
0.025618374347686768
0.030918728560209274
0.04770318046212196
0.036660775542259216
0.04416961222887039
0.04151943325996399
0.027826854959130287
0.049028269946575165
0.03047703206539154
0.03356890380382538
0.03047703206539154
0.03136042505502701
0.04372791573405266
0.0260600708425045
0.036660775542259216
0.036219082772731774
0.032243818044662476
0.054328620433807366
0.06669611483812332
0.08657243847846986
0.10203180462121964
0.09673144668340683
0.12102473527193068
0.13604240119457245
0.12323321402072906
0.09010601043701172
0.03180212154984474
0.06492932885885239
0.058745581656694405
0.040194347500801086
0.01590106077492237
0.007067137863487004
0.01899293251335621
0.02120141312479973
0.007067137863487004
0.0
0.0008833922329358755
0.018109541386365887
0.01413427572697401
0.022084806114435196
0.058745581656694405
0.1886042356491089
0.4461130797863007
0.8016784191131591
0.9880741834640504
0.7853356599807739
0.583038866519928
0.20936395227909088
0.18683744966983795
0.11793286353349684
0.06757950782775879
0.055653709918260574
0.0534452311694622
0.029593639075756076
0.030918728560209274
0.03180212154984474
0.022968197241425518
0.03268551081418991
0.040194347500801086
