1.0
0.5396825671195984
0.22807016968727112
0.0
0.046783626079559326
0.15622389316558835
0.30910611152648926
0.2514619827270508
0.27652463316917414
0.29741019010543823
0.25898078083992004
0.31411862373352045
0.27736008167266846
0.31411862373352045
0.33751043677330017
0.30075186491012573
0.36424395442008967
0.33249792456626887
0.35338345170021057
0.3968254029750824
0.38011696934700007
0.45196324586868286
0.42690059542655934
0.4711779356002808
0.542188823223114
0.5346699953079224
0.6608186960220337
0.6532999277114868
0.6984127163887024
0.7301587462425232
0.6967418789863585
0.743525505065918
0.6507936716079712
0.6065163016319275
0.5622389316558838
0.45614033937454224
0.4628237187862396
0.35087719559669495
0.3400167226791382
0.30325815081596375
0.22890560328960416
0.30158731341362
0.24895572662353516
0.2472848743200302
0.2723475396633148
0.208855465054512
0.27401837706565857
0.22890560328960416
0.2414369285106659
0.25563910603523254
0.19632413983345032
0.2548036873340606
0.20551379024982447
0.22723475098609924
0.24812030792236328
0.18295739591121676
0.26482874155044556
0.21219715476036072
0.20551379024982447
0.23308271169662476
0.16374269127845764
0.23893065750598907
0.1938178837299347
0.21136173605918884
0.22890560328960416
0.17878028750419617
0.24394318461418152
0.21052631735801697
0.21720969676971436
0.2982456088066101
0.3274853825569153
0.4143692553043365
0.35087719559669495
0.3859649002552032
0.3659147918224335
0.26148703694343567
0.28989139199256897
0.26482874155044556
0.2322472780942917
0.23976607620716092
0.1520467847585678
0.22055137157440183
0.16959063708782196
0.18462823331356049
0.20467835664749143
0.14786967635154724
0.2005012482404709
0.1779448688030243
0.33500418066978455
0.24310776591300964
0.867167890071869
0.82289057970047
0.16040100157260895
0.06098579615354537
0.04260651767253876
0.14452798664569855
0.26900583505630493
0.22807016968727112
0.23976607620716092
0.28070175647735596
0.21971595287323
0.29072681069374084
0.2598161995410919
0.28070175647735596
0.32414367794990534
0.2949039340019226
0.3826232254505157
0.35004177689552307
0.0
0.0
0.0
0.0
0.0
0.0
0.0
0.0
0.0
0.0
0.0
0.0
0.0
0.0
0.0
0.0
0.0
0.0
0.0
0.0
0.0
0.0
0.0
0.0
