0.9663366079330444
0.9887788891792296
0.9762375950813292
0.9293729662895202
0.8732673525810242
0.7828382849693297
0.7168316841125488
0.6316831707954407
0.5504950284957886
0.48514851927757263
0.4402640163898468
0.420462042093277
0.39933994412422175
0.3808580935001373
0.37425741553306574
0.3465346395969391
0.3537953794002533
0.34983497858047485
0.3584158420562744
0.341914176940918
0.30693069100379944
0.33861386775970453
0.3095709681510925
0.32475247979164124
0.3254125416278839
0.30759075284004206
0.31221121549606323
0.3135313391685486
0.30891087651252747
0.30891087651252747
0.2904290556907654
0.3115511536598205
0.3049505054950714
0.3115511536598205
0.3003300428390503
0.3240924179553985
0.3610561192035675
0.39933994412422175
0.3841584026813507
0.39471948146820074
0.38481849431991577
0.4013201296329498
0.4382838308811188
0.42112210392951965
0.36831682920455927
0.2976897656917572
0.2871287167072296
0.26864686608314514
0.2699669897556305
0.262046217918396
0.2521452009677887
0.2594059407711029
0.25082507729530334
0.2528052926063537
0.23696368932724
0.22772277891635892
0.234983503818512
0.23102310299873352
0.23168316483497617
0.22772277891635892
0.21122112870216367
0.2184818536043167
0.2184818536043167
0.2264026403427124
0.22046203911304477
0.21716171503067017
0.23696368932724
0.23168316483497617
0.23564356565475464
0.22772277891635892
0.22310231626033783
0.2488448917865753
0.23696368932724
0.24224422872066495
0.24290429055690765
0.20528052747249603
0.08448845148086548
0.0
0.4679867923259735
1.0
0.6547854542732239
0.3438943922519684
0.23036304116249084
0.33927392959594727
0.3775577545166016
0.3881188035011292
0.4059405922889709
0.40330031514167786
0.41782179474830633
0.42244225740432734
0.41386139392852783
0.4356435537338257
0.44554454088211054
0.4448844790458679
0.4646864831447601
0.4633663296699524
0.4976897835731506
0.49966996908187866
0.5082508325576782
0.5313531160354614
0.52607262134552
0.0
0.0
0.0
0.0
0.0
0.0
0.0
0.0
0.0
0.0
0.0
0.0
0.0
0.0
0.0
0.0
0.0
0.0
0.0
0.0
0.0
0.0
0.0
0.0
0.0
0.0
0.0
0.0
0.0
0.0
0.0
