0.9578527212142944
0.6038154363632202
0.1588287502527237
0.0
0.09804791212081908
0.07985802739858627
0.0661047026515007
0.07763975113630295
0.06566105037927628
0.07808341085910797
0.07231587916612625
0.051464062184095376
0.06255545467138289
0.10337178409099577
0.08118899911642073
0.07808341085910797
0.0838509351015091
0.054569654166698456
0.07275953888893126
0.10115350782871246
0.11668145656585692
0.11047027260065077
0.09804791212081908
0.13487133383750916
0.05057675391435623
0.14685004949569702
0.14862467348575592
0.14063885807991028
0.20186334848403928
0.17213842272758484
0.20230701565742487
0.21606034040451047
0.23070096969604487
0.23025731742382047
0.23425021767616272
0.2422360181808472
0.21029281616210935
0.175244003534317
0.20230701565742487
0.18722271919250488
0.200532391667366
0.15572315454483032
0.13354037702083588
0.10292812436819077
0.15794143080711365
0.15794143080711365
0.1681455224752426
0.15394853055477142
0.14019520580768585
0.1703637987375259
0.16015972197055817
0.192990243434906
0.18722271919250488
0.1765749752521515
0.15527950227260587
0.1464063823223114
0.17213842272758484
0.1681455224752426
0.14862467348575592
0.14685004949569702
0.1774622946977615
0.2857142984867096
0.185448095202446
0.1765749752521515
0.2648624777793884
0.2422360181808472
0.2812777161598205
0.2968056797981262
0.300354927778244
0.22670806944370267
0.2284826934337616
0.22937001287937164
0.15483585000038147
0.14330080151557922
0.1038154363632202
0.10958296060562132
0.10070984810590744
0.09494232386350632
0.11889973282814024
0.09538598358631134
0.10825199633836746
0.04303460568189621
0.06521739065647125
0.30834072828292847
0.6867790818214417
1.0
0.7178349494934082
0.1774622946977615
0.018633540719747543
0.1251109093427658
0.10603372007608412
0.11224489659070969
0.08473823964595793
0.09937888383865356
0.11668145656585692
0.09094942361116408
0.10470274835824966
0.08606921136379243
0.12644188106060028
0.12999112904071808
0.16370895504951477
0.13886423408985135
0.10869564861059187
0.0
0.0
0.0
0.0
0.0
0.0
0.0
0.0
0.0
0.0
0.0
0.0
0.0
0.0
0.0
0.0
0.0
0.0
0.0
0.0
0.0
0.0
0.0
0.0
0.0
0.0
0.0
0.0
0.0
