0.9195923209190368
0.3420158624649048
0.3941109776496887
0.32616081833839417
0.3374858498573303
0.2695356607437134
0.2061155140399933
0.1993204951286316
0.21177802979946136
0.172140434384346
0.21404303610324857
0.1710079312324524
0.17327293753623962
0.20498301088809967
0.1857304573059082
0.1812004595994949
0.16194790601730347
0.19026046991348264
0.21630804240703583
0.17327293753623962
0.20385050773620603
0.18233296275138852
0.18346546590328217
0.22536806762218475
0.16421291232109067
0.18912796676158905
0.16647791862487793
0.14496035873889923
0.14835786819458008
0.07587768882513046
0.12231030315160751
0.07927519828081131
0.08607021719217299
0.14156284928321838
0.12684032320976257
0.1936579793691635
0.172140434384346
0.17553794384002683
0.1857304573059082
0.18233296275138852
0.21857304871082303
0.20724801719188687
0.21291053295135495
0.23442809283733368
0.20498301088809967
0.22536806762218475
0.2219705581665039
0.21970555186271667
0.23669309914112088
0.19139297306537628
0.23782558739185333
0.2015855014324188
0.22310306131839752
0.2514156401157379
0.1993204951286316
0.23782558739185333
0.23556059598922727
0.2287655770778656
0.26500564813613886
0.23895809054374692
0.2729331851005554
0.227633073925972
0.2332955896854401
0.2332955896854401
0.20498301088809967
0.23103058338165283
0.2219705581665039
0.23895809054374692
0.27519819140434265
0.20951302349567413
0.24122309684753415
0.23442809283733368
0.2208380550146103
0.23556059598922727
0.21064552664756772
0.23442809283733368
0.19479048252105713
0.21630804240703583
0.2434881031513214
0.2151755392551422
0.22536806762218475
0.21177802979946136
0.2004529982805252
0.24688561260700223
0.19252547621726987
0.23216308653354645
0.23556059598922727
0.2298980802297592
0.24235559999942777
0.2219705581665039
0.2332955896854401
0.2491506189107895
0.34088334441185
0.37599092721939087
0.3782559335231781
0.4031710028648376
0.43827858567237854
0.40770101547241205
0.4156285524368286
0.3590033948421478
0.3624009191989898
0.26613816618919367
0.21744054555892944
0.20498301088809967
0.16647791862487793
0.2004529982805252
0.15968289971351624
0.16874292492866516
0.20385050773620603
0.12231030315160751
0.05775764584541321
0.0
0.07701019197702406
0.07587768882513046
0.5911664962768555
1.0
0.35107588768005366
0.4507361352443695
0.387315958738327
0.40883353352546686
0.31030577421188354
0.24575310945510864
0.2570781409740448
0.2570781409740448
0.20951302349567413
0.2219705581665039
0.2004529982805252
0.21291053295135495
0.23669309914112088
0.22310306131839752
0.2559456527233124
0.20724801719188687
