1.0
0.43268665671348566
0.1657848358154297
0.1111111119389534
0.08230452984571457
0.07054673880338669
0.0634920671582222
0.07113462686538696
0.05349794402718544
0.04938271641731262
0.06525573134422302
0.05349794402718544
0.06878306716680527
0.05702527984976768
0.05349794402718544
0.07054673880338669
0.05702527984976768
0.08465608209371567
0.06878306716680527
0.07172251492738724
0.11052322387695312
0.08583186566829681
0.1111111119389534
0.10640799254179
0.12051734328269958
0.14168135821819303
0.14638447761535645
0.18048207461833957
0.18812462687492368
0.21869488060474396
0.24632568657398224
0.2539682686328888
0.29805997014045715
0.2857142984867096
0.29570841789245605
0.3021751940250397
0.27454438805580134
0.26690182089805603
0.24338623881340024
0.2263374477624893
0.1975308656692505
0.1699000597000122
0.15696649253368375
0.12110523134469985
0.13227513432502747
0.12992356717586517
0.10111699253320693
0.11287477612495422
0.09758965671062467
0.1017048805952072
0.12051734328269958
0.1040564402937889
0.11934156715869904
0.1087595522403717
0.11816578358411788
0.11816578358411788
0.10758377611637115
0.09876543283462524
0.1040564402937889
0.09758965671062467
0.11699000746011734
0.09935332089662553
0.11699000746011734
0.09935332089662553
0.08935920149087907
0.10640799254179
0.08465608209371567
0.08524397760629654
0.09171076118946077
0.08994708955287933
0.08524397760629654
0.07172251492738724
0.08641975373029709
0.08759552985429764
0.10052909702062605
0.08465608209371567
0.07701352238655089
0.08700764179229736
0.08054085820913315
0.08935920149087907
0.09406231343746184
0.07407407462596893
0.08465608209371567
0.1040564402937889
0.1381540298461914
0.15990594029426575
0.17283950746059415
0.22045855224132535
0.20517343282699585
0.2251616716384888
0.1975308656692505
0.16402116417884827
0.11816578358411788
0.09112286567687987
0.03997648507356644
0.05055849626660346
0.03115814179182053
0.051146384328603745
0.05055849626660346
0.05584950000047684
0.05643738806247711
0.02527924813330173
0.0
0.15108759701251984
0.49617871642112726
0.9935331940650942
0.60317462682724
0.18459729850292203
0.13227513432502747
0.06407995522022247
0.07877718657255171
0.04409170895814896
0.07818929851055145
0.047031156718730927
0.05349794402718544
0.058201059699058526
0.058201059699058526
0.0658436194062233
0.05702527984976768
0.05937683582305908
0.0634920671582222
0.0658436194062233
0.06290417164564133
0.05878894776105881
0.07642563432455063
0.08583186566829681
0.0
0.0
0.0
0.0
0.0
0.0
