1.0
0.899575650691986
0.6317774653434753
0.34512022137641907
0.191890612244606
0.13955681025981903
0.10561056435108183
0.10089580714702606
0.10372465848922728
0.0966525226831436
0.09382367134094238
0.09005185961723326
0.0891089141368866
0.09806694835424425
0.10843941569328308
0.11079679429531096
0.10843941569328308
0.12022630870342255
0.14945779740810394
0.15605846047401428
0.15935879945755005
0.18481847643852237
0.19754832983016968
0.21735030412673953
0.23290900886058807
0.23998114466667173
0.24893918633461
0.25365394353866577
0.2588401734828949
0.26072606444358826
0.25082507729530334
0.2385667115449905
0.20462046563625333
0.1805752068758011
0.15700142085552216
0.13484205305576324
0.118340402841568
0.11504007875919342
0.1159830242395401
0.10231023281812668
0.10561056435108183
0.1074964627623558
0.10561056435108183
0.11456859856843948
0.1074964627623558
0.11079679429531096
0.11456859856843948
0.11126826703548431
0.118340402841568
0.12069778144359589
0.10985384136438368
0.10372465848922728
0.118340402841568
0.1122112199664116
0.10183875262737274
0.10655350983142851
0.10561056435108183
0.11126826703548431
0.09712399542331696
0.09429514408111571
0.09193776547908784
0.09476661682128906
0.08439415693283081
0.11315417289733885
0.12682697176933289
0.1527581363916397
0.16454502940177915
0.19754832983016968
0.20509193837642667
0.2088637501001358
0.21452145278453824
0.2013201266527176
0.17680339515209198
0.14002828299999237
0.1136256456375122
0.09476661682128906
0.08486562967300415
0.10796794295310974
0.06129184365272521
0.0
0.12541253864765167
0.34323433041572565
0.6412069797515869
0.9146628975868224
0.8783592581748961
0.5511550903320312
0.29750117659568787
0.1782178282737732
0.125884011387825
0.09429514408111571
0.09523809701204303
0.08958038687705994
0.08533710241317749
0.08297972381114958
0.08722300827503203
0.07402168959379196
0.07967939972877502
0.09476661682128906
0.09523809701204303
0.0
0.0
0.0
0.0
0.0
0.0
0.0
0.0
0.0
0.0
0.0
0.0
0.0
0.0
0.0
0.0
0.0
0.0
0.0
0.0
0.0
0.0
0.0
0.0
0.0
0.0
0.0
0.0
0.0
0.0
0.0
0.0
0.0
