0.9725651741027832
1.0
0.9567901492118835
0.6364883184432983
0.3395061790943146
0.11659807711839676
0.0418381355702877
0.13648833334445953
0.2572016417980194
0.39300411939620966
0.5017147064208984
0.617969810962677
0.6868998408317566
0.715706467628479
0.715706467628479
0.7218793034553527
0.732167363166809
0.7256515622138977
0.7263374328613281
0.7246227860450744
0.7259945273399354
0.7328532338142395
0.7386831045150756
0.7462276816368102
0.7465706467628478
0.7527434825897216
0.7654321193695068
0.7668038606643677
0.7729766964912415
0.7873799800872802
0.8004115223884583
0.8134430646896361
0.8161865472793579
0.8285322189331055
0.832304537296295
0.8281893134117126
0.8305898308753966
0.8196159005165101
0.8086419701576234
0.7842935323715211
0.7582304477691649
0.7338820099830627
0.725308656692505
0.7256515622138977
0.7218793034553527
0.7112482786178589
0.7071330547332764
0.6971879005432129
0.7009602189064026
0.7009602189064026
0.6982167363166809
0.6971879005432129
0.687585711479187
0.693415641784668
0.6910150647163391
0.6968449950218201
0.7019890546798706
0.6995884776115417
0.7050754427909851
0.7009602189064026
0.7040466666221619
0.714677631855011
0.7126200199127197
0.7222222089767456
0.7184499502182007
0.7266803979873657
0.7338820099830627
0.7181069850921631
0.71330589056015
0.71330589056015
0.6999313831329346
0.68038409948349
0.6772976517677307
0.6831275820732117
0.6910150647163391
0.6951302886009216
0.6989026069641113
0.6899862885475159
0.687585711479187
0.6862139701843262
0.679355263710022
0.68038409948349
0.6820987462997437
0.688614547252655
0.6848422288894653
0.6868998408317566
0.706447184085846
0.8062414526939392
0.9183813333511353
0.9519890546798706
0.9286693930625917
0.7537723183631898
0.3525377213954925
0.09224965423345564
0.0
0.06447187811136246
0.18895748257637024
0.30761316418647766
0.44032922387123113
0.5445815920829773
0.6265432238578796
0.6649519801139832
0.6628943681716919
0.0
0.0
0.0
0.0
0.0
0.0
0.0
0.0
0.0
0.0
0.0
0.0
0.0
0.0
0.0
0.0
0.0
0.0
0.0
0.0
0.0
0.0
0.0
0.0
0.0
0.0
0.0
0.0
0.0
