0.8536324501037597
1.0
0.5352563858032227
0.18803419172763824
0.19391025602817533
0.2195512801408768
0.35683760046958923
0.48557692766189575
0.4871794879436493
0.5053418874740601
0.5160256624221802
0.5165598392486572
0.5512820482254028
0.5299145579338074
0.5245726704597473
0.5357906222343445
0.555021345615387
0.5721153616905212
0.5705128312110901
0.5769230723381041
0.5892093777656555
0.5625
0.563034176826477
0.55982905626297
0.5865384340286255
0.5721153616905212
0.5502136945724487
0.5464743375778198
0.5315170884132385
0.5438033938407898
0.5341880321502686
0.5069444179534912
0.497863233089447
0.469551295042038
0.4770299196243286
0.4802350401878357
0.4572649598121643
0.4823718070983887
0.4764957129955292
0.47168803215026855
0.47275641560554493
0.4391025602817536
0.44818377494812006
0.47756409645080566
0.4513888955116272
0.45299145579338074
0.44658118486404413
0.45352563261985773
0.43803417682647705
0.44284188747406006
0.44604700803756714
0.4524572789669037
0.4572649598121643
0.4305555522441864
0.43376067280769354
0.43376067280769354
0.42841881513595587
0.44658118486404413
0.4305555522441864
0.4391025602817536
0.4471153914928436
0.41613247990608215
0.43589743971824646
0.45085468888282776
0.4385683834552765
0.4722222089767456
0.48931622505187994
0.49465811252594
0.5058760643005371
0.5186966061592102
0.5192307829856873
0.47275641560554493
0.4732905924320221
0.4385683834552765
0.4294871687889099
0.3915598392486572
0.3482905924320221
0.3482905924320221
0.32692307233810425
0.3226495683193207
0.3135683834552765
0.310363233089447
0.3258546888828277
0.2302350401878357
0.2569444477558136
0.5705128312110901
0.8194444179534912
0.44070512056350714
0.03952991589903832
0.04166666790843009
0.0
0.1041666641831398
0.2756410241127014
0.2879273593425751
0.3087606728076935
0.3034188151359558
0.30715811252593994
0.3205128312110901
0.3135683834552765
0.32852563261985773
0.33707264065742487
0.3221153914928436
0.342414528131485
0.0
0.0
0.0
0.0
0.0
0.0
0.0
0.0
0.0
0.0
0.0
0.0
0.0
0.0
0.0
0.0
0.0
0.0
0.0
0.0
0.0
0.0
0.0
0.0
0.0
0.0
0.0
0.0
0.0
