1.0
0.5854833126068115
0.3429652452468872
0.10595115274190901
0.016511868685483932
0.07671138644218445
0.15239077806472778
0.23013415932655332
0.2573099434375763
0.2569659352302551
0.29342964291572565
0.2930856645107269
0.2779497802257538
0.29652562737464905
0.2841417193412781
0.3054695427417755
0.2848297357559204
0.2899896800518036
0.3016855716705322
0.28070175647735596
0.3082215487957001
0.29893359541893005
0.2961816191673279
0.323701411485672
0.31166151165962214
0.34021326899528503
0.3433092534542084
0.350189208984375
0.38252493739128113
0.4035087823867798
0.45579636096954346
0.46233230829238886
0.47093224525451666
0.49535602331161493
0.47471621632575994
0.4974200129508972
0.4688682556152344
0.44582042098045355
0.435156524181366
0.3770209848880768
0.3722050189971924
0.34124526381492615
0.30856552720069885
0.31200549006462097
0.27003782987594604
0.2734778225421905
0.2514619827270508
0.2438940554857254
0.2583419382572174
0.23288613557815552
0.2590299248695373
0.24836601316928864
0.2549019753932953
0.2610939145088196
0.2407980710268021
0.2645338773727417
0.25077399611473083
0.2542139589786529
0.2793257534503937
0.2621259093284607
0.28310972452163696
0.280013769865036
0.27003782987594604
0.280013769865036
0.2621259093284607
0.28586170077323914
0.2669418752193451
0.25799793004989624
0.2645338773727417
0.24836601316928864
0.2669418752193451
0.2635018825531006
0.24836601316928864
0.2693498432636261
0.24802201986312863
0.2617819011211395
0.24699002504348755
0.24114206433296204
0.2624698877334595
0.23288613557815552
0.25455796718597407
0.24251805245876312
0.2407980710268021
0.251118004322052
0.2332301288843155
0.2631579041481018
0.24699002504348755
0.2407980710268021
0.2610939145088196
0.239078089594841
0.253525972366333
0.2456140369176865
0.239078089594841
0.251118004322052
0.23735810816287997
0.24974200129508967
0.2524939775466919
0.2456140369176865
0.26143792271614075
0.22807016968727112
0.25662195682525635
0.2500860095024109
0.25180599093437195
0.268317848443985
0.2407980710268021
0.2686618566513061
0.2573099434375763
0.251118004322052
0.2621259093284607
0.23735810816287997
0.2597179114818573
0.2542139589786529
0.24320605397224423
0.2686618566513061
0.23839008808135984
0.2638458907604217
0.2586859166622162
0.24733401834964752
0.2665978670120239
0.2514619827270508
0.2679738700389862
0.253525972366333
0.25799793004989624
0.2920536696910858
0.27485379576683044
0.31097352504730225
0.3034055829048157
0.3209494352340698
0.34468525648117065
0.29755762219429016
0.32060542702674866
0.2930856645107269
