1.0
0.6423913240432739
0.570652186870575
0.27989131212234497
0.16847826540470123
0.125543475151062
0.056521739810705185
0.06141304224729537
0.03478260710835457
0.03586956486105919
0.05054347962141037
0.02771739102900028
0.039673913270235055
0.04945652186870575
0.05543478205800056
0.06576087325811386
0.044021740555763245
0.06195652112364769
0.0673913061618805
0.06576087325811386
0.094021737575531
0.08260869234800337
0.12228260934352873
0.11956521868705748
0.134782612323761
0.166304349899292
0.16249999403953552
0.18423913419246676
0.1826086938381195
0.1739130467176437
0.17826086282730103
0.14891304075717926
0.15543478727340698
0.11739130318164824
0.11847826093435287
0.12445652484893797
0.09021738916635512
0.1097826063632965
0.09510869532823561
0.08913043141365051
0.11847826093435287
0.10597825795412064
0.10760869830846786
0.09619565308094025
0.10815217345952988
0.11086956411600112
0.09239130467176435
0.10815217345952988
0.09836956858634947
0.07663043588399887
0.09021738916635512
0.06684782356023788
0.07717391103506088
0.07173912972211838
0.07554347813129425
0.08586956560611725
0.06684782356023788
0.07608695328235626
0.0673913061618805
0.06902173906564713
0.08260869234800337
0.04619565233588219
0.06304347515106201
0.057608693838119514
0.04782608523964882
0.06684782356023788
0.05054347962141037
0.06684782356023788
0.06195652112364769
0.09293477982282639
0.15271739661693573
0.18043477833271024
0.208152174949646
0.219021737575531
0.20923912525177
0.22282609343528748
0.188586950302124
0.14945651590824127
0.09782608598470688
0.05271739140152931
0.06576087325811386
0.03586956486105919
0.03586956486105919
0.029347825795412064
0.03532608598470688
0.041847825050354
0.007608695421367883
0.045108694583177567
0.17282608151435852
0.5701087117195128
0.977173924446106
0.6717391014099121
0.6070652008056641
0.29456523060798645
0.1619565188884735
0.11739130318164824
0.03858695551753044
0.0364130437374115
0.019565217196941372
0.005978260654956102
0.018478261306881905
0.0
0.005978260654956102
0.017934782430529594
0.01304347813129425
0.030978260561823845
0.0
0.0
0.0
0.0
0.0
0.0
0.0
0.0
0.0
0.0
0.0
0.0
0.0
0.0
0.0
0.0
0.0
0.0
0.0
0.0
0.0
0.0
0.0
0.0
0.0
0.0
