1.0
0.26237234473228455
0.08719559758901597
0.05027494207024574
0.17203456163406372
0.23487824201583865
0.2930086553096771
0.32757267355918884
0.35585230588912964
0.38727414608001703
0.3786331415176392
0.39512962102890015
0.4092694520950317
0.4218381643295288
0.4296936392784119
0.4218381643295288
0.42026707530021673
0.42262372374534607
0.42890807986259455
0.42890807986259455
0.43676355481147766
0.43047916889190674
0.45090338587760925
0.46111547946929926
0.4642576575279236
0.4634721279144287
0.45326000452041626
0.46032992005348206
0.45797330141067505
0.4776119291782379
0.4634721279144287
0.45561665296554565
0.46582874655723566
0.466614305973053
0.49567949771881104
0.4548310935497284
0.42733699083328247
0.42026707530021673
0.41633936762809753
0.42498037219047546
0.4069128036499024
0.393558531999588
0.3974862396717072
0.4076983630657196
0.43990573287010193
0.4218381643295288
0.4084838926792145
0.38727414608001703
0.3990573585033417
0.42262372374534607
0.40141397714614874
0.393558531999588
0.3707776963710785
0.3904163539409637
0.4076983630657196
0.39120188355445856
0.38256087899208074
0.3864886164665222
0.4328358173370361
0.4681853950023651
0.46190100908279413
0.5011783242225647
0.5129615068435669
0.5192458629608153
0.5577376484870912
0.4901806712150574
0.4595443904399872
0.43362137675285334
0.42026707530021673
0.42105263471603394
0.3927729725837708
0.3754909634590149
0.3699921369552612
0.3605656027793884
0.38256087899208074
0.3597800433635712
0.33935585618019104
0.3267871141433716
0.35271012783050537
0.4933228492736816
0.4933228492736816
0.6834250092506409
0.9560094475746154
0.2592301666736603
0.07305577397346497
0.0
0.18538884818553925
0.28043991327285767
0.33464258909225464
0.3754909634590149
0.3597800433635712
0.3802042305469513
0.3802042305469513
0.393558531999588
0.4218381643295288
0.39512962102890015
0.42026707530021673
0.4139827191829681
0.41791045665740967
0.0
0.0
0.0
0.0
0.0
0.0
0.0
0.0
0.0
0.0
0.0
0.0
0.0
0.0
0.0
0.0
0.0
0.0
0.0
0.0
0.0
0.0
0.0
0.0
0.0
0.0
0.0
0.0
0.0
0.0
0.0
0.0
0.0
