1.0
0.676909565925598
0.4503950774669647
0.05882352963089943
0.0
0.129938542842865
0.2256365269422531
0.215100958943367
0.23705004155635837
0.22914837300777435
0.2326602339744568
0.2783143222332001
0.24319578707218167
0.23792800307273865
0.24319578707218167
0.2625109851360321
0.2976295053958893
0.25987708568573
0.2985074520111084
0.29323968291282654
0.3107989430427551
0.35469710826873774
0.3371378481388092
0.3801580369472504
0.4117647111415863
0.4565408229827881
0.4925373196601868
0.4969271421432495
0.5706760287284851
0.6075505018234253
0.6426690220832825
0.7120280861854553
0.6760315895080566
0.6733977198600769
0.63564532995224
0.5794556736946106
0.5496048927307129
0.46356454491615295
0.446005254983902
0.4091308116912842
0.3889376521110535
0.38103598356246954
0.3380157947540283
0.3467954397201538
0.3459174633026123
0.3450395166873932
0.366110622882843
0.31167691946029663
0.3371378481388092
0.32748025655746454
0.3353819251060486
0.3538191318511963
0.32133451104164124
0.33977171778678894
0.3353819251060486
0.34152767062187195
0.35557505488395685
0.3388937711715698
0.34152767062187195
0.3450395166873932
0.3345039486885071
0.3485513627529144
0.3318700492382049
0.3485513627529144
0.35030728578567505
0.3345039486885071
0.35030728578567505
0.32309043407440186
0.33099210262298584
0.34767338633537287
0.3450395166873932
0.41966637969017034
0.4266900718212128
0.46180859208106995
0.46444249153137207
0.5478489995002747
0.6075505018234253
0.5724319815635681
0.5531167984008789
0.46268656849861145
0.42493414878845215
0.39244952797889704
0.32133451104164124
0.32133451104164124
0.2827041149139404
0.29236170649528503
0.2976295053958893
0.28446003794670105
0.3292361795902252
0.33099210262298584
0.2967515289783478
0.6971027255058289
0.9885864853858948
0.5496048927307129
0.3380157947540283
0.05794556811451912
0.12642669677734375
0.2256365269422531
0.2730465233325958
0.28182616829872126
0.2914837598800659
0.32221245765686035
0.3072870969772339
0.31782266497612
0.316066712141037
0.31782266497612
0.35206320881843567
0.32835820317268366
0.3187006115913391
0.36698859930038447
0.0
0.0
0.0
0.0
0.0
0.0
0.0
0.0
0.0
0.0
0.0
0.0
0.0
0.0
0.0
0.0
0.0
0.0
0.0
0.0
0.0
0.0
