1.0
0.39096266031265253
0.19597250223159793
0.417976438999176
0.36198428273200983
0.3177799582481384
0.22986248135566711
0.21463654935359955
0.21070726215839383
0.23133595287799835
0.22740668058395383
0.24017681181430817
0.2391944974660873
0.23968565464019773
0.23084479570388797
0.23870334029197687
0.24263261258602145
0.242141455411911
0.23673869669437408
0.20776031911373136
0.21856582164764404
0.21807464957237244
0.2087426334619522
0.17779961228370667
0.17387033998966217
0.14047151803970337
0.10510805249214172
0.10117878019809722
0.0839882120490074
0.05157170817255974
0.03241650387644768
0.0
0.01817288808524609
0.03880157321691513
0.06286837160587311
0.091355599462986
0.1168958768248558
0.12917485833168027
0.166011780500412
0.18123772740364075
0.20137524604797363
0.21168959140777588
0.22838899493217468
0.23870334029197687
0.2161100208759308
0.2563850581645965
0.24312376976013184
0.26031434535980225
0.25982317328453064
0.2622789740562439
0.25785854458808893
0.2676817178726196
0.2868369221687317
0.3290766179561615
0.3501964509487152
0.3590373396873474
0.37671905755996704
0.4130648374557495
0.3840864300727844
0.3506876230239868
0.34774067997932434
0.32318270206451416
0.2799607217311859
0.23870334029197687
0.2337917536497116
0.22691552340984344
0.22445972263813016
0.21119843423366544
0.21070726215839383
0.21856582164764404
0.23133595287799835
0.22789783775806427
0.21954813599586487
0.2156188637018204
0.217583492398262
0.19597250223159793
0.18025539815425873
0.05206286907196045
0.07514734566211699
0.1890962719917297
0.5736738443374634
0.8973477482795715
0.3605107963085175
0.17681728303432465
0.39734774827957153
0.3840864300727844
0.32220038771629333
0.25245580077171326
0.22396856546401975
0.22102160751819608
0.2156188637018204
0.22445972263813016
0.23035363852977753
0.24066796898841855
0.24066796898841855
0.24017681181430817
0.2328094244003296
0.23870334029197687
0.25540274381637573
0.0
0.0
0.0
0.0
0.0
0.0
0.0
0.0
0.0
0.0
0.0
0.0
0.0
0.0
0.0
0.0
0.0
0.0
0.0
0.0
0.0
0.0
0.0
0.0
0.0
0.0
0.0
0.0
0.0
0.0
0.0
0.0
0.0
