1.0
0.4543194472789765
0.22374145686626437
0.40397763252258306
0.46923553943634033
0.3983840942382813
0.2840273380279541
0.2579241693019867
0.2610316872596741
0.2554381489753723
0.2722187638282776
0.2678682506084442
0.26413920521736145
0.29086390137672424
0.29707893729209894
0.26662522554397583
0.273461788892746
0.2573026716709137
0.25108763575553894
0.26165321469306946
0.2467371076345444
0.23430702090263367
0.2311995029449463
0.2200124263763428
0.14667494595050812
0.12927283346652985
0.09695462882518768
0.09509012103080748
0.03231820836663246
0.029210690408945084
0.013673088513314724
0.007458048406988382
0.020509634166955948
0.019888129085302353
0.07147296518087387
0.10130515694618224
0.13859540224075317
0.12181479483842848
0.16967059671878815
0.1858297139406204
0.20696084201335904
0.22622747719287872
0.27159726619720453
0.2318210005760193
0.25046613812446594
0.2423865795135498
0.29086390137672424
0.2728402614593506
0.31821006536483765
0.2796768248081207
0.30826601386070246
0.3225606083869934
0.3604723513126373
0.367308884859085
0.38968303799629206
0.45121192932128906
0.47917962074279785
0.46799254417419434
0.42200124263763433
0.3996270895004272
0.38968303799629206
0.3269111216068268
0.26165321469306946
0.24922311305999756
0.2678682506084442
0.24984462559223172
0.2529521584510803
0.2430080771446228
0.2560596764087677
0.27408328652381897
0.2417650669813156
0.23244251310825348
0.23617152869701383
0.2243629544973373
0.24362958967685697
0.20820385217666623
0.09881914407014848
0.0
0.04350528120994568
0.4170292019844055
0.8483530282974243
0.6575512886047363
0.21006835997104645
0.3132380247116089
0.46985706686973566
0.36979490518569946
0.3008079528808594
0.20633934438228607
0.22125543653965
0.24984462559223172
0.2200124263763428
0.24860161542892456
0.24362958967685697
0.23555003106594083
0.2417650669813156
0.2479801177978516
0.0
0.0
0.0
0.0
0.0
0.0
0.0
0.0
0.0
0.0
0.0
0.0
0.0
0.0
0.0
0.0
0.0
0.0
0.0
0.0
0.0
0.0
0.0
0.0
0.0
0.0
0.0
0.0
0.0
0.0
0.0
0.0
0.0
0.0
0.0
0.0
