1.0
0.8610229492187501
0.5746031999588013
0.3703703582286834
0.25996473431587214
0.1922398656606674
0.1428571492433548
0.1467372179031372
0.11957672238349915
0.09911816567182541
0.09594356268644333
0.09171076118946077
0.09417989104986191
0.10158730298280716
0.09664902836084364
0.11922398954629898
0.11040564626455308
0.10546737164258956
0.11040564626455308
0.12451498955488204
0.14638447761535645
0.1608465611934662
0.14215166866779327
0.16296295821666715
0.16296295821666715
0.19717812538146967
0.21904762089252472
0.24338623881340024
0.25537919998168945
0.27830687165260315
0.32345679402351374
0.34462082386016846
0.3728395104408264
0.3791887164115906
0.3911816477775574
0.4077601432800293
0.40176367759704584
0.3534391522407532
0.3294532597064972
0.28324514627456665
0.25291004776954645
0.21375662088394165
0.1827160567045212
0.15555556118488312
0.1358024626970291
0.1358024626970291
0.13015873730182648
0.1231040582060814
0.10370370000600813
0.10687831044197083
0.10582010447978972
0.11322751641273499
0.107231043279171
0.10052909702062605
0.10440917313098907
0.10793650895357132
0.1149911805987358
0.10370370000600813
0.10934744030237196
0.10793650895357132
0.10264550149440764
0.10194003582000732
0.10828924179077148
0.09841269999742511
0.10052909702062605
0.09664902836084364
0.08888889104127885
0.08783068507909775
0.10088183730840682
0.0881834179162979
0.0804232805967331
0.07619047909975053
0.07195767015218735
0.07442680746316908
0.0694885328412056
0.0525573194026947
0.06419753283262253
0.06455026566982269
0.059259258210659034
0.06490299850702286
0.05890652537345886
0.056084655225276954
0.05326278507709503
0.05784832313656807
0.04761904850602149
0.057495590299367905
0.05149911716580391
0.04585538059473038
0.04303351044654846
0.047971781343221664
0.04444444552063941
0.055026456713676446
0.047971781343221664
0.05714285746216773
0.053615521639585495
0.09029982239007948
0.10370370000600813
0.09700176119804382
0.11358024924993516
0.12910053133964539
0.1269841343164444
0.1111111119389534
0.12804232537746427
0.12063492089509964
0.07795414328575134
0.043386243283748634
0.01975308731198311
0.022222222760319706
0.022574955597519875
0.00035273368121124804
0.0021164021454751487
0.0
0.0074074072763323775
0.011640211567282677
0.01657848246395588
0.02116402052342892
0.05961199477314949
0.15414461493492126
0.3622575104236602
0.7700176239013671
0.9943562746047971
0.6853615641593933
0.4038800597190857
0.2987654209136963
0.21128748357295987
0.14391534030437467
0.12451498955488204
0.11075837910175323
0.09770723432302475
0.08183421194553374
0.09135802835226059
0.07830687612295151
