1.0
0.7070949077606201
0.32310643792152405
0.16059443354606628
0.1548417955636978
0.23058484494686127
0.3696069121360778
0.3935762345790863
0.4103547334671021
0.4256951212882996
0.4419942498207092
0.4453499615192413
0.45925214886665344
0.4846596419811249
0.49137103557586664
0.4741131365299225
0.4491850435733795
0.46069031953811646
0.47315436601638794
0.4712368249893189
0.4789069890975952
0.48370087146759033
0.4755513072013855
0.4956855177879333
0.5177372694015503
0.47986575961112976
0.4242569506168365
0.45637583732604975
0.45014381408691406
0.4348034560680389
0.42186000943183893
0.396931916475296
0.4180249273777008
0.3930968344211578
0.40028762817382807
0.3542665243148804
0.38734421133995056
0.38207095861434937
0.3518696129322052
0.36433365941047674
0.37679770588874817
0.37488016486167913
0.3791946172714233
0.3782358467578888
0.35282838344573975
0.37200382351875305
0.36049854755401606
0.3950143754482269
0.35618409514427185
0.38926175236701965
0.3724832236766815
0.36289548873901367
0.37488016486167913
0.3633748888969421
0.35091084241867065
0.37967401742935186
0.35474592447280884
0.36816874146461487
0.3691275119781494
0.3729625940322876
0.41179290413856506
0.4194630980491638
0.44582933187484736
0.43959730863571167
0.5081495642662048
0.47219559550285334
0.45637583732604975
0.4271332621574402
0.42473635077476496
0.4046021103858948
0.4022051692008972
0.3667305707931519
0.3226270377635956
0.31303930282592773
0.25838926434516907
0.3044103682041168
0.2905081510543823
0.3322147727012634
0.33461168408393854
0.26222434639930725
0.34084370732307434
0.7272291183471679
0.794822633266449
0.3116011619567871
0.0
0.037871524691581726
0.08293384313583374
0.20278044044971463
0.2823585867881775
0.31303930282592773
0.32118886709213257
0.308245450258255
0.3245445787906647
0.3245445787906647
0.33365291357040405
0.3489933013916016
0.3432406485080719
0.3422818779945373
0.3470757305622101
0.3485139012336731
0.3801534175872802
0.0
0.0
0.0
0.0
0.0
0.0
0.0
0.0
0.0
0.0
0.0
0.0
0.0
0.0
0.0
0.0
0.0
0.0
0.0
0.0
0.0
0.0
0.0
0.0
0.0
0.0
0.0
0.0
0.0
0.0
0.0
