1.0
0.7024620175361633
0.44787847995758057
0.4091147184371948
0.34677842259407043
0.3656364679336548
0.2902042865753174
0.3279203772544861
0.3431115746498108
0.3829230070114136
0.28968045115470886
0.32634887099266047
0.3562074303627014
0.3619696199893952
0.3745416402816773
0.37139862775802607
0.36982712149620056
0.37558931112289434
0.391828179359436
0.38239917159080505
0.4080670475959778
0.3514929413795471
0.38239917159080505
0.3876374959945679
0.39811420440673834
0.3530644178390503
0.35463592410087585
0.391828179359436
0.36982712149620056
0.3944473564624786
0.36720797419548035
0.36773180961608887
0.33158722519874567
0.3410162329673767
0.348349928855896
0.30958616733551025
0.2970141470432281
0.3378732204437256
0.3284442126750946
0.33525407314300537
0.35673126578330994
0.33473023772239685
0.32949188351631165
0.3556835949420929
0.3310633897781372
0.37349396944046015
0.3530644178390503
0.31168150901794434
0.3080146610736847
0.3357779085636139
0.32634887099266047
0.3363017141819
0.3635411262512207
0.303300142288208
0.32949188351631165
0.31744369864463806
0.3331587314605713
0.3530644178390503
0.3064431548118592
0.3190152049064636
0.3237296938896179
0.3525405824184418
0.3687794804573059
0.38868516683578486
0.4347825944423676
0.4415924549102783
0.5023572444915771
0.4960712492465973
0.45259296894073486
0.39235201478004456
0.38501834869384766
0.34677842259407043
0.31744369864463806
0.28706127405166626
0.282346785068512
0.29439496994018555
0.252488225698471
0.1995809376239777
0.08067050576210022
0.0
0.456783652305603
0.850183367729187
0.9842849373817443
0.84913569688797
0.5091670751571655
0.4112100601196289
0.29858565330505366
0.3420639038085937
0.33158722519874567
0.3279203772544861
0.3336825668811798
0.31953904032707214
0.37349396944046015
0.3462545871734619
0.3535882532596588
0.38030382990837097
0.3761131465435028
0.3635411262512207
0.37925615906715393
0.3818753361701965
0.0
0.0
0.0
0.0
0.0
0.0
0.0
0.0
0.0
0.0
0.0
0.0
0.0
0.0
0.0
0.0
0.0
0.0
0.0
0.0
0.0
0.0
0.0
0.0
0.0
0.0
0.0
0.0
0.0
0.0
0.0
0.0
