1.0
0.8294088244438171
0.4123246371746063
0.1605711430311203
0.14378757774829865
0.1325150281190872
0.10170340538024902
0.08942885696887971
0.08592184633016585
0.08391783386468886
0.08567134290933609
0.08742485195398329
0.08667334914207457
0.08892785757780075
0.08617234230041504
0.09018035978078842
0.09418837726116179
0.0969438850879669
0.10220441222190856
0.10020039975643157
0.10395791381597518
0.10871743410825728
0.10871743410825728
0.11472945660352706
0.12224449217319489
0.1287575215101242
0.13426853716373444
0.14378757774829865
0.15230460464954376
0.16282564401626587
0.17810621857643127
0.1923847645521164
0.1978957951068878
0.19438877701759336
0.18311622738838196
0.16783566772937775
0.15556111931800842
0.13902805745601654
0.12650300562381744
0.11848697066307068
0.10996993631124496
0.10621242225170135
0.10395791381597518
0.103707417845726
0.10070139914751051
0.10070139914751051
0.10170340538024902
0.09994989633560179
0.09468937665224077
0.09343687444925308
0.09744489192962646
0.09744489192962646
0.09819639474153519
0.09794589132070541
0.09719438850879668
0.0969438850879669
0.09719438850879668
0.09043086320161821
0.09218437224626541
0.09018035978078842
0.09018035978078842
0.08817635476589203
0.08116232603788374
0.09894789755344391
0.11047094315290452
0.1077154278755188
0.103707417845726
0.13201402127742767
0.13752505183219907
0.13001002371311188
0.1345190405845642
0.12900801002979279
0.11623246222734453
0.08567134290933609
0.08341683447360992
0.07264529168605804
0.06462925672531128
0.058116231113672256
0.05636272579431534
0.05335671454668045
0.051102206110954285
0.051102206110954285
0.048597194254398346
0.04734468832612038
0.03932865709066391
0.0
0.009769539348781107
0.18512023985385892
0.4308617115020752
0.6322645545005798
0.9814629554748536
0.717685341835022
0.32840681076049805
0.11623246222734453
0.10821643471717834
0.09268537163734435
0.06738477200269699
0.057364728301763535
0.05936873704195023
0.05586172267794609
0.05335671454668045
0.05260521173477173
0.05485972017049789
0.05711422860622407
0.056613225489854806
0.05586172267794609
0.0
0.0
0.0
0.0
0.0
0.0
0.0
0.0
0.0
0.0
0.0
0.0
0.0
0.0
0.0
0.0
0.0
0.0
0.0
0.0
0.0
0.0
0.0
0.0
0.0
0.0
