0.9882995486259459
0.34711387753486633
0.1981279253959656
0.0
0.1622464954853058
0.24648985266685483
0.280811220407486
0.31513261795043945
0.26833072304725647
0.3385335505008697
0.2917316555976868
0.3393135666847229
0.3416536748409271
0.3034321367740631
0.3767550587654114
0.34555381536483765
0.37285491824150085
0.3853354156017304
0.37831512093544006
0.4719188809394837
0.4102964103221893
0.4781591296195984
0.5132605433464049
0.5031201243400574
0.6006240248680115
0.6060842275619507
0.6794071793556212
0.7254289984703064
0.7152886390686035
0.7878314852714537
0.7285491228103637
0.714508593082428
0.6833073496818542
0.5967238545417786
0.5834633111953735
0.46411857008934015
0.4508580267429352
0.4180967211723328
0.3556942343711853
0.3759750425815582
0.32059282064437866
0.3299531936645508
0.3198128044605255
0.2956318259239197
0.3416536748409271
0.2971918880939484
0.3268330693244934
0.32605305314064026
0.2909516394138336
0.348673939704895
0.2917316555976868
0.31669268012046814
0.3299531936645508
0.2815912663936615
0.3424336910247803
0.27769109606742853
0.30031201243400574
0.30265212059021
0.26443058252334595
0.32605305314064026
0.2722308933734894
0.2917316555976868
0.30265212059021
0.25039002299308777
0.31669268012046814
0.2636505365371704
0.280811220407486
0.2956318259239197
0.29485177993774414
0.4352574050426483
0.4063962697982788
0.4063962697982788
0.46411857008934015
0.37831512093544006
0.38845553994178766
0.3065522611141205
0.332293301820755
0.30967238545417786
0.2363494485616684
0.2901715934276581
0.23712947964668277
0.269110769033432
0.27535101771354675
0.2254290133714676
0.285491406917572
0.2223088890314102
0.22854913771152496
0.3759750425815582
0.23166926205158236
0.8065522909164429
1.0
0.3143525719642639
0.1864274591207504
0.014820592477917671
0.19890795648097992
0.26599064469337463
0.3010920584201813
0.3229329288005829
0.2667706608772278
0.3244929909706116
0.2909516394138336
0.3182527422904968
0.3354134261608124
0.2917316555976868
0.37051481008529663
0.32761311531066895
0.3697347939014434
0.40015602111816406
0.3697347939014434
0.0
0.0
0.0
0.0
0.0
0.0
0.0
0.0
0.0
0.0
0.0
0.0
0.0
0.0
0.0
0.0
0.0
0.0
0.0
0.0
0.0
0.0
0.0
