1.0
0.3094555735588074
0.0
0.08978032320737839
0.4746896028518677
0.5625597238540649
0.5950334072113037
0.5682903528213501
0.6045845150947571
0.57402104139328
0.5921680927276611
0.6055396199226379
0.5873925685882568
0.6017192006111145
0.57402104139328
0.6074498295783997
0.6036294102668761
0.593123197555542
0.6332378387451172
0.6351480484008789
0.6475644707679749
0.6638013124465942
0.65329509973526
0.6838586330413817
0.6953199505805969
0.7230181694030762
0.7526265382766724
0.7898758649826051
0.8319006562232971
0.8328557610511779
0.861509084701538
0.9149952530860899
0.9054441452026368
0.9255014061927795
0.8834766149520874
0.8710601925849913
0.8242598176002502
0.7946513891220093
0.7812798619270324
0.7440305352210999
0.7392550110816956
0.7153772711753845
0.7029608488082886
0.6924546360969543
0.6790831089019775
0.6848137378692627
0.6819484233856201
0.6580706834793091
0.6714422106742859
0.6389684677124025
0.6513848900794983
0.6733524203300476
0.6303724646568297
0.65329509973526
0.6179560422897339
0.6552053689956665
0.6485195755958557
0.6399235725402832
0.6380133628845215
0.6313276290893555
0.6246418356895447
0.0
0.0
0.0
0.0
0.0
0.0
0.0
0.0
0.0
0.0
0.0
0.0
0.0
0.0
0.0
0.0
0.0
0.0
0.0
0.0
0.0
0.0
0.0
0.0
0.0
0.0
0.0
0.0
0.0
0.0
0.0
0.0
0.0
0.0
0.0
0.0
0.0
0.0
0.0
0.0
0.0
0.0
0.0
0.0
0.0
0.0
0.0
0.0
0.0
0.0
0.0
0.0
0.0
0.0
0.0
0.0
0.0
0.0
0.0
0.0
0.0
0.0
0.0
0.0
0.0
0.0
0.0
0.0
0.0
0.0
0.0
