1.0
0.6885812878608704
0.27989235520362854
0.1111111119389534
0.12687428295612335
0.1445597857236862
0.21299500763416288
0.2122260630130768
0.14840446412563324
0.08996539562940596
0.09803921729326248
0.10457516461610794
0.09496347606182097
0.09457901120185853
0.09265667200088501
0.0895809307694435
0.08112264424562454
0.07804690301418304
0.07074202597141266
0.06343714147806168
0.05843906104564666
0.06074586883187295
0.049980778247118
0.04459823295474053
0.029988465830683708
0.02768166176974773
0.024221453815698624
0.026143791154026985
0.03191080316901207
0.034602075815200806
0.03960015252232552
0.05536332353949546
0.0642060711979866
0.08573625236749649
0.08996539562940596
0.09188773483037949
0.11072664707899092
0.11226451396942139
0.1272587478160858
0.12302960455417632
0.13687042891979215
0.13610149919986725
0.1234140694141388
0.12610533833503723
0.12302960455417632
0.12495194375514984
0.12149173766374588
0.1253364086151123
0.13494808971881866
0.13840830326080322
0.13610149919986725
0.14186851680278778
0.1395617127418518
0.14109957218170166
0.14302191138267517
0.14033064246177673
0.14840446412563324
0.1507112681865692
0.1487889289855957
0.1395617127418518
0.13994617760181427
0.1426374465227127
0.13879276812076569
0.14725105464458463
0.14302191138267517
0.14609766006469727
0.14340637624263763
0.14609766006469727
0.14955785870552063
0.14609766006469727
0.14302191138267517
0.1445597857236862
0.1395617127418518
0.14609766006469727
0.14417532086372375
0.13840830326080322
0.14340637624263763
0.14033064246177673
0.14648212492465973
0.14148405194282532
0.13571703433990479
0.13917723298072815
0.14532871544361115
0.1741637885570526
0.2122260630130768
0.21068820357322687
0.22337561845779416
0.19723182916641235
0.2195309549570084
0.2322183847427368
0.22529795765876767
0.2149173468351364
0.2241445630788803
0.16032294929027557
0.1284121423959732
0.11034217476844788
0.1038062274456024
0.099961556494236
0.10303729027509688
0.09765474498271942
0.0265282578766346
0.0
0.16262975335121155
0.4836601316928864
0.971933901309967
0.0
0.0
0.0
0.0
0.0
0.0
0.0
0.0
0.0
0.0
0.0
0.0
0.0
0.0
0.0
0.0
0.0
0.0
0.0
0.0
0.0
0.0
0.0
0.0
0.0
0.0
0.0
