1.0
0.7604380846023558
0.28610539436340326
0.08761122822761534
0.04928131401538849
0.5284051895141602
0.6173853278160095
0.6242299675941467
0.653661847114563
0.6242299675941467
0.6673511266708374
0.6646133065223694
0.6543463468551636
0.6789869666099548
0.6741957664489746
0.6913073062896729
0.695414125919342
0.6741957664489746
0.6974675059318542
0.678302526473999
0.6967830061912537
0.695414125919342
0.6762491464614868
0.7145790457725525
0.7152635455131531
0.7426420450210571
0.7494866251945494
0.7446954250335692
0.7775496244430542
0.7816563844680786
0.8097193837165833
0.7891854643821715
0.7973990440368652
0.8220397233963012
0.7919233441352845
0.7857632040977478
0.7515400648117065
0.6981519460678101
0.7043120861053467
0.6591376066207886
0.6673511266708374
0.6420260071754456
0.6317590475082396
0.658453106880188
0.6324435472488403
0.6516084671020508
0.643394947052002
0.6358658671379088
0.6577686667442322
0.6392881870269775
0.6577686667442322
0.6666666865348816
0.6317590475082396
0.6694045066833496
0.6495550870895386
0.658453106880188
0.6748802065849304
0.6440793871879578
0.6796714663505553
0.6522929668426514
0.6721423864364624
0.6522929668426514
0.6351813673973083
0.673511266708374
0.6543463468551636
0.6714578866958617
0.670773446559906
0.6577686667442322
0.6721423864364624
0.6447638869285583
0.6673511266708374
0.6652977466583252
0.6646133065223694
0.6817248463630676
0.663244366645813
0.6824092864990233
0.7207392454147338
0.7173169255256653
0.733059525489807
0.767967164516449
0.7926077842712401
0.7624914646148682
0.7316906452178955
0.7460643649101257
0.6694045066833496
0.65571528673172
0.6290212273597717
0.6194387674331665
0.6283367276191713
0.6139630675315857
0.6262833476066588
0.5989048480987549
0.6050650477409363
0.6283367276191713
0.6036961078643799
0.6208076477050781
0.658453106880188
0.6255989074707031
0.6974675059318542
0.673511266708374
0.927446961402893
0.7056810259819031
0.2936345040798187
0.09514031559228896
0.0
0.4914442300796509
0.5804243683815001
0.6283367276191713
0.653661847114563
0.6303901672363281
0.6570841670036316
0.643394947052002
0.6618754267692566
0.6824092864990233
0.6550307869911194
0.6776180863380432
0.6577686667442322
0.6666666865348816
0.6913073062896729
0.6721423864364624
0.6837782263755798
0.6741957664489746
0.7070499658584595
0.7234770655632019
0.7063655257225037
0.7323750853538513
0.7227926254272462
0.7713894844055175
0.7871320843696593
0.7775496244430542
0.8145105838775634
0.7864476442337037
