0.9526559114456176
0.9578521847724913
0.742494225502014
0.3527713716030121
0.0687066987156868
0.05658198520541191
0.0
0.016743648797273636
0.05254041403532028
0.1068129315972328
0.15184757113456726
0.27655890583992004
0.3117782771587372
0.24711316823959353
0.224595844745636
0.19745957851409912
0.18360276520252228
0.17898383736610413
0.1784064620733261
0.18187066912651065
0.16628175973892212
0.1714780628681183
0.15531177818775177
0.16108545660972595
0.1749422699213028
0.1841801404953003
0.18187066912651065
0.19341801106929776
0.1893764436244965
0.1841801404953003
0.17378753423690796
0.21651269495487213
0.20727482438087463
0.18475750088691711
0.17667436599731445
0.1535796821117401
0.14491917192935944
0.1379907578229904
0.16339491307735443
0.16628175973892212
0.18360276520252228
0.1997690498828888
0.224595844745636
0.24364896118640897
0.2673210203647613
0.2846420407295227
0.300808310508728
0.3227482736110687
0.3371824622154236
0.3666281700134277
0.3545034527778625
0.3920323252677917
0.3718244731426239
0.3521939814090729
0.3585450351238251
0.3423787653446197
0.3158198595046997
0.3239029943943024
0.306581974029541
0.32967668771743774
0.30600461363792414
0.2875288724899292
0.28983834385871887
0.31351038813591003
0.3123556673526764
0.3215935230255127
0.3337182402610779
0.3117782771587372
0.3383371829986572
0.3527713716030121
0.3654734492301941
0.34180137515068054
0.33545035123825073
0.3244803547859192
0.34180137515068054
0.3163972198963165
0.3239029943943024
0.32909929752349854
0.3187066912651062
0.3244803547859192
0.33314087986946106
0.32909929752349854
0.3337182402610779
0.33949190378189087
0.3308314085006714
0.32332563400268555
0.3094688355922699
0.29272517561912537
0.29214781522750854
0.3054272532463074
0.29099306464195246
0.2800230979919433
0.2800230979919433
0.27944573760032654
0.28868359327316284
0.27598151564598083
0.2846420407295227
0.2615473568439484
0.2788683474063873
0.2655889093875885
0.2863741219043732
0.29561200737953186
0.2996535897254944
0.29561200737953186
0.3054272532463074
0.3094688355922699
0.30831408500671387
0.3094688355922699
0.31062355637550354
0.33602771162986755
0.3123556673526764
0.2973441183567047
0.2846420407295227
0.2806004583835602
0.2834872901439667
0.2690531313419342
0.2650115489959717
0.27655890583992004
0.269630491733551
0.293879896402359
0.29503464698791504
0.29561200737953186
0.29157042503356934
0.3100461959838867
0.31466513872146606
0.30196306109428406
0.3250577449798584
0.3163972198963165
0.3314087688922882
0.34584295749664307
0.3088914453983307
0.28233256936073303
