1.0
0.626882016658783
0.04160963743925095
0.007664932869374752
0.036955926567316055
0.06515192985534668
0.05885573476552963
0.06159321218729019
0.06022447347640991
0.05283328890800476
0.05858198925852776
0.05283328890800476
0.04626334458589554
0.05036956071853638
0.03941965475678444
0.04872707277536392
0.04243087768554688
0.04735833406448364
0.052012044936418526
0.04954831674695015
0.06104571744799613
0.058034490793943405
0.06788940727710724
0.08102928847074509
0.08896797150373459
0.11086778342723846
0.11470024287700652
0.1333150863647461
0.14535997807979584
0.15056118369102478
0.1683547794818878
0.17218723893165588
0.1741034835577011
0.1823159009218216
0.17848344147205353
0.18696960806846616
0.17903093993663788
0.1787571907043457
0.17656721174716947
0.1751984655857086
0.1823159009218216
0.17465096712112427
0.177662193775177
0.1798521727323532
0.17328223586082458
0.17793594300746915
0.17273473739624023
0.17273473739624023
0.17109225690364835
0.16287982463836667
0.17054475843906403
0.1582261174917221
0.161511093378067
0.1582261174917221
0.15576238930225372
0.16342732310295105
0.15576238930225372
0.16233232617378235
0.16370107233524323
0.16671228408813477
0.20421572029590607
0.2140706330537796
0.23487544059753415
0.2381604164838791
0.22392554581165316
0.22173556685447687
0.2094169110059738
0.1984670162200928
0.17355598509311676
0.16780728101730347
0.15685737133026123
0.1754722148180008
0.1582261174917221
0.15576238930225372
0.15576238930225372
0.16205857694149017
0.1532986611127853
0.15877361595630643
0.15986859798431396
0.15685737133026123
0.13358883559703827
0.08896797150373459
0.0
0.0008212428074330091
0.3487544357776642
0.9296468496322634
0.8045442104339598
0.11086778342723846
0.03120722621679306
0.05502326786518097
0.08705174177885054
0.08705174177885054
0.09006296098232269
0.08349301666021347
0.08513550460338593
0.09088420122861862
0.07719682157039641
0.07582808285951614
0.0717218741774559
0.06788940727710724
0.07309061288833618
0.06761565804481505
0.0
0.0
0.0
0.0
0.0
0.0
0.0
0.0
0.0
0.0
0.0
0.0
0.0
0.0
0.0
0.0
0.0
0.0
0.0
0.0
0.0
0.0
0.0
0.0
0.0
0.0
0.0
0.0
0.0
0.0
