0.9839055538177489
0.7596566677093507
0.4055793881416321
0.08047210425138474
0.08047210425138474
0.18937768042087555
0.2011802643537521
0.20010729134082797
0.20654506981372836
0.2221029996871948
0.22103004157543185
0.19796137511730197
0.22156652808189392
0.21405579149723047
0.24087983369827273
0.2505364716053009
0.2296137362718582
0.2457081526517868
0.2403433471918106
0.2537553608417511
0.247854083776474
0.24946351349353793
0.272532194852829
0.2778970003128052
0.2784334719181061
0.29238197207450867
0.28272533416748047
0.29345494508743286
0.3133047223091125
0.31169527769088745
0.34549355506896967
0.3556866943836212
0.36695277690887446
0.4012875556945801
0.3943133056163788
0.395386278629303
0.42060086131095886
0.42542919516563416
0.420064389705658
0.41469958424568176
0.4163089990615845
0.4023605287075042
0.4104077219963074
0.3921673893928528
0.36748927831649775
0.3320815563201904
0.30096566677093506
0.28916308283805847
0.29881975054740906
0.2677038609981537
0.2559012770652771
0.2816523611545563
0.2349785417318344
0.2601931393146515
0.2709227502346039
0.2623390555381775
0.2634120285511017
0.26609441637992853
0.2505364716053009
0.2628755271434784
0.2634120285511017
0.2666308879852295
0.25321888923645014
0.2607296109199524
0.24839055538177487
0.24624463915824887
0.2290772497653961
0.24731759727001193
0.24892704188823697
0.2564377784729004
0.23980686068534848
0.2349785417318344
0.23122318089008329
0.24839055538177487
0.2435622364282608
0.2226394861936569
0.2285407781600952
0.223175972700119
0.2677038609981537
0.2360514998435974
0.22156652808189392
0.2285407781600952
0.2306866943836212
0.22746780514717105
0.21834763884544367
0.21888412535190585
0.20386266708374023
0.24892704188823697
0.21030043065547943
0.2306866943836212
0.22156652808189392
0.2328326106071472
0.2199570834636688
0.2371244579553604
0.20869098603725436
0.21512874960899356
0.21673819422721863
0.21620172262191767
0.21405579149723047
0.22156652808189392
0.21942059695720673
0.2226394861936569
0.21244634687900543
0.21405579149723047
0.2285407781600952
0.21512874960899356
0.2156652361154556
0.21727468073368073
0.2322961390018463
0.22478540241718287
0.22371244430541992
0.20010729134082797
0.20708154141902924
0.25965663790702814
0.28487125039100647
0.30793991684913635
0.29935622215271
0.31008583307266235
0.34763947129249567
0.28916308283805847
0.2719956934452057
0.2607296109199524
0.25965663790702814
0.2296137362718582
0.20761802792549133
0.20171673595905304
0.17918455600738523
0.18723176419734955
0.18884120881557465
0.18669527769088745
0.18723176419734955
0.17328326404094696
