0.9718530178070067
1.0
0.9765442013740541
0.652853786945343
0.3659108579158783
0.2556684911251068
0.2306489497423172
0.22830335795879364
0.21110242605209353
0.22126661241054532
0.13682565093040466
0.15246285498142242
0.12197028845548628
0.12666144967079163
0.11884284764528275
0.1407349556684494
0.15246285498142242
0.14855355024337769
0.114933542907238
0.13057075440883636
0.12275215238332748
0.13604378700256348
0.10398749262094496
0.14229866862297058
0.1274433135986328
0.0828772485256195
0.09304144233465193
0.07818607985973358
0.0578576996922493
0.07505863904953003
0.029710711911320686
0.06958561390638351
0.018764659762382507
0.0
0.02111024223268032
0.03674745932221413
0.04691164940595626
0.05316653475165367
0.06489444524049759
0.13760749995708463
0.0961688831448555
0.12275215238332748
0.13917122781276703
0.13057075440883636
0.11415167897939682
0.11727912724018096
0.1032056286931038
0.11180610209703444
0.09929632395505904
0.09304144233465193
0.064112588763237
0.09147771447896957
0.07193119823932648
0.09851446747779846
0.10789679735898972
0.08053166419267654
0.09460516273975372
0.08131352812051773
0.08522283285856248
0.10476934909820557
0.1157153993844986
0.13369819521903992
0.1032056286931038
0.11962470412254332
0.20015637576580048
0.13604378700256348
0.17122751474380493
0.114933542907238
0.13760749995708463
0.11415167897939682
0.06802189350128174
0.0828772485256195
0.04925723373889923
0.06645817309617996
0.08444096893072128
0.06724002957344055
0.07193119823932648
0.045347929000854485
0.08835027366876602
0.17200937867164612
0.3838936686515808
0.6200156211853027
0.6051602959632874
0.8053166270256041
0.8897576332092285
0.8999218344688414
0.909304141998291
0.5926505327224731
0.25175920128822327
0.14855355024337769
0.010164191015064716
0.06880374997854233
0.08053166419267654
0.06489444524049759
0.02814698964357376
0.018764659762382507
0.027365129441022873
0.0039093042723834515
0.01407349482178688
0.0
0.0
0.0
0.0
0.0
0.0
0.0
0.0
0.0
0.0
0.0
0.0
0.0
0.0
0.0
0.0
0.0
0.0
0.0
0.0
0.0
0.0
0.0
0.0
0.0
0.0
0.0
0.0
0.0
0.0
0.0
0.0
0.0
