1.0
0.6478439569473267
0.5800821185112
0.35215604305267334
0.1830937713384628
0.1721423715353012
0.1125941127538681
0.09616700559854509
0.08418890833854675
0.06605064868927002
0.08179329335689545
0.08179329335689545
0.061943873763084405
0.08042436838150024
0.06399726122617722
0.08213552087545395
0.08966461569070816
0.09582477807998656
0.09377139061689375
0.09616700559854509
0.1290212124586105
0.13894592225551605
0.15434633195400238
0.1752224564552307
0.18651609122753143
0.23887747526168823
0.258042424917221
0.27070498466491694
0.3039014339447021
0.30219027400016785
0.3227241635322571
0.2926078140735626
0.2590691447257996
0.2327173203229904
0.18925394117832184
0.1670088917016983
0.14407940208911896
0.12765228748321533
0.12594114243984222
0.1170431226491928
0.12628336250782013
0.12457221001386642
0.12594114243984222
0.1303901374340057
0.1211498975753784
0.12833675742149353
0.118412047624588
0.1136208102107048
0.1170431226491928
0.11738535016775133
0.121834360063076
0.1160164251923561
0.108829565346241
0.11670088768005372
0.09650924056768416
0.10917180031538008
0.10301163792610168
0.09616700559854509
0.09958932548761368
0.07563313096761702
0.09342915564775467
0.08795345574617386
0.08795345574617386
0.09582477807998656
0.07118412107229233
0.08281998336315155
0.07049965858459473
0.07186858355998993
0.07631759345531462
0.06297057121992111
0.07049965858459473
0.06776180863380432
0.06844627112150192
0.07221081107854843
0.055783711373806
0.07460643351078033
0.06297057121992111
0.05749486759305
0.058863792568445206
0.04893908277153969
0.06673511117696762
0.06433949619531631
0.06297057121992111
0.09479808062314989
0.09787816554307936
0.1324435323476791
0.14818617701530457
0.14476385712623596
0.14715948700904846
0.12696783244609833
0.13347022235393524
0.10472279042005538
0.07802874594926834
0.06570842117071152
0.028747433796525
0.03832991048693657
0.03285421058535576
0.030800821259617805
0.04517453908920288
0.024982888251543045
0.0
0.0581793300807476
0.2751539945602417
0.6851471662521361
0.9260780215263367
0.6091718077659607
0.5451745390892029
0.30116358399391174
0.1618754267692566
0.1139630377292633
0.08521560579538345
0.052703626453876495
0.0533880889415741
0.04859685152769089
0.035592060536146164
0.052703626453876495
0.04859685152769089
0.041409991681575775
0.050992470234632485
0.04243668541312218
0.0561259426176548
0.06023271754384041
0.06878849864006041
0.08521560579538345
0.0
0.0
0.0
0.0
0.0
0.0
0.0
0.0
