0.8162983655929564
1.0
0.8515193462371825
0.6823204159736633
0.48825967311859125
0.47720995545387274
0.5269337296485901
0.5013812184333801
0.5103591084480286
0.5165745615959167
0.5214088559150696
0.5158839821815491
0.52555251121521
0.5089778900146484
0.5441988706588745
0.5469613075256348
0.5504143834114075
0.5593922734260559
0.5511049628257751
0.5662983655929564
0.5780386924743652
0.6222375631332396
0.6084254384040833
0.6512430906295776
0.6464088559150696
0.6837016344070435
0.6830110549926758
0.7064917087554932
0.6878452897071838
0.700276255607605
0.7071823477745056
0.7120165824890137
0.6719613075256348
0.6436464190483093
0.666436493396759
0.6616021990776062
0.6236187815666199
0.6063535809516907
0.6208563446998596
0.6284530162811279
0.6401933431625366
0.605663001537323
0.5628452897071838
0.5897790193557739
0.5932320356369019
0.5738950371742249
0.5718231797218323
0.5517956018447876
0.5587016344070435
0.5600828528404236
0.5559391975402832
0.5580110549926758
0.5421270728111267
0.5400552749633789
0.5490331649780273
0.5538673996925354
0.5476519465446472
0.5345304012298584
0.5469613075256348
0.5296961069107056
0.5345304012298584
0.5110497474670409
0.49861878156661993
0.5428176522254944
0.5462707281112671
0.5745856165885925
0.5745856165885925
0.5787292718887329
0.6526243090629578
0.6781768202781677
0.5711326003074646
0.5469613075256348
0.469613254070282
0.4406077265739441
0.38190609216690063
0.36947512626647944
0.34530386328697205
0.33011049032211304
0.32872927188873285
0.32113260030746454
0.31215471029281616
0.4744475185871124
0.7389502525329591
0.8149171471595763
0.4785911738872528
0.23618784546852112
0.1982044130563736
0.14502762258052823
0.16298343241214752
0.15124309062957764
0.12569060921669006
0.1056629866361618
0.09737569093704224
0.0766574591398239
0.05110497400164604
0.04696132615208626
0.04074585810303688
0.009668508544564249
0.0
0.0
0.0
0.0
0.0
0.0
0.0
0.0
0.0
0.0
0.0
0.0
0.0
0.0
0.0
0.0
0.0
0.0
0.0
0.0
0.0
0.0
0.0
0.0
0.0
0.0
0.0
0.0
0.0
0.0
0.0
0.0
0.0
0.0
