1.0
0.39029893279075617
0.2803158462047577
0.07727016508579254
0.055837564170360565
0.17935702204704285
0.39311900734901434
0.425267904996872
0.45910885930061346
0.48505356907844543
0.4940778315067291
0.4878736734390258
0.5025380849838257
0.5036661028862
0.5256627202033997
0.5047941207885742
0.5211505889892578
0.529610812664032
0.5200225710868835
0.5414551496505737
0.5239706635475159
0.5256627202033997
0.529610812664032
0.5047941207885742
0.5910885334014893
0.5702199935913086
0.5623237490653992
0.5764241218566896
0.5719119906425476
0.615905225276947
0.5578116178512573
0.5905245542526245
0.6102650761604309
0.5014100670814513
0.6266215443611145
0.5792441964149475
0.6046249270439148
0.5792441964149475
0.5651438236236572
0.5380710363388062
0.5031020641326904
0.4968979060649872
0.45910885930061346
0.48561760783195496
0.4585448503494263
0.4788494110107422
0.49576988816261286
0.483361542224884
0.47997742891311646
0.4737732708454132
0.4895657002925873
0.5126903653144836
0.4952058792114258
0.48166948556900013
0.4952058792114258
0.4698251485824585
0.4968979060649872
0.5019740462303162
0.5087422728538513
0.4686971306800842
0.4737732708454132
0.47772136330604553
0.4720812141895294
0.4895657002925873
0.4749012887477874
0.47659334540367126
0.5014100670814513
0.46926113963127136
0.42244783043861384
0.3987591564655304
0.46587705612182617
0.4585448503494263
0.4782854020595551
0.4320361018180847
0.42244783043861384
0.4760293364524841
0.44162437319755554
0.45516073703765864
0.43993231654167175
0.4495205879211426
0.4410603642463684
0.4703891575336456
0.43090805411338806
0.4720812141895294
0.435984194278717
0.4444444477558136
0.4574168026447296
0.4376762509346008
0.44726452231407166
0.4320361018180847
0.4326001107692719
0.44388043880462646
0.41455161571502686
0.433164119720459
0.4139875769615173
0.44388043880462646
0.42978003621101374
0.41342356801033026
0.4139875769615173
0.45572474598884577
0.4314720928668976
0.4596728682518005
0.4517766535282135
0.46192893385887146
0.5008460283279419
0.4737732708454132
0.4737732708454132
0.5521714687347412
0.5764241218566896
0.5803722739219666
0.5318669080734253
0.47659334540367126
0.435984194278717
0.38747885823249817
0.44726452231407166
0.4241398870944977
0.40101522207260126
0.41342356801033026
0.4055273532867432
0.39199098944664
0.4749012887477874
0.6023688912391664
0.6655386090278625
0.8420755863189697
0.9774393439292909
0.35420191287994385
0.2588832378387451
0.04963339120149613
0.0
0.11618725210428237
0.3384094834327698
0.3987591564655304
