1.0
0.6958947777748108
0.22040653228759763
0.07214029133319855
0.045834995806217194
0.0821044221520424
0.1203666776418686
0.1147867664694786
0.12156237661838531
0.12355519831180573
0.13551215827465057
0.12833797931671143
0.14467915892601013
0.1558389812707901
0.14388202130794525
0.16580310463905334
0.14866480231285095
0.16859306395053864
0.17377440631389615
0.1797528862953186
0.18692706525325772
0.17815862596035004
0.204463928937912
0.208449587225914
0.21562375128269196
0.2403347939252853
0.2335591912269592
0.2578716576099396
0.267835795879364
0.26424869894981384
0.2793941795825958
0.25269031524658203
0.26424869894981384
0.2475089728832245
0.2514946162700653
0.2447190135717392
0.219609409570694
0.2212036699056625
0.20605818927288053
0.18812276422977448
0.16939020156860352
0.1510562002658844
0.15703468024730682
0.16181746125221252
0.1482662409543991
0.16181746125221252
0.13431645929813385
0.13630928099155426
0.14467915892601013
0.13351933658123016
0.13232363760471344
0.1203666776418686
0.1291351169347763
0.13989637792110443
0.14109206199645996
0.13630928099155426
0.13670785725116727
0.14507772028446195
0.1530490219593048
0.15344758331775665
0.14667198061943054
0.13112793862819672
0.15025906264781952
0.14268632233142853
0.14428058266639707
0.1387006789445877
0.12674371898174283
0.13431645929813385
0.15464328229427335
0.12355519831180573
0.12674371898174283
0.11797528713941574
0.13790354132652283
0.1275408565998077
0.11996811628341673
0.13232363760471344
0.10960542410612106
0.12475089728832243
0.12594659626483917
0.11638102680444716
0.11159824579954147
0.1203666776418686
0.12116380780935287
0.1100039854645729
0.11438820511102676
0.10362694412469864
0.1100039854645729
0.1195695474743843
0.141490638256073
0.1841371059417725
0.1777600646018982
0.16181746125221252
0.1984854489564896
0.16939020156860352
0.1634117215871811
0.1538461595773697
0.13750497996807098
0.1072140261530876
0.09007572382688521
0.08290155231952667
0.07532881945371629
0.07493025064468382
0.07692307978868483
0.07373455911874771
0.07532881945371629
0.07732164114713667
0.06735751032829285
0.06656038016080856
0.07612594962120056
0.06935033947229385
0.08250299096107483
0.16660024225711823
0.3917895555496216
0.6098046898841858
0.8800318837165833
0.8302112221717833
0.31088083982467646
0.05898764356970787
0.0
0.0263053011149168
0.06536468863487244
0.066958948969841
0.07971303164958954
0.08051016181707382
0.0840972512960434
0.08648864179849625
0.0
0.0
0.0
0.0
0.0
0.0
