1.0
0.5269478559494019
0.25717633962631226
0.1288810819387436
0.13268892467021942
0.11364968121051788
0.09461043030023575
0.08845928311347961
0.07996485382318495
0.08113649487495422
0.08113649487495422
0.08435852080583571
0.07996485382318495
0.08582308143377304
0.08172231912612915
0.08992384374141693
0.09373169392347337
0.09314586967229843
0.09812536835670473
0.1013473942875862
0.11540714651346207
0.12653778493404388
0.14147627353668213
0.159343883395195
0.17603982985019684
0.2067955434322357
0.231985941529274
0.25014644861221313
0.2601054608821869
0.25629758834838867
0.24194493889808652
0.22642062604427335
0.1991798430681229
0.17486819624900815
0.15524311363697052
0.1449912190437317
0.13796134293079376
0.13181018829345703
0.12653778493404388
0.12038664519786833
0.11950790882110596
0.12009373307228088
0.11687170714139938
0.11716461926698685
0.11130638420581816
0.11862917244434357
0.1183362603187561
0.1142354980111122
0.11775043606758116
0.10984183102846144
0.11892208456993104
0.11657879501581192
0.11482132226228713
0.11716461926698685
0.11042764782905579
0.11247803270816802
0.10837727040052413
0.10749853402376174
0.11159929633140564
0.10076157003641129
0.10398359596729279
0.10193321853876113
0.09812536835670473
0.10164030641317368
0.09519624710083008
0.09753954410552977
0.0966608077287674
0.09168130904436111
0.09402460604906082
0.09050966799259184
0.1118922084569931
0.13737551867961884
0.14352665841579437
0.13181018829345703
0.14909197390079498
0.16959577798843384
0.17047451436519623
0.1813122481107712
0.178676038980484
0.1417691856622696
0.11657879501581192
0.10896309465169907
0.08992384374141693
0.08084358274936675
0.0700058564543724
0.07176332920789719
0.06912712007761002
0.06473345309495926
0.0579964853823185
0.06004686653614044
0.0612185113132
0.02314001135528088
0.0
0.1772114783525467
0.4311657845973969
0.6505565047264099
0.9900410175323486
0.6177504658699036
0.29525482654571533
0.1335676610469818
0.12214411050081252
0.11657879501581192
0.08640890568494797
0.07674282044172288
0.07205624133348465
0.06795547902584076
0.07029876857995987
0.07410661876201628
0.07176332920789719
0.06971294432878494
0.07381370663642883
0.07498535513877869
0.07410661876201628
0.08025775849819182
0.08201523125171661
0.0
0.0
0.0
0.0
0.0
0.0
0.0
0.0
0.0
0.0
0.0
0.0
0.0
0.0
0.0
0.0
0.0
