1.0
0.8609188199043275
0.2838262915611267
0.22152297198772433
0.311516672372818
0.4336060285568237
0.5387035608291626
0.5431088805198668
0.626809298992157
0.5903083682060242
0.60037761926651
0.6179987192153931
0.5802391171455383
0.6173694133758545
0.5802391171455383
0.5764631628990173
0.6028949022293091
0.5569540858268738
0.5682819485664368
0.5242290496826172
0.539332926273346
0.5374449491500854
0.48584014177322393
0.5040906071662903
0.45311516523361206
0.4487098753452301
0.44556325674057007
0.4071743190288544
0.4222781658172608
0.388923853635788
0.3606041669845581
0.3555695414543152
0.30522340536117554
0.3373190760612488
0.2857142984867096
0.2964128255844116
0.3184392750263214
0.2599118947982788
0.3027060925960541
0.2951541841030121
0.2989301383495331
0.300188809633255
0.2693517804145813
0.2951541841030121
0.2687224745750427
0.2838262915611267
0.28949025273323054
0.26054123044013977
0.3020767867565155
0.28823158144950867
0.2769037187099457
0.2617998719215393
0.2479546815156937
0.29955947399139404
0.2561359405517578
0.2712397873401642
0.30711138248443604
0.2674638032913208
0.28508496284484863
0.2573945820331573
0.27942103147506714
0.30837005376815796
0.2876022756099701
0.31780993938446045
0.3366897404193878
0.39269980788230896
0.3826305866241455
0.39773443341255194
0.45374450087547297
0.4329767227172852
0.3901824951171875
0.38703587651252747
0.3121460080146789
0.31969791650772095
0.2913782298564911
0.3027060925960541
0.3190686106681824
0.2668344974517822
0.3127753436565399
0.28634360432624817
0.3385777175426483
0.5682819485664368
0.7382001280784608
0.6073001623153688
0.2983008325099945
0.0
0.03146633133292198
0.12208936363458632
0.23033353686332703
0.24669604003429407
0.2989301383495331
0.34550032019615173
0.31969791650772095
0.3656387627124786
0.3203272521495819
0.3266205191612244
0.3555695414543152
0.3253618776798248
0.0
0.0
0.0
0.0
0.0
0.0
0.0
0.0
0.0
0.0
0.0
0.0
0.0
0.0
0.0
0.0
0.0
0.0
0.0
0.0
0.0
0.0
0.0
0.0
0.0
0.0
0.0
0.0
0.0
0.0
0.0
0.0
0.0
0.0
