0.99058198928833
0.5783627033233643
0.22385896742343905
0.11832890659570693
0.12436609715223312
0.09442164003849027
0.07148031890392303
0.06978990882635117
0.05964742973446847
0.0630282536149025
0.06471866369247437
0.06689205765724182
0.0678580030798912
0.06471866369247437
0.07123883068561554
0.07172180712223053
0.0734122171998024
0.07437817007303238
0.08041536062955856
0.08234725892543791
0.09007485955953598
0.08838444948196411
0.09804394841194154
0.10142477601766586
0.10697899013757704
0.11422361433506012
0.11205022782087326
0.12364163249731064
0.1357160061597824
0.14851485192775726
0.15406906604766843
0.16638493537902832
0.17411252856254575
0.17073170840740204
0.16083072125911713
0.15286162495613098
0.13233518600463867
0.1308862566947937
0.1144651025533676
0.1048056036233902
0.09731949120759967
0.09297271072864531
0.09683651477098465
0.09490460902452467
0.09031634777784349
0.09828543663024902
0.098768413066864
0.0881429612636566
0.08983337134122849
0.09369717538356781
0.09683651477098465
0.09828543663024902
0.09635353833436965
0.099251389503479
0.10311518609523772
0.09828543663024902
0.09079932421445847
0.09683651477098465
0.09152378886938096
0.08621106296777725
0.08500362187623978
0.08258874714374542
0.07993238419294357
0.08258874714374542
0.08621106296777725
0.10722047835588457
0.1048056036233902
0.10239072889089584
0.1093938648700714
0.12847138941287994
0.13354262709617615
0.12967881560325623
0.13450857996940613
0.1308862566947937
0.1149480789899826
0.08452064543962479
0.08258874714374542
0.06544312834739685
0.06061337888240814
0.05457618832588196
0.05119536444544792
0.05119536444544792
0.05843998864293098
0.05964742973446847
0.05167833715677261
0.04902197420597077
0.035981647670269006
0.0
0.01569669134914875
0.18691137433052063
0.4479594230651856
0.6566047072410583
1.0
0.696208655834198
0.3139338195323944
0.12364163249731064
0.12219271063804626
0.10021734237670898
0.07268775999546051
0.06713354587554932
0.06954842060804367
0.06399420648813248
0.062062304466962814
0.057474039494991296
0.06133783981204033
0.06399420648813248
0.06423569470643997
0.061096355319023125
0.06423569470643997
0.0683409795165062
0.0
0.0
0.0
0.0
0.0
0.0
0.0
0.0
0.0
0.0
0.0
0.0
0.0
0.0
0.0
0.0
0.0
0.0
0.0
0.0
0.0
0.0
