1.0
0.6717039942741394
0.3282959759235382
0.03543512150645256
0.08754559606313705
0.1860343962907791
0.19437207281589508
0.18030224740505216
0.19020323455333707
0.20792078971862793
0.19645649194717407
0.20948410034179688
0.19645649194717407
0.17873892188072205
0.19697758555412287
0.20427305996418
0.20792078971862793
0.202188640832901
0.199583113193512
0.22668056190013883
0.2251172512769699
0.213131844997406
0.24700364470481873
0.21782177686691284
0.23345492780208588
0.2371026575565338
0.25690463185310364
0.25690463185310364
0.24544033408164975
0.27983325719833374
0.2642000913619995
0.28400209546089167
0.32464826107025146
0.34184470772743225
0.3314226269721985
0.36008337140083313
0.37675872445106506
0.363209992647171
0.3606044948101044
0.3553934395313263
0.35904115438461304
0.3585200607776642
0.35070347785949707
0.30588847398757935
0.3001563251018524
0.2574257552623749
0.24075038731098172
0.2120896279811859
0.199583113193512
0.1740489900112152
0.191245436668396
0.20479416847229004
0.17352788150310516
0.18030224740505216
0.1860343962907791
0.18134444952011108
0.19072432816028595
0.1797811388969421
0.18290776014328
0.18082334101200104
0.16466909646987915
0.191245436668396
0.16883793473243713
0.17873892188072205
0.16988015174865723
0.15476810932159424
0.1761334091424942
0.1672746241092682
0.15997914969921112
0.15372589230537415
0.1490359604358673
0.16988015174865723
0.1620635688304901
0.15893694758415222
0.1620635688304901
0.15476810932159424
0.15893694758415222
0.1610213667154312
0.14643043279647827
0.15059927105903623
0.14486712217330933
0.14538821578025815
0.1797811388969421
0.1511203795671463
0.14747263491153717
0.1641479879617691
0.1610213667154312
0.15633141994476318
0.14695154130458832
0.1631057858467102
0.1422615945339203
0.14695154130458832
0.15789473056793213
0.14174048602581024
0.1558103114366531
0.1631057858467102
0.15268369019031525
0.1672746241092682
0.14434601366519928
0.13183949887752533
0.1500781625509262
0.1792600303888321
0.1532047986984253
0.14017717540264127
0.15789473056793213
0.16779573261737823
0.17873892188072205
0.16362689435482025
0.1490359604358673
0.14747263491153717
0.1500781625509262
0.16675351560115814
0.17300677299499512
0.18968212604522705
0.2480458617210388
0.2574257552623749
0.25586241483688354
0.3022407591342926
0.2756644189357757
0.22355394065380096
0.19385096430778503
0.187076598405838
0.191245436668396
0.15476810932159424
0.15945805609226227
0.16154247522354123
0.1651902049779892
0.1672746241092682
0.1511203795671463
0.14747263491153717
0.1360083371400833
0.09744658321142195
