1.0
0.9822145700454714
0.5341365337371825
0.4733218550682068
0.3763625919818878
0.37349396944046015
0.36259323358535767
0.34767642617225647
0.358577162027359
0.3752151429653168
0.36775675415992737
0.3654618561267853
0.36259323358535767
0.37980493903160095
0.3694778978824616
0.38554215431213373
0.3947217464447021
0.3947217464447021
0.41193345189094543
0.3930005729198456
0.39931154251098633
0.3987378180027008
0.40734365582466125
0.4113597273826599
0.3752151429653168
0.4176706969738007
0.39931154251098633
0.390131950378418
0.41709697246551514
0.3895582258701325
0.37119907140731806
0.3998852670192719
0.3895582258701325
0.34767642617225647
0.32931727170944214
0.348250150680542
0.3425129055976868
0.3465289771556854
0.33964428305625916
0.3488238751888275
0.3430866301059723
0.3465289771556854
0.33907055854797363
0.36775675415992737
0.36488813161849976
0.34767642617225647
0.36775675415992737
0.3539873659610748
0.34423407912254333
0.3602983355522156
0.3499713242053985
0.3333333432674408
0.3253012001514435
0.32989099621772766
0.32300630211830134
0.3201376795768738
0.36259323358535767
0.32644864916801447
0.34193918108940125
0.3098106682300568
0.3012048304080963
0.3224325776100158
0.390131950378418
0.4079173803329468
0.4142283499240875
0.4234079122543335
0.49454963207244873
0.4888123869895935
0.46299484372138977
0.40906482934951777
0.3935742974281311
0.35456109046936035
0.2954675853252411
0.29317268729209894
0.2799770534038544
0.25473320484161377
0.27194491028785706
0.2621916234493256
0.1600688397884369
0.0
0.04589787870645523
0.5197934508323668
0.9288582801818848
0.9839357137680051
0.7343660593032837
0.4543889760971069
0.35685598850250244
0.3161216378211975
0.3539873659610748
0.348250150680542
0.34193918108940125
0.336201936006546
0.3224325776100158
0.3407917320728302
0.36144578456878657
0.368904173374176
0.36259323358535767
0.0
0.0
0.0
0.0
0.0
0.0
0.0
0.0
0.0
0.0
0.0
0.0
0.0
0.0
0.0
0.0
0.0
0.0
0.0
0.0
0.0
0.0
0.0
0.0
0.0
0.0
0.0
0.0
0.0
0.0
0.0
0.0
0.0
0.0
0.0
