0.9477611780166626
0.5016583800315857
0.1998341679573059
0.11608623713254929
0.22056384384632113
0.27280265092849726
0.2885572016239166
0.2935323417186737
0.29933664202690125
0.33250415325164795
0.31177446246147156
0.3349916934967041
0.33665007352828974
0.34328359365463257
0.3665008246898651
0.3441127836704254
0.35655057430267334
0.3698175847530365
0.3698175847530365
0.3864013254642487
0.375621885061264
0.3905472755432129
0.3781094551086426
0.36318409442901606
0.3996683359146118
0.3573797643184662
0.3747926950454712
0.3772802650928497
0.3457711338996887
0.36318409442901606
0.3499170839786529
0.3598673343658447
0.3333333432674408
0.291873961687088
0.3300165832042694
0.2844112813472748
0.29933664202690125
0.2711442708969116
0.24875621497631076
0.2777777910232544
0.2703150808811188
0.2827529013156891
0.2711442708969116
0.25290215015411377
0.2935323417186737
0.2587064802646637
0.2852404713630676
0.26451078057289124
0.25456053018569946
0.2860696613788605
0.274461030960083
0.32835820317268366
0.3358208835124969
0.33084577322006226
0.3573797643184662
0.4378109574317932
0.46932005882263184
0.46517413854599
0.4809286892414093
0.49419569969177246
0.38308456540107727
0.3126036524772644
0.2669983506202698
0.2363184094429016
0.23714759945869443
0.21807628870010373
0.20563846826553345
0.1940298527479172
0.19320066273212433
0.24046434462070465
0.242951899766922
0.14013266563415527
0.16749584674835205
0.485903799533844
1.0
0.4817578792572021
0.1517412960529327
0.0
0.08706467598676682
0.20480929315090177
0.208126038312912
0.22802653908729556
0.22056384384632113
0.22719734907150269
0.2504145801067352
0.260364830493927
0.2669983506202698
0.242951899766922
0.0
0.0
0.0
0.0
0.0
0.0
0.0
0.0
0.0
0.0
0.0
0.0
0.0
0.0
0.0
0.0
0.0
0.0
0.0
0.0
0.0
0.0
0.0
0.0
0.0
0.0
0.0
0.0
0.0
0.0
0.0
0.0
0.0
0.0
0.0
0.0
0.0
0.0
0.0
0.0
0.0
0.0
0.0
0.0
