1.0
0.6875362396240233
0.34637680649757385
0.1611594259738922
0.11391304433345795
0.1202898547053337
0.09130434691905975
0.07623188197612761
0.07478260993957518
0.07507246732711792
0.07072463631629944
0.0771014466881752
0.07014492899179459
0.06811594218015671
0.06985507160425186
0.07101449370384216
0.07971014827489854
0.08028985559940338
0.07768116146326065
0.08985507488250732
0.09971014410257341
0.10985507071018218
0.12260869890451433
0.14376811683177948
0.16405797004699707
0.186956524848938
0.21826086938381195
0.2371014505624771
0.25014492869377136
0.2539130449295044
0.2368115931749344
0.2234782576560974
0.19449275732040405
0.1643478274345398
0.15130434930324554
0.13449275493621826
0.13072463870048523
0.11623188108205797
0.1121739149093628
0.10811594128608704
0.10492753982543944
0.10695651918649672
0.10463768243789671
0.10173913091421127
0.1031884029507637
0.10289855301380156
0.10869564861059187
0.102028988301754
0.10347826033830641
0.1113043501973152
0.10463768243789671
0.11188405752182005
0.1089855059981346
0.10608695447444916
0.10231883823871613
0.10376811772584917
0.10840579867362976
0.1055072471499443
0.10608695447444916
0.10492753982543944
0.102028988301754
0.10173913091421127
0.09275362640619278
0.09362319111824036
0.09623188525438307
0.10000000149011612
0.09855072200298307
0.08811594545841217
0.08985507488250732
0.09797101467847824
0.11826086789369585
0.14347825944423676
0.13739129900932312
0.13333334028720856
0.16492754220962524
0.16231884062290192
0.17072463035583496
0.1857970952987671
0.15826086699962616
0.13681159913539886
0.10260869562625884
0.10144927352666853
0.08695652335882186
0.06898550689220428
0.06898550689220428
0.06492753326892853
0.05884058028459549
0.06260869652032852
0.06057970970869064
0.057681158185005195
0.04376811534166336
0.0
0.0498550720512867
0.3162318766117096
0.5947825908660889
0.8246376514434814
0.9150724411010742
0.505507230758667
0.23971015214920044
0.1336231827735901
0.12753623723983765
0.10144927352666853
0.08028985559940338
0.08028985559940338
0.0782608687877655
0.06782608479261398
0.0736231878399849
0.07884057611227036
0.07072463631629944
0.07768116146326065
0.07014492899179459
0.06985507160425186
0.08115942031145094
0.08144927769899368
0.09159420430660249
0.0
0.0
0.0
0.0
0.0
0.0
0.0
0.0
0.0
0.0
0.0
0.0
0.0
0.0
0.0
0.0
0.0
