0.9484947323799133
0.94015234708786
0.6126224398612976
0.37577077746391296
0.24882118403911593
0.1519767791032791
0.10373594611883163
0.08813928067684172
0.06927820295095444
0.05767138302326202
0.059122234582901
0.05186797305941582
0.05839680880308151
0.05368153750896454
0.052593398839235306
0.06855277717113495
0.06274936348199844
0.0681900605559349
0.06746463477611542
0.07979688048362733
0.08886470645666121
0.10736307501792908
0.11099020391702652
0.1305767148733139
0.13674283027648923
0.15560391545295715
0.17809212207794187
0.1936887949705124
0.22198040783405304
0.24918389320373532
0.2890823483467102
0.3235400915145874
0.3326078951358795
0.3471164405345917
0.37395718693733215
0.3612622320652008
0.35509613156318665
0.33696046471595764
0.3050417006015777
0.26550599932670593
0.22705839574337003
0.18643453717231753
0.14762422442436218
0.11933261156082152
0.08596300333738327
0.08813928067684172
0.08124773204326628
0.07326804846525192
0.07254261523485182
0.0623866505920887
0.06492564082145691
0.06492564082145691
0.05476967617869377
0.05476967617869377
0.05767138302326202
0.05622052773833274
0.06927820295095444
0.07508160918951033
0.07217990607023238
0.0681900605559349
0.0689154863357544
0.0729053318500519
0.06673920899629593
0.06311208009719849
0.06202393770217896
0.06710192561149597
0.06637649983167648
0.059484947472810745
0.05513238906860352
0.050054408609867096
0.05186797305941582
0.04134929180145264
0.04715270176529884
0.03953572735190392
0.03663402423262596
0.027928907424211506
0.03119332529604435
0.024301776662468914
0.0344577431678772
0.02756619453430176
0.027203481644392014
0.026478055864572525
0.02538991719484329
0.016684802249073982
0.021400071680545807
0.02466448955237865
0.02357635088264942
0.03119332529604435
0.02466448955237865
0.02611534297466278
0.032644178718328476
0.022850925102829933
0.022850925102829933
0.026478055864572525
0.02248821221292019
0.02974247373640537
0.06420021504163742
0.07000362873077393
0.07072905451059341
0.08596300333738327
0.11099020391702652
0.12948857247829437
0.12042074650526045
0.11570547521114348
0.10373594611883163
0.08850199729204179
0.050054408609867096
0.01849836856126785
0.011606818996369839
0.010155966505408289
0.004715270362794399
0.0
0.0018135654972866175
0.00290170474909246
0.00290170474909246
0.0032644178718328476
0.003627130994573236
0.019586507230997086
0.10446137189865112
0.29089590907096863
0.6779107451438904
1.0
0.823721408843994
0.5103373527526855
0.3282553553581238
0.24555677175521848
0.1577802002429962
0.11860717833042143
0.10700036585330965
0.08596300333738327
0.08342400938272476
0.0779833123087883
