1.0
0.3631618320941925
0.14839671552181244
0.049962714314460754
0.1879194676876068
0.2170022428035736
0.22595077753067017
0.22520506381988523
0.21923936903476715
0.2453393042087555
0.26472780108451843
0.23937359452247617
0.23489932715892792
0.25503355264663696
0.2453393042087555
0.26099926233291626
0.25205069780349726
0.2677106559276581
0.26025354862213135
0.2706935107707977
0.2744220793247223
0.27740493416786194
0.2624906897544861
0.25354212522506714
0.2699477970600128
0.25503355264663696
0.2125279605388641
0.21029083430767057
0.17897091805934906
0.14765100181102753
0.12453392893075942
0.0879940316081047
0.05891126021742821
0.02759134955704212
0.019388515502214432
0.014168530702590942
0.0
0.07680834829807281
0.09321402013301848
0.13273675739765167
0.16480238735675812
0.19164802134037015
0.1938851624727249
0.20283371210098264
0.22967934608459473
0.22818791866302487
0.24161073565483093
0.23937359452247617
0.22371365129947665
0.25354212522506714
0.25205069780349726
0.24235644936561584
0.27815064787864685
0.2863534688949585
0.29604771733284
0.27293065190315247
0.2692020833492279
0.2706935107707977
0.2982848584651947
0.2870991826057434
0.2915734648704529
0.2938105762004852
0.29008203744888306
0.2938105762004852
0.29604771733284
0.2915734648704529
0.276659220457077
0.28113347291946406
0.2677106559276581
0.28262490034103394
0.2863534688949585
0.2878448963165283
0.2580164074897766
0.2669649422168732
0.2878448963165283
0.2870991826057434
0.28486204147338867
0.26547351479530334
0.281879186630249
0.27143922448158264
0.2803877592086792
0.29455628991127014
0.3668903708457946
0.3460104465484619
0.36017897725105286
0.4093959629535675
0.3750932216644287
0.3676360845565796
0.3683817982673645
0.3668903708457946
0.3199105262756348
0.30052199959754944
0.281879186630249
0.3251304924488068
0.290827751159668
0.2513049840927124
0.2199850827455521
0.2214765101671219
0.234153613448143
0.214019387960434
0.21551081538200376
0.2289336323738098
0.1349738985300064
0.08053690940141676
0.19537658989429477
0.468307226896286
0.9962714314460753
0.7211036682128905
0.20656226575374603
0.09470544010400771
0.13049963116645813
0.17897091805934906
0.2401193082332611
0.2580164074897766
0.2170022428035736
0.22595077753067017
0.23042505979537964
0.24310216307640076
0.25503355264663696
0.240865021944046
0.25205069780349726
0.2460850179195404
0.234153613448143
0.23489932715892792
0.22371365129947665
0.2513049840927124
0.24310216307640076
0.0
0.0
0.0
0.0
0.0
