1.0
0.7369247078895568
0.46705019474029535
0.18619246780872345
0.11140167713165285
0.09675732254981993
0.1129707098007202
0.10617154836654664
0.0868200808763504
0.10355648398399352
0.10146443545818327
0.10564853250980376
0.1077405884861946
0.10564853250980376
0.12029288709163664
0.11349372565746307
0.11924686282873152
0.1354602575302124
0.14173640310764313
0.15167364478111267
0.15690375864505768
0.16945606470108032
0.1762552261352539
0.18096233904361725
0.21077406406402588
0.2254184037446976
0.24215480685234067
0.2620292901992798
0.27039748430252075
0.30857741832733154
0.312238484621048
0.3331589996814728
0.33734309673309326
0.33211296796798706
0.3498953878879547
0.33211296796798706
0.3174686133861542
0.3054393231868744
0.26935145258903503
0.24215480685234067
0.2123430967330933
0.17834727466106415
0.1579497903585434
0.13755230605602264
0.12918409705162048
0.10721757262945177
0.10303347557783125
0.10878661274909972
0.10407949984073638
0.10094141960144042
0.08891213685274124
0.08368200808763504
0.08054393529891966
0.07897489517927171
0.0842050239443779
0.07426778227090836
0.07845187932252885
0.07740585505962372
0.06537657231092453
0.07688284665346146
0.05805439502000809
0.05857740715146065
0.05543933063745499
0.051778241991996765
0.06485355645418167
0.054393306374549866
0.04550209268927574
0.05962343141436577
0.051778241991996765
0.07060669362545013
0.05596234276890755
0.04550209268927574
0.06433054059743881
0.07217573374509811
0.05648535490036011
0.06433054059743881
0.07269874215126036
0.09623430669307709
0.10721757262945177
0.1302301287651062
0.11872384697198868
0.13598325848579407
0.17991632223129272
0.16370293498039243
0.156380757689476
0.11663179844617844
0.07374476641416548
0.06066945567727089
0.0355648547410965
0.03399581462144852
0.03347280248999596
0.01778242737054825
0.02092050202190876
0.016736401244997978
0.02510460279881954
0.026150627061724663
0.02876568958163261
0.030334727838635445
0.01882845163345337
0.0
0.03451882675290108
0.08995816111564636
0.29811716079711914
0.7960250973701477
0.8964434862136842
0.6579498052597046
0.32583680748939514
0.109309621155262
0.06066945567727089
0.07008368521928787
0.06380753219127655
0.06328451633453369
0.06276150792837143
0.06014644354581833
0.07060669362545013
0.06223849207162857
0.06642259657382965
0.06903765350580215
0.0815899595618248
0.09832636266946793
0.09937238693237305
0.11192468553781508
0.11872384697198868
0.12081590294837952
0.14905858039855957
0.1574267745018005
0.0
0.0
0.0
0.0
0.0
0.0
