0.9152354598045347
0.5030471086502075
0.12797783315181732
0.07867036014795302
0.01274238247424364
0.02548476494848728
0.049861494451761246
0.0
0.024376731365919117
0.019944598898291588
0.021606648340821263
0.0354570634663105
0.02714681439101696
0.0382271483540535
0.03490304574370384
0.015512465499341488
0.04542936384677887
0.04487534612417221
0.0559556782245636
0.06648199260234833
0.059833794832229614
0.07202216237783432
0.05650969594717026
0.07700830698013306
0.09252077341079713
0.11911357194185256
0.1318559497594833
0.13462604582309723
0.14903047680854797
0.1828254908323288
0.1905817240476608
0.21108032763004303
0.2332409918308258
0.22548475861549375
0.2576177418231964
0.2315789461135864
0.2481994479894638
0.23545706272125244
0.21883656084537503
0.1905817240476608
0.16398891806602478
0.1390581727027893
0.12631578743457794
0.12354570627212524
0.11246537417173384
0.10692520439624786
0.08919667452573776
0.1102493107318878
0.10249307751655579
0.10581717640161514
0.10581717640161514
0.11135733872652052
0.11246537417173384
0.08919667452573776
0.08698061108589171
0.11246537417173384
0.10858725756406784
0.11357340961694716
0.10526315867900848
0.12742382287979123
0.0969529077410698
0.09030470997095107
0.10747922211885452
0.08254847675561905
0.1119113564491272
0.09916897863149643
0.08254847675561905
0.10803323984146118
0.09141274541616441
0.10470914095640182
0.08642659336328505
0.08753462880849838
0.10747922211885452
0.10858725756406784
0.1351800560951233
0.1407202184200287
0.1662049889564514
0.2454293668270111
0.23933517932891843
0.2398891896009445
0.21939058601856232
0.2554016709327698
0.21052631735801697
0.14293628931045532
0.09030470997095107
0.060941826552152634
0.040443211793899536
0.02548476494848728
0.033240996301174164
0.039889197796583176
0.04542936384677887
0.04487534612417221
0.04819944500923157
0.040443211793899536
0.21939058601856232
0.6072022318840027
1.0
0.4831025004386902
0.1351800560951233
0.10581717640161514
0.040443211793899536
0.0354570634663105
0.07313019037246704
0.06925208121538162
0.07202216237783432
0.04819944500923157
0.0559556782245636
0.074792243540287
0.07146814465522766
0.08033241331577301
0.08365651220083235
0.070914126932621
0.08642659336328505
0.07313019037246704
0.0886426568031311
0.0
0.0
0.0
0.0
0.0
0.0
0.0
0.0
0.0
0.0
0.0
0.0
0.0
0.0
0.0
0.0
0.0
