0.921498656272888
0.8991971611976622
0.8911685943603516
0.7921498417854309
0.6877787709236145
0.6610169410705566
0.6208742260932921
0.6449598670005798
0.6217662692070007
0.6057091951370239
0.6253345012664795
0.6137377619743347
0.6253345012664795
0.6770740151405334
0.6146298050880432
0.693131148815155
0.8429973125457764
0.9491525292396544
1.0
0.9366636872291566
0.4576271176338196
0.06066012382507324
0.0
0.06601248681545258
0.2613737881183624
0.5842997431755066
0.6458519101142883
0.618198037147522
0.45495092868804926
0.26226583123207087
0.2149866223335266
0.25334522128105164
0.42908117175102234
0.5013380646705627
0.5566458702087401
0.6039250493049622
0.5941123962402344
0.6021409630775452
0.6199821829795836
0.5976806282997131
0.6378233432769775
0.6003568172454834
0.6360392570495604
0.6404995322227478
0.6297948360443115
0.6422836780548096
0.6387154459953308
0.6476360559463501
0.6752899289131165
0.6690455079078673
0.7002676129341124
0.688670814037323
0.7190008759498596
0.7430865168571472
0.7368420958518982
0.7787689566612244
0.7609277367591859
0.7662801146507262
0.7983942627906798
0.7537912726402282
0.8331846594810487
0.7582515478134155
0.7555753588676452
0.7689563035964967
0.7457627058029175
0.7689563035964967
0.7243532538414001
0.7181088328361511
0.7261373996734619
0.6984834671020508
0.744870662689209
0.7154326438903809
0.7190008759498596
0.7118644118309021
0.6770740151405334
0.693131148815155
0.688670814037323
0.7020517587661743
0.6984834671020508
0.6547725200653076
0.6628010869026184
0.6565566658973694
0.6708295941352844
0.6699375510215759
0.6494201421737671
0.6628010869026184
0.6672613620758057
0.6726137399673462
0.6663693189620972
0.6378233432769775
0.6529883742332457
0.6208742260932921
0.6253345012664795
0.6494201421737671
0.6297948360443115
0.6440678238868712
0.6324710249900818
0.6271186470985413
0.6485280990600586
0.5771632194519042
0.6859946250915527
0.5950044393539429
0.6342551112174988
0.6083853840827942
0.5994647741317749
0.6208742260932921
0.6217662692070007
0.6297948360443115
0.6592328548431396
0.694915235042572
0.7546833157539367
0.7368420958518982
0.7511150836944579
0.8073148727416992
0.8144513964653014
0.7992863655090333
0.7939339876174927
0.8296164274215697
0.8269402384757996
0.8331846594810487
0.7493309378623961
0.6458519101142883
0.561998188495636
0.5673505663871765
0.5361284613609314
0.55396968126297
0.5735949873924255
0.5200713872909546
0.5584299564361572
0.5575379133224487
0.561998188495636
0.5486173033714294
