1.0
0.7593718171119691
0.3885511755943298
0.21985815465450287
0.2234042584896088
0.1762917935848236
0.07801418751478195
0.10638298094272612
0.07953394204378128
0.08611955493688582
0.07852076739072798
0.07902735471725462
0.11246200650930405
0.09523809701204303
0.08510638028383255
0.08257345855236053
0.09371833503246307
0.10081053525209425
0.10334346443414688
0.08459980040788649
0.06281661242246628
0.0830800384283066
0.06534954160451889
0.06382978707551956
0.060790274292230606
0.07598784565925598
0.08054710924625395
0.06686930358409882
0.09878419339656828
0.10081053525209425
0.1155015230178833
0.12107396125793456
0.11296859383583067
0.1382978707551956
0.15146909654140472
0.11702127754688262
0.11296859383583067
0.13779129087924957
0.15045592188835144
0.1393110454082489
0.1798378974199295
0.13272543251514435
0.14842958748340607
0.14133737981319427
0.1382978707551956
0.13424518704414368
0.14741641283035278
0.16464032232761383
0.18135765194892883
0.2016210705041885
0.22593718767166135
0.21175278723239896
0.2097264379262924
0.1833839863538742
0.22441743314266205
0.18895643949508664
0.16616007685661316
0.190476194024086
0.16261398792266843
0.11448834836483
0.08713272213935853
0.09219858050346375
0.09726443886756897
0.06940222531557083
0.08459980040788649
0.0
0.04305977746844292
0.052684903144836426
0.04761904850602149
0.33130699396133423
0.8698074817657471
0.9599797129631041
0.7289767265319824
0.3571428656578064
0.18034447729587555
0.21985815465450287
0.15501520037651062
0.07700101286172867
0.07041539996862411
0.04964539036154747
0.06889564543962479
0.09118541330099104
0.07801418751478195
0.08966565132141113
0.09270516782999039
0.0
0.0
0.0
0.0
0.0
0.0
0.0
0.0
0.0
0.0
0.0
0.0
0.0
0.0
0.0
0.0
0.0
0.0
0.0
0.0
0.0
0.0
0.0
0.0
0.0
0.0
0.0
0.0
0.0
0.0
0.0
0.0
0.0
0.0
0.0
0.0
0.0
0.0
0.0
0.0
0.0
0.0
0.0
0.0
0.0
0.0
0.0
