0.8287937641143799
0.8310172557830809
0.5636464953422545
0.18510283529758453
0.0644802674651146
0.10617009550333024
0.11284046620130538
0.07226236909627913
0.0478043369948864
0.006670372560620308
0.0
0.013340745121240616
0.04113396257162094
0.05725403130054474
0.037242911756038666
0.0322401337325573
0.04113396257162094
0.08171205967664719
0.08449138700962065
0.07559755444526672
0.07448582351207733
0.07170650362968445
0.12062256783246994
0.13507504761219025
0.11395219713449478
0.11117287725210188
0.11784324795007704
0.18232351541519165
0.2034463584423065
0.19232907891273496
0.2040022164583206
0.19899944961071012
0.2501389682292938
0.28182324767112726
0.24791550636291504
0.2523624300956726
0.23401889204978943
0.28071150183677673
0.2501389682292938
0.18510283529758453
0.16675931215286255
0.13563090562820435
0.14007781445980072
0.12284602224826811
0.093385212123394
0.08449138700962065
0.06503613293170929
0.09616453945636749
0.10450249910354614
0.07782100886106491
0.0789327397942543
0.0783768743276596
0.10728182643651962
0.11839911341667177
0.08671484142541885
0.09116175770759583
0.07226236909627913
0.10505836457014084
0.12173429876565932
0.06948304921388626
0.07948860526084901
0.06670372188091278
0.0956086739897728
0.09171762317419052
0.07003890722990036
0.07615341991186142
0.057809893041849136
0.08615897595882414
0.09783212840557097
0.060033351182937615
0.05892162397503853
0.09727626293897629
0.16898277401924133
0.19899944961071012
0.16842690110206604
0.1917732059955597
0.2373540848493576
0.26570317149162287
0.26570317149162287
0.21122846007347104
0.17898832261562347
0.14341300725936887
0.11450806260108948
0.08226792514324188
0.042245693504810326
0.02501389570534229
0.04002223536372185
0.06503613293170929
0.059477485716342926
0.04168982803821564
0.14341300725936887
0.4608115553855896
0.7487493157386779
1.0
0.8187882304191588
0.3663146197795868
0.05113952234387398
0.11839911341667177
0.21567536890506744
0.12006670236587524
0.06114508211612701
0.030572541058063507
0.05558643862605095
0.0789327397942543
0.055030573159456246
0.05892162397503853
0.0633685365319252
0.0950528085231781
0.1100611463189125
0.09783212840557097
0.09949972480535507
0.0
0.0
0.0
0.0
0.0
0.0
0.0
0.0
0.0
0.0
0.0
0.0
0.0
0.0
0.0
0.0
0.0
0.0
0.0
0.0
0.0
