1.0
0.44120413064956665
0.2220131754875183
0.0
0.17121355235576627
0.3170272707939148
0.3301975429058075
0.34995296597480774
0.365945428609848
0.39134526252746576
0.4205079972743988
0.3781749904155731
0.3744120299816132
0.41392284631729126
0.45155221223831177
0.4666039645671845
0.4346190094947815
0.4327375292778015
0.4713076055049896
0.4920037686824799
0.5211665034294128
0.5164628624916077
0.531514585018158
0.604891836643219
0.6302916407585144
0.6716839075088501
0.6650987863540649
0.7224835157394409
0.7977422475814819
0.8156161904335022
0.8363122940063475
0.8184384107589722
0.7996237277984619
0.7977422475814819
0.7384760379791259
0.6763876080513
0.5691439509391785
0.5108184218406677
0.48824083805084234
0.45907807350158686
0.44684854149818415
0.39134526252746576
0.41204139590263367
0.4223894774913788
0.4214487373828888
0.44026342034339905
0.4101599156856537
0.41204139590263367
0.40545624494552607
0.40451553463935846
0.437441200017929
0.41392284631729126
0.4073377251625061
0.4073377251625061
0.3922859728336334
0.4346190094947815
0.4205079972743988
0.40263405442237854
0.40075257420539856
0.40639698505401606
0.4336782693862915
0.44684854149818415
0.4920037686824799
0.527751624584198
0.5098776817321777
0.5870178937911987
0.5202257633209229
0.4609595537185669
0.469426155090332
0.4233301877975464
0.4619002938270569
0.4148635864257813
0.39604890346527094
0.427093118429184
0.39510819315910334
0.4317967891693115
0.397930383682251
0.38570085167884827
0.3414863646030426
0.31232360005378723
0.45437440276145935
0.6519284844398499
0.9727187156677246
0.604891836643219
0.2869237959384918
0.09031043946743011
0.1721542775630951
0.32549387216568
0.39981186389923096
0.4176858067512512
0.45719662308692927
0.4327375292778015
0.437441200017929
0.46566322445869446
0.4750705659389496
0.5051740407943726
0.4844779074192047
0.48918154835700983
0.0
0.0
0.0
0.0
0.0
0.0
0.0
0.0
0.0
0.0
0.0
0.0
0.0
0.0
0.0
0.0
0.0
0.0
0.0
0.0
0.0
0.0
0.0
0.0
0.0
0.0
0.0
0.0
0.0
0.0
0.0
0.0
0.0
0.0
