0.906832277774811
0.6633540391921997
0.36583849787712097
0.25341615080833435
0.20559006929397583
0.20062111318111417
0.20434781908988953
0.20124223828315732
0.20807453989982605
0.21739129722118375
0.20931677520275116
0.22608695924282077
0.22732919454574585
0.2223602533340454
0.24285714328289032
0.24099378287792203
0.2484472095966339
0.2503105700016022
0.2527950406074524
0.2639751434326172
0.24409937858581543
0.25900620222091675
0.25341615080833435
0.24409937858581543
0.2583850920200348
0.2416149079799652
0.24968944489955905
0.22670806944370267
0.21614906191825864
0.2142857164144516
0.18757763504981995
0.1919254660606384
0.18074534833431244
0.19130434095859528
0.21614906191825864
0.23291926085948944
0.2484472095966339
0.2453416138887405
0.26211181282997126
0.2788819968700409
0.2807453274726868
0.2968944013118744
0.29192546010017395
0.2968944013118744
0.30621117353439326
0.29875776171684265
0.3111801147460937
0.30496895313262934
0.3080745339393616
0.31552794575691223
0.29503107070922846
0.313664585351944
0.29875776171684265
0.2968944013118744
0.30621117353439326
0.291304349899292
0.2993788719177246
0.30124223232269287
0.30434781312942505
0.31801241636276245
0.2875776290893554
0.30434781312942505
0.29875776171684265
0.2993788719177246
0.31677019596099854
0.2956521809101105
0.31925466656684875
0.34968945384025574
0.3751552700996399
0.396273285150528
0.4086956381797791
0.46086955070495605
0.5
0.47639751434326166
0.43602484464645386
0.3987577557563782
0.3857142925262451
0.3242236077785492
0.3055900633335113
0.29440993070602417
0.2763975262641907
0.2745341658592224
0.27329191565513605
0.2565217316150665
0.17826086282730103
0.0
0.05527950450778008
0.5105590224266052
0.9080745577812195
1.0
0.7962732911109923
0.45341613888740534
0.34472048282623285
0.25900620222091675
0.29751554131507874
0.2801242172718048
0.2875776290893554
0.2801242172718048
0.2813664674758911
0.29751554131507874
0.28944098949432373
0.29440993070602417
0.29751554131507874
0.2981366515159607
0.0
0.0
0.0
0.0
0.0
0.0
0.0
0.0
0.0
0.0
0.0
0.0
0.0
0.0
0.0
0.0
0.0
0.0
0.0
0.0
0.0
0.0
0.0
0.0
0.0
0.0
0.0
0.0
