0.9929278492927552
0.695190966129303
0.3048090636730194
0.2149929255247116
0.1796322464942932
0.03889674693346024
0.04243281483650208
0.03394625335931777
0.036067891865968704
0.022630834951996803
0.02121640741825104
0.03182461112737656
0.016973126679658886
0.02758133038878441
0.009900989942252638
0.014144271612167358
0.0353606790304184
0.009193776175379751
0.02333804778754711
0.00353606790304184
0.01485148537904024
0.02970297075808048
0.008486563339829443
0.017680339515209198
0.0007072135922499001
0.0
0.012022631242871284
0.0
0.03394625335931777
0.03394625335931777
0.0537482313811779
0.07001414149999619
0.06152758002281189
0.07920791953802109
0.07779349386692046
0.08628005534410477
0.0905233398079872
0.06364922225475311
0.0714285746216774
0.05516266077756882
0.06647807359695435
0.06011315435171127
0.0629420056939125
0.08345120400190353
0.06647807359695435
0.05869872868061066
0.0714285746216774
0.052333805710077286
0.08628005534410477
0.08132956176996231
0.06859971582889557
0.07850071042776108
0.07355020940303801
0.0905233398079872
0.06789250671863556
0.06506364792585373
0.08557284623384476
0.06152758002281189
0.09476661682128906
0.10396039485931396
0.16690240800380707
0.19943423569202423
0.1909476667642593
0.26096180081367487
0.20721358060836792
0.2326732724905014
0.20792078971862793
0.17538896203041077
0.17326731979846954
0.10183875262737274
0.062234796583652496
0.06435643881559372
0.05799151211977005
0.06859971582889557
0.03748232126235962
0.04667609557509422
0.08345120400190353
0.06082036718726158
0.05799151211977005
0.1082036793231964
0.3352192342281341
0.5792078971862793
0.9094766378402709
1.0
0.4278642237186432
0.27086278796195984
0.2772277295589447
0.1442715674638748
0.09618104994297028
0.06930693238973618
0.04596888273954392
0.06789250671863556
0.05091937631368637
0.06506364792585373
0.04596888273954392
0.06435643881559372
0.07496464252471924
0.0
0.0
0.0
0.0
0.0
0.0
0.0
0.0
0.0
0.0
0.0
0.0
0.0
0.0
0.0
0.0
0.0
0.0
0.0
0.0
0.0
0.0
0.0
0.0
0.0
0.0
0.0
0.0
0.0
0.0
0.0
0.0
0.0
0.0
0.0
