1.0
0.6943620443344116
0.181008905172348
0.18338279426097867
0.23501484096050265
0.18041543662548065
0.14777448773384094
0.146587535738945
0.1543026715517044
0.15014836192131042
0.13768546283245087
0.1424332410097122
0.15727002918720245
0.13649851083755493
0.14777448773384094
0.14718100428581235
0.1525222510099411
0.13709199428558347
0.12284866720438004
0.1697329431772232
0.14955489337444303
0.17804154753684995
0.17626112699508667
0.15964391827583313
0.17448070645332336
0.17448070645332336
0.21543025970458984
0.22789317369461057
0.21127596497535703
0.23501484096050265
0.22195845842361447
0.19703264534473416
0.2005934715270996
0.17091988027095795
0.18575668334960935
0.15667656064033508
0.16261127591133115
0.16913945972919464
0.15133531391620636
0.18338279426097867
0.14777448773384094
0.16379821300506592
0.1620178073644638
0.14718100428581235
0.12522254884243011
0.14183975756168363
0.14540059864521027
0.1424332410097122
0.1275964379310608
0.13175074756145477
0.1483679562807083
0.15786349773406982
0.1584569662809372
0.12284866720438004
0.14540059864521027
0.1198813021183014
0.15727002918720245
0.16261127591133115
0.17329376935958862
0.2332344204187393
0.24094955623149872
0.21661721169948575
0.29792284965515137
0.2468842715024948
0.2801187038421631
0.23679524660110476
0.1869436204433441
0.20534124970436096
0.1406528204679489
0.11454006284475327
0.10089020431041716
0.11394658684730528
0.1198813021183014
0.0925815999507904
0.10089020431041716
0.07833828032016754
0.09317507594823837
0.08367952704429625
0.06528189778327942
0.11810088902711868
0.3050445020198822
0.5810089111328125
0.7364985346794128
0.9465875625610352
0.43976262211799616
0.0
0.07774480432271957
0.12522254884243011
0.08605341613292694
0.08961424231529236
0.09495548903942108
0.0925815999507904
0.08902077376842497
0.07774480432271957
0.09554896503686905
0.07655785977840422
0.07893174886703491
0.07952522486448288
0.0
0.0
0.0
0.0
0.0
0.0
0.0
0.0
0.0
0.0
0.0
0.0
0.0
0.0
0.0
0.0
0.0
0.0
0.0
0.0
0.0
0.0
0.0
0.0
0.0
0.0
0.0
0.0
0.0
0.0
0.0
0.0
0.0
0.0
