0.9839633703231812
0.4713631272315979
0.4707903861999512
0.23253150284290316
0.20504009723663327
0.1918671280145645
0.20847651362419128
0.20103092491626737
0.19129438698291776
0.19816723465919492
0.1975945085287094
0.20045818388462064
0.20504009723663327
0.20561282336711884
0.21134020388126373
0.21019473671913144
0.20733104646205905
0.2124856859445572
0.23081329464912412
0.22852233052253723
0.2296678125858307
0.24684993922710416
0.2583046853542328
0.2623138725757599
0.28293243050575256
0.27663230895996094
0.287514328956604
0.30011454224586487
0.31271478533744806
0.3012600243091583
0.2835051417350769
0.2760595679283142
0.2605956494808197
0.2302405536174774
0.21993127465248108
0.21019473671913144
0.20504009723663327
0.20103092491626737
0.178121417760849
0.17983964085578918
0.1890034377574921
0.1895761787891388
0.17583046853542328
0.1861397475004196
0.19988545775413516
0.20561282336711884
0.1975945085287094
0.20847651362419128
0.2027491480112076
0.20389461517333984
0.19358533620834353
0.1878579556941986
0.20733104646205905
0.19816723465919492
0.19988545775413516
0.18098510801792145
0.1861397475004196
0.17926689982414243
0.1855670064687729
0.1930125951766968
0.17353951930999756
0.19702176749706268
0.23081329464912412
0.25028637051582336
0.27090492844581604
0.2972508668899536
0.3241695165634155
0.31214204430580134
0.29839634895324707
0.2726231515407562
0.22794960439205167
0.1723940372467041
0.16036655008792877
0.1300114542245865
0.1494845300912857
0.12485681474208832
0.11970217525959014
0.12542955577373505
0.07961054146289825
0.0
0.13573883473873138
0.6798396110534668
1.0
0.4461626708507538
0.35509735345840454
0.16723939776420593
0.1380297839641571
0.16437572240829468
0.15234822034835815
0.1305841952562332
0.1380297839641571
0.1540664434432983
0.1540664434432983
0.14261168241500854
0.15635739266872406
0.13745704293251035
0.15864834189414978
0.16781213879585266
0.0
0.0
0.0
0.0
0.0
0.0
0.0
0.0
0.0
0.0
0.0
0.0
0.0
0.0
0.0
0.0
0.0
0.0
0.0
0.0
0.0
0.0
0.0
0.0
0.0
0.0
0.0
0.0
0.0
0.0
0.0
0.0
0.0
0.0
