0.9408283829689024
0.5458579659461975
0.31065088510513306
0.2744082808494568
0.20340237021446228
0.14718934893608093
0.1286982297897339
0.0998520702123642
0.09837277978658675
0.11538461595773696
0.1087278127670288
0.11316568404436111
0.10502958297729492
0.1331360936164856
0.14866863191127777
0.13609467446804047
0.14497041702270508
0.1508875787258148
0.167159765958786
0.16568046808242795
0.1819526553153992
0.20340237021446228
0.207840234041214
0.23520709574222565
0.2255917191505432
0.2662721872329712
0.2862426042556762
0.3002958595752716
0.3217455744743347
0.3380177617073059
0.3365384638309479
0.32692307233810425
0.32766273617744446
0.3032544255256653
0.22855030000209808
0.20636095106601715
0.19304734468460083
0.10502958297729492
0.12278106808662415
0.10650887340307236
0.09319526702165604
0.10724852234125136
0.11316568404436111
0.11094674468040466
0.11908283829689024
0.11316568404436111
0.11760354787111282
0.12647928297519684
0.11464496701955797
0.13535502552986145
0.1331360936164856
0.13165681064128876
0.11612425744533537
0.11760354787111282
0.11020710319280624
0.10133136063814165
0.10650887340307236
0.0998520702123642
0.11390532553195952
0.09911242872476576
0.0791420117020607
0.10355029255151749
0.09097632765769958
0.08727810531854628
0.07322484999895094
0.10355029255151749
0.09319526702165604
0.08949704468250273
0.1042899414896965
0.07174555957317352
0.06434911489486694
0.09023668617010115
0.1042899414896965
0.06286982446908951
0.06434911489486694
0.06065088883042336
0.07544378936290741
0.04807692393660545
0.045857988297939294
0.04659763351082802
0.1042899414896965
0.1590236723423004
0.13683432340621948
0.17159762978553772
0.22707100212574005
0.207840234041214
0.25443786382675165
0.2596153914928436
0.17751479148864746
0.14423076808452606
0.07026626914739609
0.047337278723716736
0.024408284574747086
0.038461539894342416
0.025887573137879368
0.006656804587692022
0.022928994148969647
0.0
0.00813609454780817
0.0377218946814537
0.11168639361858368
0.37130177021026606
0.6560651063919067
1.0
0.6501479148864746
0.3846153914928436
0.3054733872413635
0.20488165318965912
0.1005917191505432
0.07026626914739609
0.045118343085050576
0.03698224946856499
0.051775146275758736
0.04289940744638442
0.05325443670153618
0.05695266276597977
0.06139053404331207
0.0710059180855751
0.08062130212783813
0.08949704468250273
0.08653846383094788
0.1042899414896965
0.10281065106391905
0.0
0.0
0.0
0.0
0.0
0.0
0.0
0.0
0.0
