1.0
0.5632239580154419
0.30212354660034174
0.11389961093664168
0.08638995885848999
0.06563706696033478
0.08832046389579774
0.08011583238840102
0.05984555929899216
0.04005791619420052
0.07915057986974716
0.08011583238840102
0.09266409277915953
0.105694979429245
0.09604246914386749
0.12065637111663818
0.09942085295915604
0.1278957575559616
0.16795367002487183
0.15202702581882477
0.2017374485731125
0.13899613916873932
0.205598458647728
0.20270270109176636
0.20511582493782043
0.25193050503730774
0.24855212867259976
0.26737451553344727
0.30550193786621094
0.31949806213378906
0.35328185558319086
0.32480695843696594
0.33590734004974365
0.3450772166252136
0.3383204638957977
0.3421814739704132
0.28812742233276367
0.28812742233276367
0.25193050503730774
0.22297297418117523
0.22490347921848297
0.17808879911899567
0.17277991771697998
0.1375482678413391
0.15057915449142456
0.1578185260295868
0.14768339693546295
0.14768339693546295
0.14671814441680908
0.1399613916873932
0.12210424989461897
0.1003860980272293
0.12982624769210815
0.12065637111663818
0.13079150021076202
0.13127413392066956
0.11872586607933044
0.11872586607933044
0.12741312384605408
0.1278957575559616
0.11293436586856842
0.09797297418117523
0.13416989147663116
0.14092664420604703
0.09604246914386749
0.125
0.11727799475193024
0.1085907369852066
0.0989382266998291
0.08204632997512817
0.10086872428655624
0.09652509540319441
0.08832046389579774
0.08638995885848999
0.11052123457193375
0.10279922932386398
0.09990347176790237
0.14092664420604703
0.14044401049613953
0.17808879911899567
0.16264478862285614
0.18243242800235748
0.21138995885849
0.19449806213378903
0.14092664420604703
0.1235521212220192
0.08059845864772797
0.05791505798697472
0.03764478862285615
0.02075289562344551
0.036196909844875336
0.01978764496743679
0.024131273850798607
0.026544401422142982
0.031370654702186584
0.04198841750621796
0.05164092779159546
0.04247104376554489
0.0
0.01689189113676548
0.09507721662521361
0.19111968576908112
0.6761583089828491
0.9946911334991456
0.5082046389579773
0.277027040719986
0.11583011597394945
0.052123550325632095
0.08735521137714387
0.06708494573831558
0.07577220350503922
0.06515444070100784
0.07625482976436616
0.07432432472705841
0.09121621400117874
0.09555984288454056
0.10472972691059113
0.10810811072587966
0.1114864870905876
0.10617760568857192
0.12451737374067307
0.10617760568857192
0.0
0.0
0.0
0.0
0.0
0.0
0.0
0.0
0.0
0.0
