0.9586410522460936
0.5864106416702272
0.3751846253871918
0.3264401853084564
0.2186115235090256
0.11742983758449554
0.053914327174425125
0.03840472549200057
0.06499261409044266
0.0686853751540184
0.05465288087725639
0.07237813621759415
0.07459379732608795
0.06277696043252945
0.10709010064601898
0.09010339528322221
0.10930576175451279
0.10192023962736128
0.09379615634679793
0.12186115235090256
0.1329394429922104
0.15361890196800232
0.1565731167793274
0.15288035571575165
0.19940915703773496
0.19940915703773496
0.24224519729614255
0.2518463730812073
0.2636632323265076
0.2799113690853119
0.28508123755455017
0.30206793546676636
0.3109305799007416
0.28286558389663696
0.23559822142124176
0.18316100537776947
0.1351550966501236
0.10709010064601898
0.07902511209249496
0.09379615634679793
0.060561299324035645
0.08197931945323944
0.07902511209249496
0.08862629532814026
0.08567208051681519
0.08567208051681519
0.111521415412426
0.10339733958244324
0.09601181745529175
0.08714918792247772
0.10709010064601898
0.11004431545734404
0.10782865434885024
0.130723774433136
0.0849335268139839
0.08345642685890196
0.0782865583896637
0.06499261409044266
0.0760709047317505
0.04357459396123886
0.07533235102891923
0.06573116779327393
0.05686853826045989
0.053914327174425125
0.050221566110849374
0.047267355024814606
0.07237813621759415
0.05760709196329117
0.06277696043252945
0.048005908727645874
0.07163958996534348
0.060561299324035645
0.059822745621204376
0.06203840300440788
0.07016248255968094
0.07533235102891923
0.06794682145118713
0.048005908727645874
0.06277696043252945
0.06129985302686691
0.04652880504727364
0.0332348607480526
0.0849335268139839
0.14327917993068695
0.14771048724651337
0.15288035571575165
0.2267355918884277
0.2267355918884277
0.261447548866272
0.2836041450500488
0.19054652750492093
0.16395863890647888
0.07385524362325667
0.05096011981368065
0.04283604025840759
0.04579025134444237
0.00664697214961052
0.011078286916017532
0.034711964428424835
0.0
0.0214180201292038
0.03101920150220394
0.10930576175451279
0.36189070343971247
0.6905465126037598
1.0
0.6964549422264099
0.4113737046718597
0.31905466318130493
0.20384047925472257
0.10635155439376832
0.06129985302686691
0.06277696043252945
0.06203840300440788
0.04579025134444237
0.0731166899204254
0.05539143458008766
0.05096011981368065
0.07680945098400117
0.07385524362325667
0.07754800468683241
0.08936484158039093
0.06794682145118713
0.11521418392658232
0.0
0.0
0.0
0.0
0.0
0.0
0.0
0.0
