0.9780219793319702
1.0
0.757242739200592
0.3686313629150391
0.27872127294540405
0.19580419361591336
0.1628371626138687
0.19480518996715543
0.17882117629051208
0.18381617963314056
0.18381617963314056
0.17882117629051208
0.20079919695854187
0.18481518328189847
0.1988012045621872
0.20379620790481567
0.1928071975708008
0.2177822142839432
0.18781219422817233
0.2177822142839432
0.22477522492408752
0.2077922075986862
0.2327672392129898
0.22577422857284543
0.260739266872406
0.279720276594162
0.2807192802429199
0.3076923191547394
0.31768232583999634
0.34865134954452515
0.35964035987854004
0.3586413562297821
0.37362638115882874
0.35764235258102417
0.3666333556175232
0.34065935015678406
0.30669331550598145
0.2957043051719665
0.24775224924087524
0.23976023495197296
0.2027972042560577
0.1768231838941574
0.18881118297576904
0.1738261729478836
0.18481518328189847
0.18581418693065643
0.15684315562248227
0.19480518996715543
0.16483516991138458
0.19680319726467127
0.19180819392204285
0.17482517659664154
0.21278721094131467
0.18581418693065643
0.18281717598438263
0.18081918358802795
0.1718281656503677
0.17982017993927
0.16083915531635284
0.17582418024539948
0.17882117629051208
0.14785215258598328
0.1598401665687561
0.12987013161182404
0.14085914194583893
0.1438561379909515
0.13486513495445251
0.14485514163970947
0.1118881106376648
0.11888112127780914
0.12987013161182404
0.15184815227985382
0.24375624954700467
0.2547452449798584
0.2977023124694824
0.3436563313007355
0.34065935015678406
0.3256743252277374
0.279720276594162
0.2427572458982468
0.15684315562248227
0.09690310060977936
0.1008991003036499
0.06093906238675117
0.06293706595897675
0.05294705182313919
0.03496503457427025
0.07492507249116898
0.032967034727334976
0.07292707264423369
0.19980019330978396
0.36963036656379694
0.7472527623176575
0.838161826133728
0.7022976875305176
0.33966034650802607
0.14785215258598328
0.07492507249116898
0.0
0.03896103799343109
0.04895104840397834
0.032967034727334976
0.05094905197620392
0.035964034497737885
0.07392607629299165
0.06593406945466995
0.051948051899671555
0.07492507249116898
0.042957041412591934
0.05994005873799324
0.06893106549978256
0.0
0.0
0.0
0.0
0.0
0.0
0.0
0.0
0.0
0.0
0.0
0.0
0.0
0.0
0.0
0.0
0.0
0.0
0.0
0.0
0.0
