0.9274509549140929
0.30392158031463623
0.08137255162000656
0.2088235318660736
0.12254901975393297
0.10882353037595748
0.08333333581686019
0.11666666716337204
0.09607843309640883
0.12058823555707932
0.13137255609035492
0.10196078568696976
0.14705882966518402
0.10000000149011612
0.1049019619822502
0.15392157435417175
0.1039215698838234
0.12352941185235976
0.1245098039507866
0.12156862765550612
0.1323529481887817
0.13431373238563535
0.16274510324001312
0.1352941244840622
0.13431373238563535
0.17450980842113495
0.1460784375667572
0.15882353484630585
0.16960784792900083
0.1715686321258545
0.17352941632270813
0.15098039805889127
0.18039216101169583
0.12941177189350128
0.11568627506494522
0.11666666716337204
0.14215686917304993
0.136274516582489
0.15490196645259857
0.1411764770746231
0.15098039805889127
0.12745098769664764
0.19411765038967127
0.18235294520854947
0.16470588743686676
0.1460784375667572
0.1460784375667572
0.17058824002742767
0.15196079015731812
0.1617647111415863
0.1352941244840622
0.15490196645259857
0.1764705926179886
0.15980392694473267
0.06666667014360428
0.15490196645259857
0.19019608199596405
0.16960784792900083
0.12156862765550612
0.13725490868091583
0.10588235408067705
0.14215686917304993
0.15098039805889127
0.13921569287776947
0.10000000149011612
0.1401960849761963
0.10000000149011612
0.1303921639919281
0.12745098769664764
0.10882353037595748
0.1352941244840622
0.13333334028720856
0.17352941632270813
0.2156862765550613
0.21764706075191495
0.14901961386203763
0.1617647111415863
0.13137255609035492
0.055882353335618966
0.05098039284348488
0.09607843309640883
0.07745098322629929
0.061764705926179886
0.01078431401401758
0.0
0.01078431401401758
0.013725490309298038
0.038235295563936234
0.02450980432331562
0.006862745154649019
0.1676470637321472
0.33921569585800165
0.472549021244049
0.7421568632125854
1.0
0.6058823466300964
0.11568627506494522
0.14705882966518402
0.125490203499794
0.07352941483259201
0.0941176488995552
0.022549020126461983
0.08039215952157974
0.0519607849419117
0.10098039358854292
0.08725490421056747
0.06470588594675064
0.09117647260427475
0.07843137532472609
0.062745101749897
0.1039215698838234
0.09117647260427475
0.0
0.0
0.0
0.0
0.0
0.0
0.0
0.0
0.0
0.0
0.0
0.0
0.0
0.0
0.0
0.0
0.0
0.0
0.0
0.0
