0.9894894957542419
0.48498499393463135
0.22822822630405423
0.342342346906662
0.07807807624340057
0.006006006151437759
0.02102102153003216
0.010510510765016077
0.0015015015378594398
0.04804804921150208
0.0
0.00900900922715664
0.02102102153003216
0.013513513840734959
0.07657657563686371
0.05405405536293984
0.11861861497163773
0.13513512909412384
0.1366366297006607
0.20270270109176636
0.18618617951869965
0.2387387454509735
0.27627629041671753
0.2912912964820862
0.3468468487262726
0.32582584023475647
0.3693693578243256
0.3693693578243256
0.3828828930854797
0.43393394351005554
0.35735735297203064
0.32282280921936035
0.2852852940559387
0.22072072327136996
0.2132132202386856
0.14114114642143247
0.157657653093338
0.14714714884757996
0.14864864945411682
0.20270270109176636
0.16816817224025726
0.21171170473098755
0.2237237244844437
0.19969969987869263
0.2612612545490265
0.21021020412445068
0.23723722994327545
0.21021020412445068
0.18018017709255216
0.23273272812366483
0.14414414763450623
0.157657653093338
0.1456456482410431
0.14414414763450623
0.17267267405986783
0.115615613758564
0.1531531512737274
0.13963964581489563
0.14114114642143247
0.16816817224025726
0.09459459781646729
0.13063062727451324
0.0990990996360779
0.07357357442378998
0.13813814520835876
0.18918919563293457
0.3333333432674408
0.3678678572177887
0.3603603541851044
0.48498499393463135
0.43393394351005554
0.4534534513950348
0.49849849939346313
0.4714714586734772
0.4834834933280945
0.2567567527294159
0.12762762606143951
0.060060061514377594
0.04204204306006432
0.07957957684993744
0.02702702768146992
0.04954954981803895
0.19069069623947144
0.03453453630208969
0.18168167769908905
0.5180180072784424
1.0
0.477477490901947
0.2522522509098053
0.3633633553981781
0.06606606394052505
0.0720720738172531
0.05405405536293984
0.05255255103111267
0.12162162363529204
0.03153153136372566
0.05405405536293984
0.07057057321071625
0.06306306272745132
0.12462462484836578
0.09459459781646729
0.12912912666797635
0.0
0.0
0.0
0.0
0.0
0.0
0.0
0.0
0.0
0.0
0.0
0.0
0.0
0.0
0.0
0.0
0.0
0.0
0.0
0.0
0.0
0.0
0.0
0.0
0.0
0.0
0.0
0.0
0.0
0.0
