1.0
0.4083250761032104
0.1506441980600357
0.0
0.19226957857608795
0.3290386497974396
0.3845391571521759
0.41823586821556086
0.4658077359199524
0.44796827435493464
0.44796827435493464
0.44995045661926264
0.4806739389896393
0.5203171372413635
0.5113974213600159
0.5143706798553467
0.5084241628646851
0.5668979287147522
0.5946481823921204
0.5896927714347839
0.603567898273468
0.5996035933494568
0.6600594520568848
0.701684832572937
0.7046580910682678
0.7502477765083314
0.7809712290763856
0.8473736643791199
0.8850346803665161
0.9048562645912169
0.921704649925232
0.9296333193778992
0.9444994926452637
0.9157581925392151
0.8275520205497741
0.7175421118736267
0.6313181519508362
0.5976213812828064
0.569871187210083
0.5153617262840271
0.4796828627586365
0.47670960426330566
0.4975222945213318
0.496531218290329
0.45688802003860474
0.4380574822425842
0.42715561389923096
0.4628344774246216
0.48463824391365046
0.4687809646129608
0.467789888381958
0.44400396943092346
0.4588701725006104
0.4628344774246216
0.4410307109355927
0.44003963470458973
0.41823586821556086
0.4410307109355927
0.4430128931999207
0.42616450786590576
0.43211099505424494
0.0
0.0
0.0
0.0
0.0
0.0
0.0
0.0
0.0
0.0
0.0
0.0
0.0
0.0
0.0
0.0
0.0
0.0
0.0
0.0
0.0
0.0
0.0
0.0
0.0
0.0
0.0
0.0
0.0
0.0
0.0
0.0
0.0
0.0
0.0
0.0
0.0
0.0
0.0
0.0
0.0
0.0
0.0
0.0
0.0
0.0
0.0
0.0
0.0
0.0
0.0
0.0
0.0
0.0
0.0
0.0
0.0
0.0
0.0
0.0
0.0
0.0
0.0
0.0
0.0
0.0
0.0
0.0
0.0
0.0
0.0
