0.9280535578727721
0.4149470031261444
0.19297267496585843
0.4099274873733521
0.43279421329498285
0.35694366693496704
0.2660345733165741
0.23591746389865875
0.2308979332447052
0.22253206372261047
0.2308979332447052
0.252649188041687
0.2643614113330841
0.23814836144447327
0.25543782114982605
0.2721695601940155
0.2582264244556427
0.2520914673805237
0.24874511361122129
0.24874511361122129
0.23926380276679993
0.23870608210563657
0.2169548273086548
0.20412716269493103
0.176240935921669
0.15560513734817505
0.11879531294107436
0.08533184975385667
0.07863914966583253
0.049079753458499915
0.035694368183612823
0.021751254796981808
0.0
0.020078081637620922
0.049079753458499915
0.07919687777757645
0.11210262030363081
0.12827663123607635
0.16006693243980408
0.18293362855911252
0.20635806024074557
0.22364751994609833
0.2465142160654068
0.261572778224945
0.2660345733165741
0.2598996162414551
0.27886223793029785
0.2744004428386688
0.2894590198993683
0.2755158841609955
0.2972671389579773
0.29615169763565063
0.28443947434425354
0.28443947434425354
0.3145565986633301
0.3357501327991485
0.41271612048149114
0.4049079716205597
0.4411600530147552
0.46402677893638605
0.43725600838661194
0.3848299086093903
0.39040714502334595
0.36754044890403753
0.3034021258354187
0.2822085916996002
0.2738427221775055
0.2548801004886627
0.2604573369026184
0.23034021258354187
0.26101505756378174
0.2587841749191284
0.2626882195472717
0.23870608210563657
0.25153374671936035
0.2548801004886627
0.2587841749191284
0.23759062588214877
0.176240935921669
0.01115448959171772
0.04071388766169548
0.2755158841609955
0.7105410099029541
1.0
0.3781372010707855
0.25543782114982605
0.48466256260871887
0.4026770889759064
0.3329615294933319
0.2760736048221588
0.2465142160654068
0.2409369796514511
0.2559955418109894
0.24707195162773127
0.2621304988861084
0.2755158841609955
0.2660345733165741
0.2716118097305298
0.26882320642471313
0.0
0.0
0.0
0.0
0.0
0.0
0.0
0.0
0.0
0.0
0.0
0.0
0.0
0.0
0.0
0.0
0.0
0.0
0.0
0.0
0.0
0.0
0.0
0.0
0.0
0.0
0.0
0.0
0.0
0.0
0.0
0.0
0.0
