1.0
0.6078184247016907
0.20176544785499567
0.4073140025138855
0.5428751707077025
0.4180327951908112
0.32534679770469666
0.26733922958374023
0.2774274945259094
0.2774274945259094
0.26923078298568726
0.2509457767009735
0.2774274945259094
0.30643126368522644
0.29634299874305725
0.29697352647781367
0.2919293940067291
0.26733922958374023
0.2679697275161743
0.2767969667911529
0.26355612277984614
0.2578814625740051
0.23833543062210083
0.21500630676746368
0.19924338161945343
0.16708701848983765
0.13556115329265594
0.10844893008470537
0.06179066747426987
0.037200503051280975
0.03152585029602051
0.01513240858912468
0.0
0.018915509805083275
0.039092056453228
0.0535939484834671
0.12610340118408203
0.15258511900901794
0.2093316465616226
0.22005043923854828
0.2578814625740051
0.25472888350486755
0.27175283432006836
0.2982345521450043
0.31778058409690857
0.32849937677383423
0.3272383213043213
0.3316519558429718
0.34047919511795044
0.3442623019218445
0.34047919511795044
0.33228248357772827
0.3366960883140564
0.3511979877948761
0.38146281242370605
0.4079445004463196
0.44388398528099055
0.46469104290008545
0.4899117350578308
0.5283732414245604
0.498108446598053
0.4583858847618103
0.465952068567276
0.44955864548683167
0.38335433602333063
0.3215636909008026
0.316519558429718
0.2925598919391632
0.3020176589488983
0.29129886627197266
0.27994954586029047
0.29129886627197266
0.2957124710083008
0.2881462872028351
0.2849937081336975
0.2723833620548248
0.2849937081336975
0.2540983557701111
0.2641866207122803
0.14754098653793335
0.06557376682758331
0.11097099632024764
0.5365700125694275
0.950189173221588
0.6097099781036377
0.21122319996356964
0.45018914341926575
0.5561160445213318
0.45964691042900085
0.3606557250022888
0.29886507987976074
0.2856242060661316
0.2786885201931
0.2906683385372162
0.30832281708717346
0.29382094740867615
0.30706179141998285
0.2900378406047821
0.28184109926223755
0.32093316316604614
0.0
0.0
0.0
0.0
0.0
0.0
0.0
0.0
0.0
0.0
0.0
0.0
0.0
0.0
0.0
0.0
0.0
0.0
0.0
0.0
0.0
0.0
0.0
0.0
0.0
0.0
0.0
0.0
0.0
0.0
0.0
0.0
