0.9630020856857299
0.3805496692657471
0.0
0.049682874232530594
0.29386892914772034
0.4598308801651001
0.4344608783721924
0.5750528573989868
0.5665962100028992
0.5
0.6035940647125244
0.5359408259391785
0.6078224182128905
0.6120507121086121
0.5126850008964539
0.6257928013801575
0.5782241225242615
0.5792812108993529
0.6120507121086121
0.5877378582954407
0.5782241225242615
0.5877378582954407
0.5792812108993529
0.5771670341491699
0.6099365949630737
0.6353065371513367
0.6173361539840697
0.646934449672699
0.6374207139015198
0.6437631845474243
0.6966173648834229
0.669133186340332
0.6775898337364197
0.7378435730934142
0.6257928013801575
0.6606765389442444
0.6374207139015198
0.6427061557769775
0.6035940647125244
0.5412262082099915
0.6109936833381653
0.5401691198348999
0.5909090638160706
0.6310782432556152
0.5243129134178162
0.6141648888587952
0.5961945056915283
0.6363636255264281
0.6088795065879822
0.5401691198348999
0.6501057147979736
0.6194503307342529
0.6744186282157898
0.6532769799232483
0.6173361539840697
0.6860465407371521
0.6923890113830566
0.6797040104866028
0.7029598355293274
0.6501057147979736
0.724101483821869
0.7177590131759644
0.7642706036567688
0.7198731303215027
0.706131100654602
0.7727272510528563
0.7579281330108641
0.7568710446357726
0.7727272510528563
0.6997885704040527
0.7600423097610474
0.7378435730934142
0.7230443954467772
0.7219873070716859
0.7304439544677734
0.7653276920318604
0.7230443954467772
0.7822409868240355
0.8202959895133971
0.7050740122795105
0.7991543412208557
0.7632135152816771
0.7505285143852234
0.7589852213859558
0.7441860437393187
0.7695560455322266
0.773784339427948
0.8086680769920349
0.8150105476379393
0.7251585721969603
0.7854122519493102
0.7991543412208557
0.8403805494308471
0.8107822537422179
0.8076109886169434
0.8033826351165771
0.8234672546386719
0.8255813717842102
0.8625792860984801
0.8002114295959472
0.7928118109703064
0.7875264286994934
0.8498942852020263
0.8298097252845763
0.7780126929283142
0.8657505512237549
0.8646934628486633
0.9418604373931885
0.9587737917900083
0.8752642869949341
0.9281184077262878
0.9534883499145507
0.9397463202476499
0.9904862642288208
0.9408034086227418
0.9460887908935546
1.0
0.9344608783721923
0.8879492878913878
0.7769556045532225
0.8329809904098511
0.8868921995162963
0.8065539002418518
0.8498942852020263
0.8150105476379393
0.0
0.0
0.0
0.0
0.0
0.0
0.0
