0.9212262034416199
1.0
0.22933644056320193
0.022506790235638615
0.2173069417476654
0.4567326307296753
0.48622429370880127
0.48971673846244806
0.5048506259918213
0.4935972094535828
0.49825379252433777
0.4904928207397461
0.4970896244049072
0.5075669288635254
0.5040745139122009
0.4928210973739624
0.4761350452899933
0.49243307113647455
0.5032984018325806
0.4885525703430176
0.5060147643089294
0.48544818162918085
0.4932091534137726
0.5106713175773621
0.4986418187618256
0.5083430409431458
0.48234382271766657
0.48971673846244806
0.4835079610347748
0.45556849241256714
0.44625532627105713
0.404734194278717
0.3872720301151276
0.38533177971839905
0.3573923110961914
0.36515328288078314
0.3333333432674408
0.35428792238235474
0.37097400426864624
0.3787349760532379
0.3930927515029907
0.39542102813720703
0.4291812181472778
0.44431510567665106
0.4439270496368408
0.46371749043464655
0.46294140815734863
0.4710904061794281
0.47962746024131775
0.4815677106380463
0.49747768044471746
0.4788513779640198
0.49437329173088074
0.48932868242263794
0.4881645441055298
0.48971673846244806
0.46371749043464655
0.4726426005363464
0.48583623766899114
0.450523853302002
0.4730306565761566
0.4668218791484833
0.4710904061794281
0.4835079610347748
0.4730306565761566
0.48001551628112793
0.45712068676948553
0.47186651825904846
0.4811796545982361
0.4582848250865936
0.4815677106380463
0.459837019443512
0.4683740735054016
0.47807529568672175
0.47147846221923834
0.5001940131187439
0.48932868242263794
0.5075669288635254
0.5246410369873047
0.5048506259918213
0.5029103755950928
0.4730306565761566
0.4679860174655914
0.459837019443512
0.4427629113197327
0.46992626786232
0.45712068676948553
0.46061310172080994
0.4512999653816223
0.4338378012180328
0.4489716589450836
0.43267366290092474
0.4388824105262756
0.45362824201583857
0.4516880214214325
0.5265812873840332
0.6150562763214111
0.7109041810035706
0.9604191184043884
0.7776484489440918
0.0
0.021342646330595016
0.2828870713710785
0.4668218791484833
0.4811796545982361
0.4835079610347748
0.47652310132980347
0.4908808767795562
0.501358151435852
0.49398526549339294
0.5021342635154724
0.49126890301704407
0.5075669288635254
0.5118354558944702
0.49514940381050104
0.5199844837188721
0.0
0.0
0.0
0.0
0.0
0.0
0.0
0.0
0.0
0.0
0.0
0.0
0.0
0.0
0.0
0.0
