1.0
0.9485294222831726
0.688112735748291
0.343137264251709
0.24448528885841367
0.18075980246067047
0.16911764442920685
0.16115196049213407
0.14276960492134094
0.15931372344493863
0.16237744688987732
0.1666666716337204
0.1721813678741455
0.16973039507865903
0.18014705181121823
0.1666666716337204
0.1844362765550613
0.1936274468898773
0.20036764442920685
0.20465686917304993
0.21691176295280457
0.23590686917304993
0.250612735748291
0.24325980246067047
0.27879902720451355
0.3008578419685364
0.3241421580314636
0.3633578419685364
0.3768382370471954
0.3976715803146362
0.4136029481887817
0.42279410362243647
0.4209558963775634
0.3553921580314636
0.31433823704719543
0.27022057771682734
0.23345588147640228
0.1948529481887817
0.13664215803146362
0.125
0.1200980395078659
0.12683823704719543
0.12377450615167616
0.11274509876966476
0.11825980246067049
0.08639705926179884
0.10539215803146362
0.12990196049213407
0.09375
0.09926470369100569
0.09558823704719543
0.0882352963089943
0.10049019753932951
0.1041666641831398
0.11397058516740798
0.11274509876966476
0.11335784196853636
0.11274509876966476
0.09803921729326248
0.08333333581686019
0.06985294073820114
0.08700980246067046
0.08455882221460342
0.05821078270673752
0.07659313827753067
0.07843137532472609
0.08333333581686019
0.09865196049213408
0.08455882221460342
0.09620098024606703
0.082720585167408
0.09681372344493866
0.10661764442920683
0.10110294073820114
0.10906862467527388
0.15625
0.18137255311012268
0.20159313082695007
0.21384803950786593
0.23897059261798856
0.24632352590560916
0.2340686321258545
0.2083333283662796
0.15318627655506134
0.1354166716337204
0.09313725680112839
0.08762254565954208
0.11029411852359772
0.08517156541347502
0.08639705926179884
0.0
0.012867647223174572
0.26838234066963196
0.46568626165390015
0.9908088445663453
0.8964460492134094
0.7843137383460999
0.4607843160629272
0.23284313082695007
0.18566176295280457
0.12193627655506134
0.11887254565954208
0.12622548639774323
0.11397058516740798
0.11580882221460342
0.09865196049213408
0.11335784196853636
0.13664215803146362
0.11887254565954208
0.12990196049213407
0.13848039507865903
0.16237744688987732
0.1721813678741455
0.1556372493505478
0.0
0.0
0.0
0.0
0.0
0.0
0.0
0.0
0.0
0.0
0.0
0.0
0.0
0.0
0.0
0.0
0.0
0.0
