1.0
0.7848731875419616
0.3836050629615784
0.10280796885490416
0.11594203114509583
0.14673912525177
0.18704709410667417
0.1884057968854904
0.18025362491607663
0.18614129722118375
0.18025362491607663
0.18432970345020291
0.18432970345020291
0.19112318754196167
0.17980071902275083
0.1865942031145096
0.1924818903207779
0.1884057968854904
0.19519928097724917
0.19565217196941373
0.19519928097724917
0.20606884360313413
0.21739129722118375
0.229619562625885
0.23460145294666288
0.2395833283662796
0.25769928097724915
0.26313406229019165
0.2853260934352875
0.2862318754196167
0.29347825050354004
0.29800724983215326
0.3011775314807892
0.2894021868705749
0.28442028164863586
0.2653985619544983
0.2441123127937317
0.23596014082431796
0.23097826540470123
0.21195651590824127
0.1988224685192108
0.1933876872062683
0.19927535951137543
0.20018115639686584
0.1961050778627396
0.19021739065647125
0.19701087474823
0.19701087474823
0.1947463750839233
0.2051630467176437
0.19157609343528748
0.20063406229019165
0.19746376574039456
0.1875
0.18523550033569333
0.1816123127937317
0.17889492213726044
0.1816123127937317
0.17617753148078918
0.1634963750839233
0.1634963750839233
0.16259057819843292
0.16032609343528748
0.15081521868705747
0.1557970941066742
0.16802535951137543
0.15307970345020294
0.14945651590824127
0.14764492213726044
0.1503623127937317
0.15896739065647125
0.1426630467176437
0.176630437374115
0.19701087474823
0.2087862342596054
0.20063406229019165
0.20289854705333707
0.20788043737411496
0.2065217345952988
0.18931159377098083
0.19157609343528748
0.18342390656471247
0.1662137657403946
0.13813406229019165
0.11730072647333144
0.09692028909921646
0.09827898442745207
0.09556159377098083
0.09510869532823561
0.09601449221372604
0.09193840622901917
0.09239130467176435
0.07155796885490417
0.006340579595416784
0.004528985358774662
0.15625
0.54076087474823
0.9519927501678466
0.6313405632972717
0.23686593770980835
0.0
0.026268115267157555
0.039855074137449265
0.06974637508392334
0.06884057819843292
0.0738224610686302
0.0783514529466629
0.06929347664117813
0.07155796885490417
0.0674818828701973
0.06793478131294249
0.06702898442745209
0.06612318754196167
0.06838767975568771
0.06702898442745209
0.06702898442745209
0.0
0.0
0.0
0.0
0.0
0.0
0.0
0.0
0.0
0.0
0.0
0.0
0.0
0.0
0.0
0.0
