1.0
0.9123957157135008
0.831346869468689
0.6483909487724304
0.3516090512275696
0.18772348761558527
0.11799761652946472
0.11382598429918288
0.10488677024841309
0.1734207421541214
0.22467222809791565
0.2544696033000946
0.24433849751949313
0.25864124298095703
0.2705602049827576
0.2860548198223114
0.2759237289428711
0.27890345454216003
0.27532777190208435
0.29022645950317383
0.30929678678512573
0.30929678678512573
0.3164481520652771
0.35458880662918085
0.3784267008304596
0.392133504152298
0.42669844627380366
0.4558998942375183
0.4934445917606354
0.5369487404823303
0.5744934678077698
0.6066746115684509
0.634684145450592
0.6466031074523926
0.6382598280906677
0.6030989289283752
0.5685339570045471
0.5190703272819519
0.47675803303718567
0.4404052495956421
0.41060787439346313
0.38498210906982416
0.34982120990753174
0.3379022777080536
0.32598331570625305
0.31048867106437683
0.30929678678512573
0.30035758018493647
0.2955899834632873
0.2949940264225006
0.288438618183136
0.28784266114234924
0.2836710512638092
0.28903457522392273
0.2794994115829468
0.28903457522392273
0.28247913718223566
0.2932061851024628
0.2938021421432495
0.2812872529029846
0.2747318148612976
0.288438618183136
0.28009533882141113
0.2794994115829468
0.2794994115829468
0.26281288266181946
0.25864124298095703
0.26877233386039734
0.2610250413417816
0.24374255537986755
0.24731823801994324
0.24851013720035553
0.24195471405982968
0.24195471405982968
0.2610250413417816
0.29797378182411194
0.32359951734542847
0.3301549553871155
0.3629320561885834
0.3694874942302704
0.3134684264659881
0.33075088262557983
0.31585219502449036
0.2610250413417816
0.22824791073799133
0.21871274709701535
0.2061978578567505
0.19725863635540009
0.20679379999637604
0.18653158843517303
0.1609058380126953
0.1507747322320938
0.19189511239528656
0.17759236693382263
0.1823599487543106
0.16924910247325897
0.1978545933961868
0.18772348761558527
0.19725863635540009
0.2073897570371628
0.20977354049682617
0.20143027603626248
0.19904647767543793
0.1984505355358124
0.19547079503536224
0.19189511239528656
0.211561381816864
0.13110846281051636
0.0
0.08045291900634764
0.43504172563552856
0.9886770248413086
0.8271751999855042
0.7461263537406921
0.5661501884460449
0.2371871322393417
0.11740166693925856
0.05125148966908455
0.03277711570262909
0.02502979710698128
0.1239570900797844
0.15852205455303192
0.1710369437932968
0.1656734198331833
0.1823599487543106
0.18533968925476077
0.191299170255661
0.16805721819400787
0.19010727107524872
0.20441001653671265
0.1978545933961868
0.20321811735630035
