1.0
0.688524603843689
0.25468385219573975
0.0
0.08021077513694763
0.22482435405254364
0.25995317101478577
0.2505854666233063
0.29449647665023804
0.26229506731033325
0.2874707281589508
0.2874707281589508
0.28278687596321106
0.3237704932689667
0.2740046977996826
0.3085480034351349
0.2968384027481079
0.289227157831192
0.33840748667716974
0.2974238991737366
0.30913349986076355
0.2880561947822571
0.2921545803546905
0.3272833824157715
0.26756441593170166
0.30327868461608887
0.3108899295330048
0.3155737817287445
0.3875878155231476
0.36007025837898254
0.4174472987651825
0.4560889899730682
0.46018734574317927
0.544496476650238
0.5210772752761841
0.5415691137313843
0.561475396156311
0.5439109802246094
0.5497658252716064
0.4718969464302063
0.44613581895828247
0.40866509079933167
0.3951990604400634
0.39695549011230474
0.33196720480918884
0.33372366428375244
0.3120608925819397
0.31733021140098566
0.3483606576919556
0.29449647665023804
0.323184996843338
0.2927400469779968
0.2991803288459778
0.33372366428375244
0.2921545803546905
0.2991803288459778
0.2804449796676636
0.2898126542568207
0.3196721374988556
0.2710772752761841
0.295667439699173
0.28337237238883967
0.27927401661872864
0.3278688490390777
0.28337237238883967
0.28512880206108093
0.27751755714416504
0.2804449796676636
0.3120608925819397
0.25702574849128723
0.28688523173332214
0.2781030535697937
0.28512880206108093
0.35655736923217773
0.31674474477767944
0.3682669699192047
0.3348946273326874
0.35245901346206665
0.4180327951908112
0.3717798590660095
0.40807962417602534
0.36124122142791754
0.3483606576919556
0.37587821483612066
0.28278687596321106
0.2862997651100158
0.25292739272117615
0.23711943626403809
0.26053863763809204
0.22423887252807617
0.2628805637359619
0.24180327355861664
0.24238875508308408
0.26814988255500793
0.26229506731033325
0.4759953022003174
0.5708431005477905
0.8495315909385681
0.9964871406555176
0.6352459192276001
0.2751756310462952
0.004098360426723957
0.10245901346206664
0.216042160987854
0.23243559896945956
0.28454333543777466
0.2704918086528778
0.2687353491783142
0.26990631222724915
0.25117096304893494
0.30386418104171753
0.27985948324203486
0.2740046977996826
0.29800936579704285
0.283957839012146
0.0
0.0
0.0
0.0
0.0
0.0
0.0
0.0
0.0
0.0
0.0
0.0
0.0
0.0
0.0
0.0
0.0
