1.0
0.39483627676963806
0.244332492351532
0.23614609241485596
0.12153652310371398
0.056675061583518975
0.03778337687253952
0.02896725386381149
0.012594458647072315
0.011964735575020312
0.021410578861832615
0.035894207656383514
0.01826196536421776
0.010705289430916308
0.011335012502968311
0.021410578861832615
0.008816121146082878
0.01889168843626976
0.002518891589716077
0.005037783179432154
0.03778337687253952
0.0
0.013224181719124315
0.017002519220113754
0.02896725386381149
0.030226700007915497
0.01952141150832176
0.04596977308392525
0.05100755766034126
0.06989924609661102
0.09508816152811049
0.07808564603328703
0.09886649996042253
0.09256926923990248
0.08375314623117447
0.09697733074426652
0.07178841531276703
0.09256926923990248
0.08123425394296646
0.08564231544733046
0.07808564603328703
0.06612090766429901
0.08060453087091446
0.06549118459224701
0.06801007688045502
0.07304786145687102
0.05541561543941498
0.08501259237527846
0.063602015376091
0.06549118459224701
0.09697733074426652
0.06612090766429901
0.08816120773553848
0.09193954616785048
0.10642317682504653
0.14924433827400208
0.17317380011081696
0.21788413822650907
0.20528967678546903
0.2739294767379761
0.258816123008728
0.238664984703064
0.20465995371341705
0.19395466148853305
0.193324938416481
0.1549118459224701
0.10012594610452652
0.11083123087882996
0.08375314623117447
0.07304786145687102
0.06989924609661102
0.06863979995250702
0.07808564603328703
0.05919395387172698
0.06801007688045502
0.130982369184494
0.32493701577186584
0.5654911994934082
0.8545340299606323
0.8954659700393677
0.36083123087883
0.249370276927948
0.26007556915283203
0.13224181532859802
0.07745592296123505
0.06612090766429901
0.057934507727622986
0.06989924609661102
0.05604533851146697
0.061712846159935
0.05919395387172698
0.05919395387172698
0.07304786145687102
0.0
0.0
0.0
0.0
0.0
0.0
0.0
0.0
0.0
0.0
0.0
0.0
0.0
0.0
0.0
0.0
0.0
0.0
0.0
0.0
0.0
0.0
0.0
0.0
0.0
0.0
0.0
0.0
0.0
0.0
0.0
0.0
0.0
0.0
0.0
0.0
0.0
0.0
0.0
