0.9455851912498474
0.6416837573051453
0.4989733099937439
0.42094457149505615
0.3470225930213928
0.3388090431690216
0.34907597303390503
0.4045174419879913
0.3798767924308777
0.40965092182159424
0.40041068196296686
0.3921971321105957
0.447638601064682
0.3747433125972748
0.42094457149505615
0.4260780215263367
0.3901437222957611
0.44147843122482294
0.4065708518028259
0.4106776118278504
0.4229979515075684
0.43839836120605463
0.4507186710834503
0.4188911616802216
0.4178644716739655
0.3767967224121094
0.35934290289878845
0.3624230027198792
0.29158109426498413
0.290554404258728
0.2340862452983856
0.1724846065044403
0.17864476144313812
0.1303901374340057
0.10574948787689208
0.15195071697235107
0.17453798651695251
0.223819300532341
0.20739220082759857
0.22689938545227048
0.2248459905385971
0.23511293530464167
0.29876795411109924
0.2669404447078705
0.26180699467659
0.30082136392593384
0.2731006145477295
0.3039014339447021
0.2669404447078705
0.2761806845664978
0.2659137547016144
0.2669404447078705
0.28336754441261286
0.2515400350093841
0.29671457409858704
0.2577002048492432
0.2515400350093841
0.31211498379707336
0.2843942642211914
0.26180699467659
0.2607802748680115
0.2689938545227051
0.29774126410484314
0.2556468248367309
0.3347022533416748
0.3696098625659943
0.41478440165519714
0.395277202129364
0.4681724905967712
0.4856262803077698
0.48151952028274536
0.5020533800125122
0.5051334500312805
0.40965092182159424
0.3234086334705353
0.2638603746891022
0.2310061603784561
0.24743326008319852
0.19507186114788053
0.21560575067996976
0.21047228574752808
0.20431211590766904
0.2094455808401108
0.19301848113536835
0.19301848113536835
0.2053388059139252
0.23921971023082733
0.2381930202245712
0.18275153636932373
0.19199179112911224
0.15092402696609497
0.035934291779994965
0.0
0.3254620134830475
0.7402464151382446
1.0
0.7700205445289613
0.9537987709045409
0.9496920108795166
0.7443531751632689
0.49486652016639704
0.4825462102890015
0.395277202129364
0.3203285336494446
0.36139631271362305
0.3829568922519684
0.4065708518028259
0.40965092182159424
0.3747433125972748
0.3788501024246216
0.39630389213562006
0.4373716711997986
0.0
0.0
0.0
0.0
0.0
0.0
0.0
0.0
0.0
0.0
0.0
0.0
0.0
0.0
0.0
0.0
0.0
0.0
0.0
0.0
