1.0
0.8325281739234924
0.15297906100749967
0.00805152952671051
0.0
0.0386473424732685
0.19806763529777527
0.3558776080608368
0.34621578454971313
0.4468598961830139
0.4202898442745209
0.40499195456504816
0.48228663206100464
0.5853462219238281
0.6706924438476562
0.6940418481826782
0.706924319267273
0.7318840622901917
0.7037037014961243
0.7334943413734435
0.7198067903518677
0.7117552161216736
0.7504025697708131
0.7439613342285155
0.793075680732727
0.7785829305648804
0.7632850408554077
0.7898550629615783
0.7528180480003358
0.7536231875419616
0.7657004594802856
0.6940418481826782
0.695652186870575
0.6924315690994263
0.7093397974967957
0.694847047328949
0.6392914652824402
0.6505635976791382
0.6191626191139221
0.6086956262588501
0.6441223621368408
0.5950080752372742
0.5853462219238281
0.5684379935264587
0.6392914652824402
0.6288244724273682
0.6400966048240662
0.6288244724273682
0.5917874574661255
0.629629611968994
0.6658614873886108
0.6135265827178955
0.6207729578018188
0.6199678182601929
0.6497584581375122
0.6553945541381836
0.6320450901985168
0.6690821051597595
0.6835748553276062
0.695652186870575
0.6763284802436829
0.6578099727630615
0.607085347175598
0.6239935755729675
0.6320450901985168
0.6561996936798096
0.6763284802436829
0.6497584581375122
0.6658614873886108
0.6771336793899536
0.7198067903518677
0.6867954730987549
0.7423510551452637
0.7584540843963622
0.8276972770690918
0.8599033951759337
0.845410645008087
0.8784219026565551
0.7858293056488037
0.770531415939331
0.759259283542633
0.6312399506568909
0.6159420013427734
0.5805153250694275
0.6151368618011475
0.6046698689460753
0.5708534717559814
0.5571658611297609
0.5571658611297609
0.6264089941978456
0.0
0.0
0.0
0.0
0.0
0.0
0.0
0.0
0.0
0.0
0.0
0.0
0.0
0.0
0.0
0.0
0.0
0.0
0.0
0.0
0.0
0.0
0.0
0.0
0.0
0.0
0.0
0.0
0.0
0.0
0.0
0.0
0.0
0.0
0.0
0.0
0.0
0.0
0.0
0.0
0.0
0.0
