1.0
0.6982524394989014
0.5735922455787659
0.3269902765750885
0.20038834214210513
0.16660194098949432
0.11961165070533752
0.12116505205631256
0.10485436767339706
0.1071844696998596
0.09980582445859908
0.09747572988271712
0.10174757242202757
0.08737864345312119
0.0803883522748947
0.0803883522748947
0.07689320296049118
0.09475728124380112
0.08621358871459961
0.09281553328037262
0.08893203735351561
0.10330097377300262
0.12582524120807648
0.1005825251340866
0.1293203830718994
0.1304854303598404
0.13631068170070648
0.16155339777469635
0.16737863421440125
0.18485437333583832
0.19689320027828217
0.19689320027828217
0.19650486111640927
0.17669902741909027
0.1829126179218292
0.1677669882774353
0.15378640592098236
0.1553398072719574
0.1366990357637405
0.13592232763767242
0.12582524120807648
0.12038835138082504
0.12815533578395844
0.11961165070533752
0.11456310749053956
0.12038835138082504
0.12310679256916046
0.13359223306179047
0.11883495002985
0.12194174528121948
0.12427184730768204
0.12194174528121948
0.1285436898469925
0.10990291088819504
0.12038835138082504
0.11145631223917007
0.10485436767339706
0.11999999731779099
0.11184465885162352
0.1071844696998596
0.10679611563682556
0.10135922580957411
0.11262135952711104
0.09165048599243165
0.10019417107105257
0.09747572988271712
0.09087378531694412
0.11650485545396803
0.09941747784614563
0.10563106834888458
0.10213591903448103
0.10174757242202757
0.10796116292476654
0.08699028939008711
0.10951456427574156
0.10873786360025404
0.10485436767339706
0.09436893463134764
0.0757281556725502
0.08388349413871765
0.07999999821186066
0.06135922297835351
0.09165048599243165
0.07689320296049118
0.07961165159940718
0.07883495092391966
0.07650485634803773
0.08310679346323013
0.06485436856746674
0.08815533667802809
0.07805825024843216
0.07611650228500366
0.08504854142665863
0.0652427151799202
0.07300970703363417
0.07339806109666824
0.07378640770912169
0.08776699006557465
0.08427184820175171
0.12155339866876602
0.1514563113451004
0.14834950864315033
0.18097087740898127
0.1774757355451584
0.17475728690624237
0.15106795728206635
0.1366990357637405
0.116116501390934
0.06058252602815628
0.06834951788187027
0.05165048688650131
0.04466019570827484
0.056699030101299286
0.04427184537053108
0.05165048688650131
0.0
0.04077669978141785
0.2765048444271088
0.6691262125968933
0.8718446493148804
0.6365048289299011
0.5157281756401062
0.25359222292900085
0.15844659507274628
0.10990291088819504
0.07650485634803773
0.06291262060403824
0.07339806109666824
0.05786407738924026
0.05980582535266876
0.05786407738924026
0.049320388585329056
