0.9443877339363098
0.8081632852554321
0.3969387710094452
0.4760203957557678
0.3540816307067871
0.3836734592914581
0.3571428656578064
0.2438775449991226
0.361224502325058
0.3632653057575226
0.3862244784832001
0.28316327929496765
0.406632661819458
0.3821428716182709
0.3117347061634064
0.3045918345451355
0.3158163130283356
0.2938775420188904
0.39948979020118713
0.31020408868789673
0.4301020503044128
0.41326531767845154
0.35459184646606445
0.3321428596973419
0.26989796757698054
0.21938775479793549
0.3214285671710968
0.3499999940395355
0.26428571343421936
0.16989795863628387
0.2469387799501419
0.25765305757522583
0.16785714030265808
0.22551020979881287
0.24336734414100647
0.3132652938365936
0.294897973537445
0.29234692454338074
0.37448978424072266
0.3576530516147613
0.2954081594944
0.422959178686142
0.2709183692932129
0.2994897961616516
0.4627551138401032
0.35051020979881287
0.3153061270713806
0.3362244963645935
0.24744898080825803
0.4647959172725677
0.3489795923233032
0.3642857074737549
0.343367338180542
0.3295918405056
0.4918367266654968
0.34132653474807734
0.3183673322200775
0.36989796161651606
0.4586734771728516
0.48316326737403864
0.4377551078796386
0.47551020979881287
0.5612244606018065
0.4586734771728516
0.5556122660636902
0.4632652997970581
0.5076530575752257
0.35357141494750977
0.49081632494926447
0.375
0.3693877458572388
0.3510203957557678
0.2826530635356903
0.3423469364643097
0.39948979020118713
0.19183672964572904
0.18469387292861936
0.0
0.4734693765640258
0.964285731315613
1.0
0.6214285492897034
0.4479591846466064
0.5260204076766968
0.4377551078796386
0.42653059959411616
0.4698979556560516
0.3316326439380646
0.388775497674942
0.3984693884849548
0.49336734414100647
0.3704081773757935
0.3265306055545807
0.3755102157592773
0.0
0.0
0.0
0.0
0.0
0.0
0.0
0.0
0.0
0.0
0.0
0.0
0.0
0.0
0.0
0.0
0.0
0.0
0.0
0.0
0.0
0.0
0.0
0.0
0.0
0.0
0.0
0.0
0.0
0.0
0.0
0.0
0.0
0.0
0.0
0.0
0.0
0.0
