1.0
0.7561853528022766
0.24966262280941007
0.03688709065318108
0.12415654212236404
0.1003148928284645
0.13135401904582977
0.14260008931159973
0.07962213456630705
0.09221772104501724
0.11426001042127608
0.09401709586381912
0.10976158082485198
0.08007197827100754
0.08591993153095245
0.1322537064552307
0.07017543911933899
0.1156095340847969
0.1187584325671196
0.13630229234695435
0.14125056564807892
0.13000449538230896
0.17543859779834747
0.09266756474971773
0.13945119082927704
0.13855150341987607
0.19028340280056
0.18668465316295624
0.20197930932044983
0.20737741887569427
0.21547459065914157
0.2330184429883957
0.23571750521659848
0.24966262280941007
0.25056231021881104
0.26990553736686707
0.1875843405723572
0.21007646620273593
0.23796671628952024
0.20782725512981412
0.18713450431823728
0.1686909645795822
0.16464237868785858
0.15609537065029144
0.13765181601047516
0.17588843405246735
0.17004048824310303
0.15879441797733307
0.14215025305747983
0.14260008931159973
0.14664867520332336
0.13270355761051175
0.1538461595773697
0.21547459065914157
0.14215025305747983
0.1430499255657196
0.1889338791370392
0.1551956832408905
0.18083670735359192
0.150697261095047
0.16554206609725952
0.18173639476299283
0.1673414260149002
0.1686909645795822
0.1794871836900711
0.19028340280056
0.18668465316295624
0.22896985709667203
0.26405757665634155
0.2874493896961212
0.21187584102153775
0.28250113129615784
0.2766531705856323
0.21727395057678223
0.17004048824310303
0.150697261095047
0.10751236975193024
0.09266756474971773
0.12280701845884325
0.09221772104501724
0.1111111119389534
0.08457040041685104
0.08232118934392929
0.09221772104501724
0.0638776421546936
0.0
0.17813764512538907
0.4408456981182098
0.8277103304862976
0.9734593033790588
0.45479083061218256
0.10301394760608672
0.029689608141779896
0.07017543911933899
0.08142150193452835
0.104813314974308
0.0899685099720955
0.14080071449279785
0.07377418130636214
0.07782275974750519
0.09221772104501724
0.08906882256269456
0.12055780738592148
0.10616284608840942
0.0760233923792839
0.09806567430496217
0.0
0.0
0.0
0.0
0.0
0.0
0.0
0.0
0.0
0.0
0.0
0.0
0.0
0.0
0.0
0.0
0.0
0.0
0.0
0.0
0.0
0.0
0.0
0.0
0.0
0.0
