1.0
0.4672693312168121
0.23784288763999936
0.1103491261601448
0.1259351670742035
0.0950748100876808
0.07481297105550766
0.06421446055173874
0.0557980053126812
0.05953865498304367
0.05268079787492752
0.048004988580942154
0.052057355642318726
0.04862842708826065
0.0551745630800724
0.05236907675862312
0.057668328285217285
0.05860349163413048
0.06296758353710175
0.0698254331946373
0.0685785561800003
0.0832294300198555
0.09039900451898576
0.09538653492927553
0.11751870065927504
0.13497506082057953
0.1617830395698547
0.1823566108942032
0.20199501514434812
0.22506234049797055
0.23815461993217468
0.254675805568695
0.25716957449913025
0.24220697581768036
0.2200748175382614
0.18391521275043488
0.1670822948217392
0.14619700610637665
0.1268703192472458
0.1112842857837677
0.09476309269666672
0.08946383744478226
0.08572319149971008
0.08167082071304321
0.08042394369840622
0.08011221885681152
0.08198254555463792
0.0832294300198555
0.07418952882289886
0.082294262945652
0.08073566108942032
0.07855361700057982
0.08011221885681152
0.07605984807014465
0.07418952882289886
0.07169575989246368
0.07481297105550766
0.07668329030275343
0.07169575989246368
0.070137158036232
0.06140897795557976
0.06514962762594223
0.06390274316072464
0.06016209349036217
0.06421446055173874
0.05860349163413048
0.06140897795557976
0.05829177051782608
0.06172069907188416
0.06296758353710175
0.05455112084746361
0.05891521275043488
0.05735660716891289
0.05423939973115921
0.06203242018818855
0.05735660716891289
0.06639651209115982
0.06203242018818855
0.057668328285217285
0.05985037237405777
0.05922693386673927
0.05953865498304367
0.06296758353710175
0.06452618539333344
0.07169575989246368
0.07917705923318864
0.11876558512449265
0.13123440742492676
0.11876558512449265
0.12780548632144928
0.14214463531970975
0.13591022789478302
0.1399625986814499
0.14370323717594147
0.1256234347820282
0.1091022416949272
0.0835411474108696
0.08821696043014526
0.06390274316072464
0.05673316866159439
0.05299251899123192
0.05330424010753632
0.05299251899123192
0.052057355642318726
0.04862842708826065
0.03709476441144943
0.0
0.010598503984510899
0.22381545603275296
0.4392144680023193
0.5916458964347839
0.962281823158264
0.4900249242782593
0.24594762921333313
0.10504987835884094
0.1109725683927536
0.10068578273057936
0.07730673253536224
0.070137158036232
0.0685785561800003
0.06701994687318802
0.06639651209115982
0.07200748473405838
0.07231920212507248
0.07637157291173936
0.07761845737695694
0.07481297105550766
0.07450124621391296
0.06483790278434753
0.08509974926710127
0.08104737848043442
0.08884040266275404
