0.9732087254524232
0.4803738296031952
0.1582554578781128
0.0
0.09408099949359891
0.12897196412086487
0.10903427004814148
0.13457943499088287
0.12211838364601137
0.13208723068237305
0.12336448580026627
0.12523365020751953
0.13644859194755554
0.1059190034866333
0.12523365020751953
0.10778816044330596
0.09470404684543608
0.11339563876390456
0.06728971749544144
0.0959501564502716
0.11900311708450316
0.12274143099784852
0.15576323866844177
0.16012461483478546
0.20685358345508573
0.23862928152084353
0.2573208808898926
0.27601245045661926
0.24236759543418884
0.24423676729202273
0.2174454778432846
0.21682243049144745
0.21682243049144745
0.16697819530963895
0.17943924665451047
0.18193146586418152
0.1738317757844925
0.18193146586418152
0.1595015525817871
0.1919003129005432
0.1975077837705612
0.20062305033206937
0.2230529636144638
0.1862928420305252
0.20498442649841309
0.18753893673419952
0.20000000298023224
0.2031152695417404
0.1862928420305252
0.1975077837705612
0.1862928420305252
0.17133955657482147
0.1919003129005432
0.17258566617965698
0.2616822421550751
0.2566978335380554
0.24797508120536804
0.2710280418395996
0.2093457877635956
0.21682243049144745
0.1968847364187241
0.17943924665451047
0.1968847364187241
0.14766354858875275
0.15700934827327728
0.1738317757844925
0.12897196412086487
0.15202492475509644
0.12647974491119385
0.16012461483478546
0.21682243049144745
0.4411214888095856
0.7233644723892213
1.0
0.406853586435318
0.06230529770255089
0.024299064651131626
0.07850467413663864
0.0859813094139099
0.08971962332725525
0.07912772893905638
0.07725856453180313
0.10404984652996065
0.09283488988876343
0.11090342700481413
0.09470404684543608
0.10218068212270735
0.0
0.0
0.0
0.0
0.0
0.0
0.0
0.0
0.0
0.0
0.0
0.0
0.0
0.0
0.0
0.0
0.0
0.0
0.0
0.0
0.0
0.0
0.0
0.0
0.0
0.0
0.0
0.0
0.0
0.0
0.0
0.0
0.0
0.0
0.0
0.0
0.0
0.0
0.0
0.0
0.0
0.0
0.0
0.0
0.0
