1.0
0.7473964691162108
0.4480503797531128
0.22717365622520447
0.172438845038414
0.1612981408834457
0.1298135071992874
0.11407120525836945
0.11043836176395416
0.10147735476493835
0.09687575697898863
0.10002421587705612
0.09154759347438812
0.09203197062015533
0.09518042951822282
0.08888350427150726
0.08694598823785782
0.08476628363132477
0.08621942251920701
0.08767256140708923
0.0816178247332573
0.08646161109209059
0.0859772339463234
0.09203197062015533
0.094453863799572
0.10196173191070557
0.11843061447143555
0.12496972829103468
0.13417291641235352
0.14046984910964963
0.15233713388442993
0.1612981408834457
0.1683216243982315
0.1770404428243637
0.18527488410472867
0.18309518694877625
0.1813998520374298
0.17098571360111237
0.16275127232074735
0.1470089554786682
0.13296197354793549
0.12400096654891968
0.11625090986490248
0.11092273890972136
0.1034148707985878
0.09881327301263808
0.09832889586687088
0.09760232269763945
0.10026641190052032
0.0946960523724556
0.09857108443975449
0.10123516619205473
0.09566480666399002
0.09929765015840529
0.09978202730417252
0.10268830507993698
0.10050860047340392
0.09711794555187224
0.10075078904628752
0.09687575697898863
0.10268830507993698
0.0949382409453392
0.09106320887804031
0.09324291348457336
0.09663356840610504
0.094453863799572
0.09130539745092393
0.08961007744073868
0.08961007744073868
0.0900944545865059
0.09324291348457336
0.09590700268745422
0.08743037283420561
0.08694598823785782
0.08621942251920701
0.08888350427150726
0.08476628363132477
0.08331315219402313
0.08549285680055618
0.07943812012672424
0.07895374298095702
0.07846936583518982
0.08282877504825592
0.08864131569862364
0.08016468584537506
0.08210220187902449
0.08016468584537506
0.08016468584537506
0.0816178247332573
0.09808670729398727
0.10753209143877028
0.11407120525836945
0.10898522287607192
0.1077742800116539
0.11068055033683775
0.10704771429300308
0.09154759347438812
0.10268830507993698
0.09857108443975449
0.09106320887804031
0.08016468584537506
0.07725841552019118
0.06563332676887512
0.06224267557263374
0.06345362216234207
0.060547348111867905
0.06078953668475151
0.05812545493245125
0.0561879388988018
0.041172195225954056
0.0
0.05134415253996849
0.2719786763191223
0.484620988368988
0.6471300721168518
0.9789295196533203
0.6427706480026245
0.3734560310840607
0.1634778380393982
0.12618067860603333
0.1041414365172386
0.07871155440807343
0.060547348111867905
0.05860983207821847
0.05860983207821847
0.05328166484832764
0.05546136945486069
0.049406636506319046
0.051828529685735696
0.0515863411128521
0.04456284642219544
0.042383141815662384
