1.0
0.9519063830375672
0.428509533405304
0.26516464352607727
0.15034662187099457
0.16334488987922668
0.1993067562580109
0.2105719298124313
0.2287694960832596
0.2287694960832596
0.22703640162944796
0.21967071294784543
0.24306759238243103
0.22790294885635373
0.24133448302745816
0.24653379619121552
0.2170710563659668
0.24913345277309415
0.24696707725524905
0.22790294885635373
0.2582322359085083
0.22053726017475128
0.21967071294784543
0.22833621501922607
0.20797227323055267
0.21923743188381195
0.1811091899871826
0.18847486376762393
0.1759098768234253
0.1390814632177353
0.12521663308143616
0.07495667040348053
0.04766031354665756
0.020797226577997208
0.0
0.015597919933497904
0.000433275563409552
0.024696707725524902
0.0658578872680664
0.08578856289386749
0.1356152445077896
0.13734835386276245
0.17157712578773499
0.18717505037784576
0.1975736618041992
0.21967071294784543
0.19844020903110504
0.20797227323055267
0.21490468084812164
0.2292027771472931
0.24090121686458588
0.21577122807502744
0.2296360433101654
0.2248700112104416
0.2383015602827072
0.2495667189359665
0.2287694960832596
0.2404679358005524
0.246100515127182
0.2344020754098892
0.25259965658187866
0.23570190370082852
0.2383015602827072
0.24176776409149167
0.24133448302745816
0.2474003434181213
0.2296360433101654
0.23916810750961304
0.23223569989204407
0.2287694960832596
0.2456672489643097
0.22400346398353577
0.22790294885635373
0.24133448302745816
0.23093587160110476
0.2361351847648621
0.21923743188381195
0.2361351847648621
0.2365684509277344
0.23786827921867368
0.2456672489643097
0.21967071294784543
0.21490468084812164
0.23526863753795624
0.2365684509277344
0.27209705114364624
0.26776430010795593
0.29289427399635315
0.3188908100128174
0.3080589175224304
0.34662044048309326
0.33405545353889465
0.339254766702652
0.3483535647392273
0.3028596043586731
0.2746967077255249
0.2179376035928726
0.20797227323055267
0.2144713997840881
0.21230502426624295
0.21837088465690607
0.18674176931381223
0.2001733034849167
0.22053726017475128
0.2075389921665192
0.14514730870723724
0.08275563269853592
0.15554592013359067
0.4995667338371277
0.9250433444976807
0.9662045240402221
0.44324091076850886
0.2625649869441986
0.15381282567977905
0.11828422546386717
0.1975736618041992
0.1954072862863541
0.20797227323055267
0.20103986561298368
0.1993067562580109
0.2218370884656906
0.21013864874839783
0.22270363569259644
0.2296360433101654
0.21923743188381195
0.23223569989204407
0.2248700112104416
0.2326689809560776
0.2209705412387848
0.2218370884656906
0.23916810750961304
0.20797227323055267
