0.9169037938117982
0.472965270280838
0.41491177678108215
0.4490608870983124
0.307911217212677
0.296528160572052
0.2623790502548218
0.252703458070755
0.2697780430316925
0.24473534524440765
0.28514513373374933
0.26579397916793823
0.28514513373374933
0.28856003284454346
0.262948215007782
0.2976664900779724
0.27660784125328064
0.28969836235046387
0.2925440967082977
0.2692088782787323
0.30506545305252075
0.28286853432655334
0.29368242621421814
0.29368242621421814
0.2697780430316925
0.31018781661987305
0.2902674973011017
0.3016505539417267
0.2862834334373474
0.25554922223091125
0.2811610698699951
0.24359704554080963
0.24416619539260864
0.22652247548103327
0.20432555675506592
0.2413204312324524
0.2185543477535248
0.2424587309360504
0.2424587309360504
0.22310757637023923
0.265224814414978
0.24473534524440765
0.25611838698387146
0.2470119595527649
0.220830962061882
0.2595332860946655
0.23335230350494385
0.24075128138065335
0.2293682396411896
0.20432555675506592
0.23961298167705533
0.21627774834632876
0.23335230350494385
0.22310757637023923
0.2094479203224182
0.2566875219345093
0.23505976796150208
0.24758110940456393
0.23904383182525635
0.2276607900857925
0.2737621068954468
0.2509960234165192
0.2612407505512237
0.252703458070755
0.23278315365314484
0.27717700600624084
0.24758110940456393
0.2623790502548218
0.2538417875766754
0.23961298167705533
0.28286853432655334
0.24359704554080963
0.25554922223091125
0.2470119595527649
0.2373363673686981
0.2720546424388885
0.24075128138065335
0.25441092252731323
0.26579397916793823
0.2492885589599609
0.27831530570983887
0.24416619539260864
0.25441092252731323
0.2367672175168991
0.22879908978939056
0.2749004065990448
0.251565158367157
0.2612407505512237
0.2492885589599609
0.24359704554080963
0.2800227701663971
0.2481502592563629
0.265224814414978
0.252703458070755
0.25441092252731323
0.2794536054134369
0.24359704554080963
0.25611838698387146
0.2794536054134369
0.31018781661987305
0.3466135561466217
0.34262949228286743
0.39897552132606506
0.35571998357772827
0.37393283843994146
0.38019350171089167
0.2862834334373474
0.2726237773895264
0.2367672175168991
0.22196926176548004
0.24359704554080963
0.21400113403797147
0.2373363673686981
0.2185543477535248
0.21741604804992676
0.21058622002601624
0.0
0.025042686611413956
0.44849175214767456
1.0
0.8645418286323547
0.39783722162246704
0.4348320960998535
0.39271485805511475
0.32043254375457764
0.296528160572052
0.23449060320854187
0.2373363673686981
0.22652247548103327
0.2424587309360504
0.0
0.0
