0.9707192778587341
0.9070655703544616
0.35327816009521484
0.1164863109588623
0.05474220216274261
0.03437301144003868
0.11966899782419203
0.19605347514152527
0.19032463431358335
0.1877784878015518
0.20432844758033752
0.21196690201759336
0.19669000804424283
0.19669000804424283
0.23742839694023127
0.23615531623363492
0.23615531623363492
0.27562060952186584
0.2883513569831848
0.2654360234737396
0.28580522537231445
0.31890514492988586
0.34118396043777466
0.399745374917984
0.3838319480419159
0.4366645514965057
0.4614894986152649
0.4933163523674011
0.5181413292884827
0.5117759108543396
0.5117759108543396
0.5073201656341553
0.4812221527099609
0.4054742157459259
0.3469128012657165
0.32272437214851374
0.25588795542716974
0.24061107635498047
0.2011457681655884
0.1985996216535568
0.2011457681655884
0.1884150207042694
0.17122851312160492
0.178230419754982
0.19032463431358335
0.18014003336429596
0.17377465963363647
0.18523234128952024
0.17632082104682922
0.18332272768020627
0.2005092352628708
0.20687460899353027
0.19796307384967804
0.20369191467761996
0.20241884887218475
0.1884150207042694
0.1769573539495468
0.1877784878015518
0.1699554473161697
0.16231699287891388
0.16868236660957336
0.14767663180828094
0.1559516191482544
0.17250159382820127
0.1546785533428192
0.1451304852962494
0.14003819227218628
0.12921705842018127
0.14322087168693542
0.13176320493221283
0.16422660648822784
0.13494589924812317
0.16104392707347867
0.2227880358695984
0.2437937557697296
0.2711648643016815
0.26352640986442566
0.32272437214851374
0.27434754371643066
0.25779756903648376
0.24697645008563995
0.1922342479228973
0.1495862454175949
0.11966899782419203
0.13494589924812317
0.10821133106946944
0.089115209877491
0.09166136384010315
0.09484405070543288
0.0942075103521347
0.07702100276947021
0.09166136384010315
0.18586887419223783
0.3723742961883545
0.4010184705257416
0.5671547055244446
1.0
0.6849140524864197
0.1992361545562744
0.0330999381840229
0.0
0.045194145292043686
0.13112667202949524
0.15085932612419128
0.13749204576015472
0.14258433878421783
0.16740930080413818
0.1877784878015518
0.18077658116817477
0.2005092352628708
0.1839592605829239
0.20942075550556183
0.22024188935756683
0.2463399171829224
0.2597071826457977
0.0
0.0
0.0
0.0
0.0
0.0
0.0
0.0
0.0
0.0
0.0
0.0
0.0
0.0
0.0
0.0
0.0
