0.9309523701667785
0.7648809552192688
0.3761904835700989
0.25059524178504944
0.2630952298641205
0.19702380895614624
0.14404761791229248
0.1398809552192688
0.13452380895614624
0.13035714626312256
0.11666666716337204
0.12976190447807312
0.12261904776096344
0.14702381193637848
0.130952388048172
0.14523810148239136
0.14761905372142792
0.13571429252624512
0.15416666865348816
0.1547619104385376
0.15119047462940216
0.15416666865348816
0.17023809254169464
0.16547618806362152
0.14702381193637848
0.15297618508338928
0.18273809552192688
0.15714286267757416
0.1428571492433548
0.17738094925880432
0.17440475523471832
0.18273809552192688
0.1755952388048172
0.20476190745830533
0.1964285671710968
0.20416666567325592
0.20059524476528168
0.16488094627857208
0.24285714328289032
0.2053571492433548
0.17202380299568176
0.21011905372142792
0.19880951941013336
0.20178571343421936
0.19226190447807312
0.2113095223903656
0.21904762089252472
0.19702380895614624
0.17797619104385376
0.18511904776096344
0.16428571939468384
0.16488094627857208
0.16904762387275696
0.1785714328289032
0.17916665971279144
0.18273809552192688
0.19107143580913544
0.1636904776096344
0.16845238208770752
0.15416666865348816
0.184523805975914
0.16785714030265808
0.18690475821495056
0.17916665971279144
0.18392856419086456
0.17023809254169464
0.20059524476528168
0.21369047462940216
0.24226190149784088
0.28333333134651184
0.3214285671710968
0.3285714387893677
0.32083332538604736
0.28214284777641296
0.27440476417541504
0.2702381014823913
0.23690475523471832
0.2410714328289032
0.255952388048172
0.18333333730697632
0.16249999403953552
0.1666666716337204
0.14345237612724304
0.18095238506793973
0.1577380895614624
0.13571429252624512
0.122023805975914
0.03750000149011612
0.09107142686843872
0.0
0.22083333134651184
0.7636904716491699
1.0
0.7892857193946838
0.3910714387893677
0.2755952477455139
0.23749999701976776
0.21309523284435272
0.16845238208770752
0.14702381193637848
0.14642857015132904
0.13928571343421936
0.15238095819950104
0.17916665971279144
0.15297618508338928
0.12261904776096344
0.0
0.0
0.0
0.0
0.0
0.0
0.0
0.0
0.0
0.0
0.0
0.0
0.0
0.0
0.0
0.0
0.0
0.0
0.0
0.0
0.0
0.0
0.0
0.0
0.0
0.0
