1.0
0.7950680255889891
0.13945578038692474
0.17091836035251615
0.0
0.06207482889294624
0.10629251599311829
0.17687074840068817
0.19982993602752683
0.18112245202064517
0.19897958636283877
0.20068027079105377
0.2083333283662796
0.19557823240756989
0.19472789764404297
0.18027210235595703
0.20493197441101077
0.1913265287876129
0.1726190447807312
0.16241496801376343
0.1615646332502365
0.1615646332502365
0.17006802558898923
0.15731292963027954
0.1734693944454193
0.16241496801376343
0.13350340723991394
0.125
0.12414965778589249
0.12329932302236556
0.12329932302236556
0.09523809701204303
0.10289115458726882
0.1071428582072258
0.10459183901548384
0.1190476194024086
0.1190476194024086
0.10544217377901076
0.13605442643165588
0.190476194024086
0.21683673560619357
0.25255101919174194
0.27551019191741943
0.2610544264316559
0.2857142984867096
0.2967686951160431
0.29931971430778503
0.30612245202064514
0.29591837525367737
0.2976190447807312
0.31037414073944086
0.3205782175064087
0.32397958636283875
0.317176878452301
0.32482993602752686
0.3205782175064087
0.32568028569221497
0.32482993602752686
0.3392857015132904
0.32227891683578486
0.32568028569221497
0.31122449040412903
0.323129266500473
0.33418366312980646
0.31972789764404297
0.3095238208770752
0.31972789764404297
0.3214285671710968
0.34608843922615046
0.33078232407569885
0.3316326439380646
0.3375850319862366
0.3469387888908386
0.34948980808258057
0.369047611951828
0.3469387888908386
0.3562925159931183
0.34948980808258057
0.3503401279449463
0.3613945543766022
0.35799318552017206
0.36649659276008606
0.3554421663284302
0.3452380895614624
0.3324829936027527
0.35374149680137634
0.36564627289772034
0.34863945841789246
0.35969388484954834
0.3409864008426666
0.3273809552192688
0.3503401279449463
0.34778910875320435
0.3562925159931183
0.34778910875320435
0.34183672070503235
0.32823130488395685
0.31887754797935486
0.32993197441101074
0.29931971430778503
0.3214285671710968
0.32568028569221497
0.31207484006881714
0.31377550959587097
0.33078232407569885
0.323129266500473
0.33503401279449463
0.31887754797935486
0.31632652878761286
0.32823130488395685
0.32482993602752686
0.31802719831466675
0.2916666567325592
0.29591837525367737
0.32397958636283875
0.36734694242477417
0.4047619104385376
0.47108843922615046
0.5306122303009033
0.5246598720550537
0.6284013390541077
0.6207482814788817
0.5569728016853333
0.47448980808258057
0.41751700639724726
0.38605442643165594
0.39030611515045166
0.30442178249359125
0.29251700639724726
0.2848639488220215
0.28316327929496765
0.28911563754081726
