0.9465330243110656
0.9665831327438353
0.8203843235969542
0.7385129332542419
0.6299080848693848
0.5697576999664307
0.5020885467529297
0.4461152851581573
0.35672515630722046
0.36173766851425165
0.3650793731212616
0.3308270573616028
0.32163742184638977
0.3049289882183075
0.29323309659957886
0.2957393527030945
0.23976607620716092
0.2255639135837555
0.16123642027378082
0.13199666142463684
0.19214703142642972
0.18462823331356049
0.21303258836269376
0.3208020031452179
0.42439430952072144
0.49624061584472656
0.5296574831008911
0.523809552192688
0.5154553055763245
0.4987468719482422
0.49039265513420094
0.47869673371315
0.4444444477558136
0.43776106834411616
0.399331659078598
0.417710930109024
0.3968254029750824
0.3550542891025543
0.3040935695171356
0.3208020031452179
0.3517126142978668
0.4728488028049469
0.3391812741756439
0.046783626079559326
0.0
0.28404343128204346
0.8888888955116272
1.0
0.841269850730896
0.7351712584495544
0.6850459575653076
0.61654132604599
0.5179615616798401
0.46365913748741144
0.39766082167625433
0.37343358993530273
0.34837093949317927
0.32915621995925903
0.3116123676300049
0.28738513588905334
0.310776948928833
0.2514619827270508
0.23391813039779663
0.23976607620716092
0.19465330243110657
0.16040100157260895
0.13116124272346497
0.14786967635154724
0.17293232679367063
0.23308271169662476
0.3333333432674408
0.39766082167625433
0.5045948028564453
0.49624061584472656
0.5196323990821838
0.0
0.0
0.0
0.0
0.0
0.0
0.0
0.0
0.0
0.0
0.0
0.0
0.0
0.0
0.0
0.0
0.0
0.0
0.0
0.0
0.0
0.0
0.0
0.0
0.0
0.0
0.0
0.0
0.0
0.0
0.0
0.0
0.0
0.0
0.0
0.0
0.0
0.0
0.0
0.0
0.0
0.0
0.0
0.0
0.0
0.0
0.0
0.0
0.0
0.0
0.0
0.0
0.0
0.0
0.0
0.0
0.0
