0.9869663119316099
0.8417977690696716
0.331235945224762
0.17393258213996887
0.012134831398725508
0.013932583853602408
0.08044943958520889
0.07640449702739716
0.0889887660741806
0.08089887350797653
0.09213483333587646
0.08314606547355652
0.09662920981645584
0.10741572827100752
0.09303370863199234
0.1011235937476158
0.10292135179042816
0.0997752845287323
0.11325842887163162
0.10247191041707993
0.10696629434823988
0.10202246904373168
0.1083146035671234
0.10516853630542757
0.09123595803976059
0.10247191041707993
0.08134831488132477
0.08224719017744064
0.08584269881248474
0.07191011309623718
0.07415730506181717
0.05348314717411994
0.04988764226436615
0.03415730223059654
0.027865167707204815
0.04179775342345238
0.045842695981264114
0.06696629524230957
0.10786516964435576
0.10651685297489166
0.11415730416774748
0.12404494732618332
0.13123595714569092
0.14606741070747375
0.1298876404762268
0.13887640833854675
0.13078652322292328
0.13168539106845856
0.13303370773792267
0.12719100713729858
0.13842695951461792
0.1406741589307785
0.137078657746315
0.14516854286193848
0.1393258422613144
0.13123595714569092
0.14022472500801086
0.12539325654506683
0.1334831416606903
0.12044943869113922
0.1289887577295303
0.117752805352211
0.12808988988399503
0.12224718928337096
0.11235955357551573
0.1191011220216751
0.11865168809890748
0.11146067082881927
0.14337079226970673
0.1289887577295303
0.13078652322292328
0.12359550595283508
0.12314606457948685
0.13842695951461792
0.12584269046783447
0.13258427381515503
0.12359550595283508
0.13033707439899445
0.13842695951461792
0.13258427381515503
0.13303370773792267
0.13528089225292203
0.12539325654506683
0.13258427381515503
0.13438202440738675
0.12853932380676267
0.1321348249912262
0.13303370773792267
0.1420224756002426
0.1465168595314026
0.15325842797756195
0.1420224756002426
0.14157302677631378
0.18202246725559235
0.2112359553575516
0.2305617928504944
0.23865167796611783
0.235505610704422
0.2597752809524536
0.27955055236816406
0.26247191429138184
0.2391011267900467
0.18831460177898407
0.16404494643211365
0.13123595714569092
0.1191011220216751
0.12179775536060332
0.11460673809051512
0.12314606457948685
0.12808988988399503
0.11146067082881927
0.02741573005914688
0.0
0.14382022619247437
0.6040449142456055
1.0
0.8233708143234254
0.3559550642967224
0.2692134976387024
0.08269663155078888
0.07280898839235306
0.1191011220216751
0.11235955357551573
0.1298876404762268
0.14157302677631378
0.13528089225292203
0.13258427381515503
0.12853932380676267
0.14112359285354614
0.14382022619247437
0.15191011130809784
0.15325842797756195
