1.0
0.7951344251632689
0.48079386353492737
0.23367477953433993
0.19910371303558347
0.1363636404275894
0.09667093306779859
0.12804096937179563
0.08642765879631041
0.10499359667301177
0.06145966798067093
0.06658130884170532
0.1190781071782112
0.10947503149509429
0.10883482545614243
0.11523687839508057
0.1120358482003212
0.1344430148601532
0.13124199211597443
0.14468629658222198
0.17605634033679962
0.12996159493923187
0.14724712073802948
0.16133162379264832
0.20230473577976224
0.20486555993556976
0.22919334471225736
0.2612035870552063
0.21638923883438113
0.26376441121101374
0.22279129922389984
0.2259923219680786
0.19910371303558347
0.17861716449260712
0.14788731932640076
0.08322663605213165
0.0646606907248497
0.05825864151120186
0.0
0.03841229155659676
0.026888605207204815
0.032010242342948914
0.06786171346902847
0.0473751612007618
0.08962868154048918
0.05569782480597496
0.07874520123004913
0.10307298600673676
0.10371318459510805
0.11523687839508057
0.09795134514570236
0.09282970428466797
0.056338027119636536
0.08130601793527603
0.09090909361839294
0.09539052844047545
0.058898847550153725
0.08514724671840668
0.08066581189632414
0.0697823315858841
0.0973111391067505
0.09603072702884674
0.10883482545614243
0.08066581189632414
0.10307298600673676
0.10627400875091551
0.11075544357299805
0.10627400875091551
0.08322663605213165
0.10051216185092926
0.1069142147898674
0.0819462239742279
0.0646606907248497
0.04801536351442337
0.0845070406794548
0.09667093306779859
0.05569782480597496
0.04865556955337525
0.05249679833650589
0.06530089676380157
0.08834826946258545
0.03585147112607956
0.05761843919754028
0.04289372637867928
0.08258643001317979
0.04929577559232712
0.054417412728071206
0.04353393241763114
0.059539053589105606
0.07298335433006287
0.0870678648352623
0.06530089676380157
0.04929577559232712
0.05697823315858841
0.07362356036901475
0.10627400875091551
0.04609474912285805
0.07746478915214537
0.07106274366378784
0.06914212554693222
0.08258643001317979
0.11139564961194992
0.019206145778298375
0.058898847550153725
0.07298335433006287
0.07490397244691847
0.060819461941719055
0.07746478915214537
0.0768245831131935
0.09987195581197737
0.12868118286132812
0.10947503149509429
0.1414852738380432
0.12291933596134184
0.17669653892517087
0.14276568591594696
0.12291933596134184
0.11779769510030746
0.1824583858251572
0.07106274366378784
0.0
0.0
0.0
0.0
0.0
0.0
0.0
0.0
0.0
0.0
0.0
0.0
