1.0
0.5726708173751831
0.06335403770208359
0.10310558974742888
0.16149067878723145
0.15900620818138123
0.2422360181808472
0.1440993845462799
0.16521738469600675
0.09689441323280334
0.1677018702030182
0.16149067878723145
0.16149067878723145
0.19130434095859528
0.19006210565567017
0.20124223828315732
0.16645961999893188
0.22981366515159607
0.23726707696914673
0.25217390060424805
0.24347825348377228
0.2857142984867096
0.2708074450492859
0.2807453274726868
0.2807453274726868
0.30062112212181086
0.2583850920200348
0.25465837121009827
0.3478260934352875
0.2459627389907837
0.2198757827281952
0.20621117949485776
0.1937888264656067
0.21863354742527008
0.197515532374382
0.19006210565567017
0.1440993845462799
0.145341619849205
0.15900620818138123
0.14658385515213013
0.15527950227260587
0.1813664585351944
0.15900620818138123
0.19006210565567017
0.22111801803112033
0.22857142984867093
0.19627329707145688
0.18633539974689484
0.16397514939308167
0.2037267088890076
0.1826086938381195
0.18881987035274503
0.1826086938381195
0.16894410550594327
0.21118012070655823
0.1925465911626816
0.16645961999893188
0.156521737575531
0.17888198792934415
0.17267081141471863
0.1440993845462799
0.16521738469600675
0.17142857611179352
0.15155279636383057
0.17515528202056885
0.260869562625885
0.3254658281803131
0.2745341658592224
0.4298136532306671
0.2782608568668365
0.41987577080726624
0.34906831383705134
0.2596273422241211
0.260869562625885
0.21490682661533356
0.13913042843341827
0.0894409939646721
0.09192546457052231
0.07080745697021484
0.07577639818191528
0.03478260710835457
0.03726708143949509
0.0385093167424202
0.03105590119957924
0.052173912525177
0.1838509291410446
0.31677019596099854
0.3254658281803131
0.5925465822219849
0.8931676745414733
0.6024844646453857
0.12546584010124207
0.0
0.16397514939308167
0.08198757469654083
0.1304347813129425
0.10931677371263504
0.1416149139404297
0.10062111914157867
0.13291925191879272
0.1739130467176437
0.12670807540416715
0.21366459131240845
0.14658385515213013
0.19627329707145688
0.1925465911626816
0.0
0.0
0.0
0.0
0.0
0.0
0.0
0.0
0.0
0.0
0.0
0.0
0.0
0.0
0.0
0.0
0.0
0.0
0.0
0.0
0.0
0.0
0.0
0.0
0.0
0.0
