1.0
0.8323036432266235
0.3830538392066956
0.12974403798580167
0.30450132489204407
0.20035304129123688
0.1729920506477356
0.16240070760250092
0.1818181872367859
0.15180934965610504
0.18446601927280423
0.15975287556648254
0.14298322796821594
0.17828772962093353
0.15180934965610504
0.1632833182811737
0.1632833182811737
0.2065313309431076
0.18976169824600217
0.18270079791545868
0.18711385130882263
0.18976169824600217
0.22153574228286743
0.19240953028202057
0.2082965523004532
0.22859664261341092
0.21712268888950348
0.2144748419523239
0.22065313160419464
0.1818181872367859
0.1994704306125641
0.22418358922004697
0.1888790875673294
0.18711385130882263
0.14121800661087036
0.14298322796821594
0.13945278525352478
0.10591350495815276
0.11827007681131362
0.12268314510583876
0.14651368558406827
0.12356575578451157
0.137687548995018
0.1553398072719574
0.1606354862451553
0.1650485396385193
0.15004412829875946
0.15004412829875946
0.1032656654715538
0.13415710628032684
0.15269197523593903
0.14916151762008667
0.1306266486644745
0.137687548995018
0.1368049383163452
0.1473962962627411
0.1306266486644745
0.13592232763767242
0.1606354862451553
0.12268314510583876
0.13592232763767242
0.11032656580209732
0.13503971695899963
0.137687548995018
0.11650485545396803
0.13415710628032684
0.09796999394893646
0.09090909361839294
0.12268314510583876
0.11209179461002348
0.13239188492298126
0.17828772962093353
0.2418358325958252
0.10767872631549837
0.11650485545396803
0.1288614273071289
0.03353927657008171
0.012356575578451157
0.04501323774456978
0.03265666216611862
0.009708737954497336
0.04060017690062522
0.030891438946127888
0.0
0.014121800661087036
0.03706972673535346
0.028243601322174072
0.04766107723116875
0.12709620594978333
0.27184465527534485
0.39629301428794866
0.65754634141922
0.8993821740150452
0.65754634141922
0.23565754294395447
0.12797881662845612
0.18623124063014984
0.11650485545396803
0.11738746613264084
0.11209179461002348
0.1041482761502266
0.07678729295730592
0.09179170429706573
0.11738746613264084
0.11032656580209732
0.11650485545396803
0.11297440528869628
0.07237422466278076
0.08120035380125044
0.08208296447992323
0.09973521530628204
0.0
0.0
0.0
0.0
0.0
0.0
0.0
0.0
0.0
0.0
0.0
0.0
0.0
0.0
0.0
0.0
0.0
0.0
0.0
0.0
0.0
