1.0
0.8087367415428162
0.3595041334629059
0.217827633023262
0.2886658906936645
0.16115702688694
0.13518299162387848
0.16410861909389496
0.16410861909389496
0.19480518996715543
0.17473435401916504
0.21546635031700132
0.2107437998056412
0.22963400185108185
0.23730814456939697
0.24025973677635193
0.2798110842704773
0.24144037067890167
0.2591499388217926
0.2798110842704773
0.26033058762550354
0.2804014086723328
0.2780401408672333
0.2591499388217926
0.2532467544078827
0.2266824096441269
0.26505312323570246
0.2473435699939728
0.24025973677635193
0.2556080222129822
0.2556080222129822
0.2615112066268921
0.2615112066268921
0.2243211269378662
0.23317591845989227
0.21959857642650604
0.2520661056041717
0.23140496015548703
0.24970483779907224
0.2526564300060272
0.2083825320005417
0.234356552362442
0.2001180648803711
0.2290436774492264
0.3051947951316833
0.29693034291267395
0.324084997177124
0.3353010714054108
0.29220777750015253
0.262691855430603
0.25147581100463867
0.2520661056041717
0.26033058762550354
0.24970483779907224
0.2733176052570343
0.19185359776020047
0.18063753843307492
0.1511216014623642
0.14639905095100403
0.1635182946920395
0.15466351807117462
0.15466351807117462
0.0938606858253479
0.08972845226526259
0.0
0.04427390918135643
0.49704840779304493
0.9929161667823792
0.9297520518302915
0.5082644820213318
0.19362455606460569
0.3040141761302948
0.24793387949466705
0.15171192586421967
0.2018890231847763
0.21133412420749664
0.18536008894443512
0.1942148804664612
0.2048406153917313
0.234356552362442
0.22963400185108185
0.0
0.0
0.0
0.0
0.0
0.0
0.0
0.0
0.0
0.0
0.0
0.0
0.0
0.0
0.0
0.0
0.0
0.0
0.0
0.0
0.0
0.0
0.0
0.0
0.0
0.0
0.0
0.0
0.0
0.0
0.0
0.0
0.0
0.0
0.0
0.0
0.0
0.0
0.0
0.0
0.0
0.0
0.0
0.0
0.0
0.0
0.0
0.0
0.0
0.0
0.0
