1.0
0.6929972171783447
0.48795518279075617
0.27563026547431946
0.2369747906923294
0.22913165390491483
0.2397759109735489
0.233613446354866
0.233613446354866
0.22128851711750033
0.2369747906923294
0.2274509817361832
0.2369747906923294
0.2425770312547684
0.23249299824237823
0.24201680719852448
0.23921568691730496
0.24201680719852448
0.2403361350297928
0.2397759109735489
0.2610644400119781
0.26554623246192927
0.25882354378700256
0.26274511218070984
0.27731093764305115
0.299719899892807
0.2879551947116852
0.3002801239490509
0.30196079611778254
0.3058823645114898
0.30980393290519714
0.299719899892807
0.2969187796115875
0.3025210201740265
0.2817927300930023
0.2873949706554413
0.2677871286869049
0.2689075767993927
0.25938376784324646
0.2442577034235001
0.2560224235057831
0.25042018294334406
0.22633053362369537
0.23025210201740265
0.22408963739871976
0.24313725531101224
0.233613446354866
0.2364145666360855
0.22633053362369537
0.22464986145496368
0.23753501474857328
0.22016806900501248
0.23025210201740265
0.23305322229862213
0.22577030956745148
0.2352941185235977
0.22577030956745148
0.21736694872379303
0.23137255012989044
0.2184873968362808
0.24593837559223172
0.21792717278003687
0.2352941185235977
0.24313725531101224
0.23249299824237823
0.24089635908603668
0.2274509817361832
0.22689075767993927
0.23865546286106107
0.2274509817361832
0.24537815153598783
0.22913165390491483
0.22913165390491483
0.2397759109735489
0.22801120579242704
0.24089635908603668
0.2218487411737442
0.22689075767993927
0.233613446354866
0.23137255012989044
0.2403361350297928
0.2358543425798416
0.23137255012989044
0.22969187796115875
0.2218487411737442
0.23865546286106107
0.23025210201740265
0.21904762089252472
0.2397759109735489
0.22801120579242704
0.24481792747974396
0.2380952388048172
0.2380952388048172
0.2369747906923294
0.2274509817361832
0.24649859964847565
0.2369747906923294
0.23921568691730496
0.250980406999588
0.2196078449487686
0.24705882370471957
0.23305322229862213
0.22633053362369537
0.2425770312547684
0.2369747906923294
0.250980406999588
0.24929971992969513
0.26386556029319763
0.283473402261734
0.2862745225429535
0.2974790036678314
0.2711484730243683
0.2812325060367584
0.2683473527431488
0.22464986145496368
0.2549019753932953
0.2549019753932953
0.22128851711750033
0.23025210201740265
0.20840336382389069
0.23921568691730496
0.21288515627384183
0.2005602270364761
0.2207282930612564
0.21344538033008573
0.23921568691730496
0.16470588743686676
0.06498599797487259
0.0
0.4588235318660736
0.9322128891944883
0.7736694812774657
