1.0
0.43007582426071167
0.06486941874027252
0.0
0.021061498671770092
0.08508846163749696
0.1149957850575447
0.12468408048152924
0.12931761145591736
0.1335299015045166
0.14532434940338135
0.1436394304037094
0.1600673943758011
0.14700926840305328
0.16427969932556152
0.190817192196846
0.185762420296669
0.18786858022212985
0.20008423924446103
0.1958719491958618
0.20935130119323728
0.22704295814037323
0.23757371306419367
0.2670598030090332
0.2561078369617462
0.28180286288261414
0.28980624675750727
0.2982308268547058
0.2872788608074188
0.28433024883270264
0.2670598030090332
0.24726200103759763
0.23420387506484985
0.2392586320638657
0.2118786871433258
0.20682393014431
0.19165964424610135
0.1727042943239212
0.17017692327499387
0.1486941874027252
0.15838247537612915
0.1482729613780975
0.1482729613780975
0.1727042943239212
0.16175231337547302
0.16596461832523343
0.16512215137481687
0.18197135627269745
0.1912384182214737
0.1600673943758011
0.17691659927368164
0.16385847330093384
0.16807076334953308
0.1781802922487259
0.1743892133235931
0.16891323029994965
0.15796124935150146
0.16891323029994965
0.1516427993774414
0.14490312337875366
0.15374894440174103
0.15037910640239716
0.16048862040042877
0.1545914113521576
0.14743049442768097
0.1727042943239212
0.17059814929962158
0.19545072317123413
0.21777591109275815
0.22620050609111783
0.21314238011837003
0.22957034409046173
0.22662173211574557
0.22114574909210205
0.1802864372730255
0.19039595127105713
0.1520640254020691
0.12721145153045654
0.1175231710076332
0.11668070405721664
0.10909856855869292
0.10025274008512496
0.122577928006649
0.12342038750648499
0.1095197945833206
0.11583824455738068
0.1019376590847969
0.12468408048152924
0.115417018532753
0.1411120444536209
0.33361414074897766
0.46756529808044434
0.778854250907898
0.9793597459793091
0.49915754795074463
0.1044650375843048
0.017691658809781075
0.015164279378950596
0.06571187824010849
0.10909856855869292
0.12679022550582883
0.1149957850575447
0.12173546850681304
0.15248525142669675
0.14743049442768097
0.1482729613780975
0.1566975563764572
0.1676495373249054
0.16427969932556152
0.17649537324905396
0.0
0.0
0.0
0.0
0.0
0.0
0.0
0.0
0.0
0.0
0.0
0.0
0.0
0.0
0.0
0.0
0.0
0.0
0.0
0.0
0.0
0.0
