1.0
0.6269519925117493
0.1677270084619522
0.030075188726186752
0.10121457278728484
0.15095430612564087
0.17582418024539948
0.17004048824310303
0.18507808446884155
0.20763446390628812
0.19433198869228363
0.2047426253557205
0.2041642516851425
0.21688836812973025
0.2244071662425995
0.22267206013202667
0.2244071662425995
0.23019085824489596
0.24754193425178528
0.25563910603523254
0.2643146216869354
0.2724117934703827
0.282244086265564
0.30537882447242737
0.3314054310321808
0.3337189257144928
0.33834585547447205
0.3325621783733368
0.3302487134933472
0.3256217539310456
0.30827066302299494
0.29265472292900085
0.2724117934703827
0.25216889381408686
0.25506073236465454
0.24233661592006683
0.2365529239177704
0.22093695402145383
0.22035859525203705
0.21804511547088623
0.21804511547088623
0.21110469102859497
0.2006940394639969
0.2070561051368713
0.2163100093603134
0.21399652957916257
0.2163100093603134
0.20300751924514768
0.21283979713916776
0.2163100093603134
0.21746674180030823
0.21341815590858457
0.21168304979801175
0.21920184791088104
0.22035859525203705
0.240601509809494
0.270676702260971
0.2851359248161316
0.30190861225128174
0.31405436992645264
0.29959514737129206
0.310584157705307
0.2886061370372772
0.2620011568069458
0.282244086265564
0.25679582357406616
0.22787737846374512
0.21226142346858975
0.21052631735801697
0.189126655459404
0.17813764512538907
0.16136495769023895
0.16483516991138458
0.17177559435367584
0.16136495769023895
0.13013301789760587
0.027761712670326233
0.0
0.23019085824489596
0.6726431250572205
0.9762868881225586
0.5430884957313538
0.12608444690704343
0.05147483944892883
0.11740890890359879
0.15211105346679688
0.17293232679367063
0.18218623101711276
0.1920185089111328
0.1873915493488312
0.19433198869228363
0.1978022009134293
0.21688836812973025
0.21341815590858457
0.22961249947547913
0.22325043380260468
0.0
0.0
0.0
0.0
0.0
0.0
0.0
0.0
0.0
0.0
0.0
0.0
0.0
0.0
0.0
0.0
0.0
0.0
0.0
0.0
0.0
0.0
0.0
0.0
0.0
0.0
0.0
0.0
0.0
0.0
0.0
0.0
0.0
0.0
0.0
0.0
