0.9897511005401612
0.9751098155975341
0.9699853658676147
0.8060029149055482
0.5827232599258423
0.4341141879558563
0.27891653776168823
0.2642752528190613
0.2467057108879089
0.24524158239364624
0.23352855443954468
0.23352855443954468
0.24524158239364624
0.2379209399223328
0.24158126115798953
0.24377745389938357
0.2598828673362732
0.2459736466407776
0.2518301606178284
0.2598828673362732
0.26207906007766724
0.2781844735145569
0.27452415227890015
0.26647144556045527
0.27598828077316284
0.29282575845718384
0.30380672216415405
0.31478771567344666
0.313323587179184
0.32576867938041687
0.3199121654033661
0.3367496430873871
0.3433382213115692
0.34187409281730646
0.34919473528862
0.3404099643230438
0.3411420285701752
0.3308931291103363
0.3301610648632049
0.3250366151332855
0.31112736463546753
0.32210835814476013
0.30014640092849726
0.29282575845718384
0.29795020818710327
0.30087846517562866
0.2972181439399719
0.2957540154457092
0.2986822724342346
0.2986822724342346
0.3045387864112854
0.30673497915267944
0.3169839084148407
0.3169839084148407
0.3250366151332855
0.31478771567344666
0.3213762938976288
0.3235724866390228
0.3125915229320526
0.3140556514263153
0.3140556514263153
0.31918010115623474
0.3140556514263153
0.3045387864112854
0.313323587179184
0.2986822724342346
0.3023425936698913
0.30380672216415405
0.29795020818710327
0.30819910764694214
0.3060029149055481
0.3272328078746796
0.33162519335746765
0.32796487212181086
0.30966323614120483
0.30966323614120483
0.31112736463546753
0.30380672216415405
0.30527085065841675
0.33235725760459894
0.39311859011650085
0.44216692447662354
0.47364568710327143
0.47730600833892817
0.49633967876434326
0.5204977989196777
0.4546120166778565
0.46925330162048334
0.3872620761394501
0.39165446162223816
0.35578331351280207
0.2957540154457092
0.28404098749160767
0.2628111243247986
0.24304538965225217
0.234260618686676
0.23499268293380737
0.2232796549797058
0.23645681142807007
0.2371888756752014
0.2262079119682312
0.23279649019241333
0.23352855443954468
0.21083454787731168
0.12079063057899476
0.030014641582965847
0.0
0.1844802349805832
0.6808199286460876
1.0
0.9838945865631104
0.8836017847061157
0.7159590125083923
0.5175695419311523
0.34846267104148865
0.24816983938217163
0.22913616895675656
0.21742312610149384
0.2166910618543625
0.20571009814739227
0.20131771266460416
0.2166910618543625
0.2086383551359177
0.2086383551359177
0.2181551903486252
0.19765739142894745
0.2064421623945236
0.22108346223831177
0.0
0.0
0.0
0.0
