1.0
0.8207670450210571
0.4069918990135193
0.1513175070285797
0.12079311162233353
0.11270545423030852
0.07618054002523422
0.06939733773469925
0.05948343500494957
0.05870075523853303
0.06313592195510864
0.06626663357019424
0.06157056987285615
0.0670493096113205
0.07122358679771423
0.06757109612226486
0.07096268981695175
0.07409340143203734
0.07461518049240112
0.08348552137613297
0.08583354949951172
0.09000782668590546
0.09913905709981918
0.10931385308504105
0.11218366771936417
0.12470649927854537
0.13148969411849976
0.13592486083507535
0.1481868028640747
0.16305765509605408
0.18132011592388156
0.186537966132164
0.19384294748306277
0.19488650560379028
0.18784241378307345
0.17662405967712402
0.15549178421497345
0.13670754432678223
0.1278371959924698
0.11505348235368729
0.10566136240959167
0.0986172705888748
0.09366031736135481
0.0954865664243698
0.09209496527910233
0.0975737050175667
0.09783459454774857
0.09522566944360733
0.09653013199567795
0.09339942783117294
0.09653013199567795
0.09653013199567795
0.0944429934024811
0.0923558548092842
0.0944429934024811
0.1051395758986473
0.10070440918207169
0.09392120689153673
0.0944429934024811
0.09522566944360733
0.09679102897644043
0.08713801205158234
0.08844247460365294
0.08818157762289046
0.08844247460365294
0.09000782668590546
0.08531176298856734
0.08557265996932982
0.08348552137613297
0.08400730788707733
0.08870336413383485
0.08844247460365294
0.10383511334657668
0.1147925928235054
0.10748760402202606
0.11687973141670228
0.13305504620075223
0.13879467546939847
0.13879467546939847
0.14296895265579224
0.13592486083507535
0.11661883443593977
0.09000782668590546
0.0889642611145973
0.07722410559654237
0.07409340143203734
0.07252804934978485
0.07122358679771423
0.06678842008113861
0.059744324535131454
0.06417949497699738
0.0589616484940052
0.058439865708351135
0.05087398737668991
0.02008870244026184
0.0
0.13801200687885284
0.398121565580368
0.6269240975379944
0.9950430393218994
0.885468304157257
0.45525696873664856
0.17871119081974027
0.13905556499958038
0.1322723776102066
0.09835638105869293
0.07878945767879486
0.07044091075658798
0.071745365858078
0.068614661693573
0.07278893887996674
0.07278893887996674
0.07618054002523422
0.07983303070068358
0.07722410559654237
0.0827028453350067
0.08426819741725922
0.0907905027270317
0.0
0.0
0.0
0.0
0.0
0.0
0.0
0.0
0.0
0.0
0.0
0.0
0.0
0.0
