0.9978586435317992
0.5920770764350891
0.3137044906616211
0.039614561945199966
0.11134903877973557
0.12955032289028168
0.18736617267131803
0.2933618724346161
0.3099571764469147
0.34314775466918945
0.3463597297668457
0.3447537422180176
0.37473234534263605
0.3784796595573425
0.3506424129009247
0.3661670088768005
0.38383299112319946
0.3929336071014404
0.4063169062137604
0.41274088621139526
0.4159528911113739
0.4453961551189423
0.4609207808971405
0.4534261226654053
0.4732334017753601
0.4534261226654053
0.44860813021659846
0.42291221022605896
0.409528911113739
0.38383299112319946
0.38115632534027094
0.3763383328914642
0.3768736720085144
0.3533190488815308
0.39989292621612554
0.39828693866729736
0.41327622532844543
0.4009636044502258
0.4448608160018921
0.4544968008995056
0.429871529340744
0.4544968008995056
0.4657387435436249
0.49678799510002136
0.5455031991004944
0.552997887134552
0.5637044906616211
0.602783739566803
0.6423982977867126
0.6258029937744141
0.659528911113739
0.6322270035743712
0.5819057822227478
0.5396145582199097
0.5037473440170288
0.4684154093265533
0.44271948933601374
0.4325481653213501
0.4041755795478821
0.39721626043319697
0.41274088621139526
0.39882227778434753
0.40578159689903254
0.37526765465736395
0.39346894621849055
0.3854389786720276
0.3763383328914642
0.443254828453064
0.6124197244644165
0.9512848258018493
1.0
0.533725917339325
0.16970022022724152
0.0
0.07226980477571486
0.12955032289028168
0.20503212511539456
0.3426124155521393
0.38811564445495605
0.4084582328796386
0.4197002053260803
0.41274088621139526
0.4271948635578156
0.43736615777015686
0.0
0.0
0.0
0.0
0.0
0.0
0.0
0.0
0.0
0.0
0.0
0.0
0.0
0.0
0.0
0.0
0.0
0.0
0.0
0.0
0.0
0.0
0.0
0.0
0.0
0.0
0.0
0.0
0.0
0.0
0.0
0.0
0.0
0.0
0.0
0.0
0.0
0.0
0.0
0.0
0.0
0.0
0.0
0.0
0.0
0.0
0.0
0.0
