1.0
0.8374361395835875
0.314909428358078
0.04784022271633148
0.0
0.0640966072678566
0.12169066071510314
0.1532745063304901
0.18300046026706693
0.18300046026706693
0.18764515221118927
0.21830004453659055
0.20250812172889707
0.22805388271808624
0.21783557534217837
0.2294472903013229
0.250812828540802
0.2419879287481308
0.265675812959671
0.25870877504348755
0.27171388268470764
0.2842545211315155
0.2786809206008911
0.3019043207168579
0.31537389755249023
0.30422666668891907
0.33766835927963257
0.3246632516384125
0.3200185894966125
0.2930794358253479
0.2823966443538666
0.2619600594043732
0.22155132889747617
0.2303762137889862
0.20018579065799716
0.1839293986558914
0.17324663698673248
0.15791918337345123
0.16767302155494687
0.16117045283317563
0.15281003713607788
0.1802136600017548
0.15699024498462677
0.18253599107265472
0.1890385448932648
0.1532745063304901
0.17324663698673248
0.17464004456996915
0.17974919080734253
0.17417557537555695
0.1662796139717102
0.18532280623912809
0.1718532294034958
0.1681374758481979
0.17696237564086914
0.1778913140296936
0.1802136600017548
0.17603343725204468
0.18810962140560153
0.18439386785030365
0.16860194504261017
0.2141198366880417
0.21783557534217837
0.2443102598190308
0.24570366740226743
0.27310729026794434
0.2898281514644623
0.2823966443538666
0.3116581439971924
0.2986530363559723
0.24059452116489408
0.22666047513484955
0.18300046026706693
0.18439386785030365
0.19600556790828705
0.19089642167091367
0.18578727543354037
0.16999535262584686
0.19739897549152371
0.21458430588245392
0.19321876764297485
0.23966558277606964
0.4022294580936432
0.9168602228164672
0.9414770007133485
0.6920576095581055
0.18625174462795255
0.05155596882104874
0.07385043799877167
0.1458430141210556
0.18718068301677704
0.2443102598190308
0.22573153674602509
0.2461681365966797
0.2693915367126465
0.2619600594043732
0.29075708985328674
0.2666047513484955
0.0
0.0
0.0
0.0
0.0
0.0
0.0
0.0
0.0
0.0
0.0
0.0
0.0
0.0
0.0
0.0
0.0
0.0
0.0
0.0
0.0
0.0
0.0
0.0
0.0
0.0
0.0
0.0
0.0
0.0
0.0
0.0
0.0
0.0
