1.0
0.6914739608764648
0.6560693383216858
0.8013005852699279
0.5592485666275024
0.4458092451095581
0.44219651818275446
0.4335260093212128
0.4552023112773895
0.4544797539710999
0.42052024602890015
0.4956647455692291
0.4342485666275024
0.477601170539856
0.4898844063282013
0.4638728201389313
0.5202311873435974
0.4559248685836792
0.5209537744522095
0.4898844063282013
0.47904625535011286
0.5231214165687561
0.46459537744522095
0.47904625535011286
0.4653179049491882
0.4226878583431244
0.4299132823944092
0.35693642497062683
0.3446531891822815
0.3005780279636383
0.2666184902191162
0.2969653308391571
0.24060693383216855
0.299855500459671
0.2911849617958069
0.30202311277389526
0.36921966075897217
0.34320810437202454
0.4197976887226105
0.39450865983963007
0.3778901696205139
0.4299132823944092
0.3786127269268036
0.43280348181724554
0.4161849617958069
0.34031790494918823
0.3591040372848511
0.30635836720466614
0.36199420690536493
0.3482658863067627
0.31575143337249756
0.3648844063282013
0.3215318024158478
0.24855491518974304
0.0
0.017341040074825287
0.823699414730072
0.9436416029930114
0.7196531891822815
0.811416208744049
0.817196547985077
0.6531791687011719
0.4696531891822815
0.48338150978088373
0.4414739906787872
0.43280348181724554
0.4624277353286743
0.4125722646713257
0.4523121416568756
0.4523121416568756
0.4407514333724976
0.47687861323356634
0.4299132823944092
0.4739884436130524
0.4595375657081604
0.4219653308391571
0.4906069338321686
0.4407514333724976
0.4624277353286743
0.43858382105827326
0.3966763019561768
0.40968209505081177
0.3359826505184173
0.32658958435058594
0.2803468108177185
0.23988439142704007
0.27167630195617676
0.213150292634964
0.2709537446498871
0.27384394407272333
0.27167630195617676
0.31719651818275446
0.2839595377445221
0.0
0.0
0.0
0.0
0.0
0.0
0.0
0.0
0.0
0.0
0.0
0.0
0.0
0.0
0.0
0.0
0.0
0.0
0.0
0.0
0.0
0.0
0.0
0.0
0.0
0.0
0.0
0.0
0.0
0.0
0.0
0.0
0.0
0.0
0.0
0.0
0.0
0.0
0.0
