1.0
0.7271062135696411
0.3528693616390228
0.2777777910232544
0.2271062284708023
0.13919414579868317
0.1477411538362503
0.12210012227296828
0.09035409241914749
0.10989011079072952
0.12271062284708024
0.10683760792016984
0.10683760792016984
0.11660561710596085
0.12454212456941605
0.09462759643793106
0.1349206417798996
0.13919414579868317
0.1031746044754982
0.1288156360387802
0.13614164292812347
0.1318681389093399
0.11538461595773696
0.1239316239953041
0.1355311423540115
0.1239316239953041
0.1129426136612892
0.10866910964250565
0.1288156360387802
0.11660561710596085
0.1288156360387802
0.13858364522457123
0.1672771722078323
0.13858364522457123
0.160561665892601
0.16544567048549652
0.1697191745042801
0.17094017565250397
0.19108669459819796
0.19658119976520536
0.2014652043581009
0.18498168885707852
0.1776556819677353
0.17887668311595917
0.16910867393016815
0.18315018713474276
0.1764346808195114
0.17582418024539948
0.16300366818904877
0.14957265555858612
0.1477411538362503
0.15750916302204132
0.14957265555858612
0.1697191745042801
0.1434676498174667
0.1556776612997055
0.160561665892601
0.16605617105960843
0.1715506762266159
0.15995116531848907
0.1672771722078323
0.16910867393016815
0.1617826670408249
0.17094017565250397
0.16910867393016815
0.1684981733560562
0.1953601986169815
0.1715506762266159
0.19169719517230988
0.2142857164144516
0.25152626633644104
0.2979243099689484
0.29426130652427673
0.2985348105430603
0.23565323650836945
0.2014652043581009
0.16117216646671295
0.1764346808195114
0.2032967060804367
0.2020757049322128
0.23565323650836945
0.21245421469211576
0.17032967507839203
0.15445666015148163
0.15018315613269803
0.17094017565250397
0.1617826670408249
0.1746031790971756
0.07875458151102066
0.04395604506134986
0.08913309127092361
0.0
0.261904776096344
0.7967032790184021
0.985958456993103
0.7832722663879393
0.40231990814208973
0.26739928126335144
0.2380952388048172
0.17704518139362335
0.15995116531848907
0.16300366818904877
0.1514041572809219
0.1556776612997055
0.1459096521139145
0.16544567048549652
0.1526251584291458
0.15201465785503387
0.1672771722078323
0.16605617105960843
0.1813186854124069
0.18864469230175016
0.0
0.0
0.0
0.0
0.0
0.0
0.0
0.0
0.0
0.0
0.0
0.0
0.0
0.0
0.0
0.0
0.0
0.0
0.0
0.0
