1.0
0.6914728879928589
0.48320412635803217
0.4025839865207672
0.4031007885932922
0.4413436651229858
0.459431529045105
0.4496124088764191
0.4527131915092468
0.45219638943672175
0.44702842831611633
0.47235143184661865
0.45684754848480225
0.47131782770156866
0.4697674512863159
0.46770027279853826
0.48165374994277954
0.48423773050308233
0.4997416138648986
0.497157633304596
0.48682171106338495
0.5111111402511597
0.5111111402511597
0.5250645875930786
0.5229974389076233
0.5178294777870177
0.5462532043457031
0.5550387501716614
0.5653746724128723
0.565891444683075
0.566925048828125
0.5720930099487305
0.5643410682678223
0.551937997341156
0.5307493805885315
0.48630490899086
0.46253231167793274
0.41033592820167536
0.3917312622070313
0.37571060657501215
0.34211885929107666
0.3235142230987549
0.2992247939109802
0.2950904369354248
0.2873384952545166
0.2857881188392639
0.27286821603775024
0.2661498785018921
0.2625322937965393
0.237726092338562
0.23462532460689545
0.2341085225343704
0.22118863463401797
0.22118863463401797
0.20568475127220157
0.1948320418596268
0.20878553390502927
0.17726098001003265
0.18242894113063807
0.17054264247417447
0.16640827059745789
0.20465116202831268
0.20361757278442383
0.22273901104927063
0.2775193750858307
0.2775193750858307
0.28423771262168884
0.25943151116371155
0.1912144720554352
0.13333334028720856
0.11576227098703384
0.09354005008935928
0.06873384863138199
0.06253229826688766
0.060465116053819656
0.04496124014258385
0.05271317809820175
0.03410852700471878
0.02532299794256687
0.010852713137865067
0.054263565689325326
0.12919896841049194
0.21447028219699857
0.32299742102622986
0.6578811407089232
0.10439276695251463
0.02687338553369045
0.0
0.021705426275730133
0.04289405792951584
0.035142119973897934
0.03359173238277435
0.02480620145797729
0.02739018015563488
0.026356589049100876
0.02480620145797729
0.03565891459584236
0.03307493403553963
0.0
0.0
0.0
0.0
0.0
0.0
0.0
0.0
0.0
0.0
0.0
0.0
0.0
0.0
0.0
0.0
0.0
0.0
0.0
0.0
0.0
0.0
0.0
0.0
0.0
0.0
0.0
0.0
0.0
0.0
0.0
0.0
0.0
0.0
