0.9761769771575928
0.7935337424278259
0.3698241710662842
0.31026658415794367
0.31196823716163635
0.2007941007614136
0.181508794426918
0.18944980204105377
0.21951219439506528
0.1735677868127823
0.20930232107639313
0.22234827280044556
0.21667611598968503
0.2580828070640564
0.2342597842216492
0.2370958626270294
0.313669890165329
0.28304028511047363
0.3085649609565735
0.26602381467819214
0.29495179653167725
0.3108338117599488
0.281338632106781
0.29948949813842773
0.2365286499261856
0.21894498169422147
0.21213839948177335
0.18207600712776184
0.2314237058162689
0.1792399287223816
0.21837776899337769
0.2473057359457016
0.18661372363567352
0.2529778778553009
0.20760068297386167
0.202495738863945
0.21781055629253387
0.192285880446434
0.20306296646595
0.181508794426918
0.19568917155265808
0.156551331281662
0.2007941007614136
0.21100397408008573
0.15258082747459412
0.2461712956428528
0.2796369791030884
0.27283039689064026
0.2989223003387451
0.2904140651226044
0.25411230325698847
0.24560408294200897
0.2410663664340973
0.22858762741088867
0.2087351083755493
0.21554169058799744
0.16392512619495392
0.12762336432933807
0.156551331281662
0.14520703256130219
0.1230856478214264
0.12251843512058258
0.0958593338727951
0.036301758140325546
0.003403289942070842
0.0
0.16165626049041748
0.5558706521987915
1.0
0.8871242403984071
0.4798638820648193
0.26148611307144165
0.33352240920066833
0.20136131346225736
0.06863301247358322
0.14350539445877075
0.181508794426918
0.10890527814626692
0.18321043252944944
0.17073170840740204
0.17697107791900635
0.0
0.0
0.0
0.0
0.0
0.0
0.0
0.0
0.0
0.0
0.0
0.0
0.0
0.0
0.0
0.0
0.0
0.0
0.0
0.0
0.0
0.0
0.0
0.0
0.0
0.0
0.0
0.0
0.0
0.0
0.0
0.0
0.0
0.0
0.0
0.0
0.0
0.0
0.0
0.0
0.0
0.0
0.0
0.0
0.0
0.0
0.0
0.0
0.0
0.0
0.0
