1.0
0.5214198231697083
0.29865360260009766
0.2509180009365082
0.395348846912384
0.40452876687049866
0.42656058073043823
0.4326805472373962
0.44859242439270014
0.4596083164215088
0.44186046719551086
0.4455324411392212
0.4700122475624085
0.4736842215061188
0.5146878957748413
0.5036719441413879
0.5085679292678833
0.5238677859306335
0.5618115067481995
0.585679292678833
0.5581395626068115
0.5709914565086365
0.5483475923538208
0.5771113634109497
0.5685434341430664
0.5422276854515076
0.48286414146423334
0.44859242439270014
0.4375765025615692
0.41432067751884466
0.4326805472373962
0.4436964392662048
0.39596083760261536
0.3414932787418365
0.33292534947395325
0.305385559797287
0.3072215318679809
0.291309654712677
0.294369637966156
0.30660954117774963
0.27600979804992676
0.2833537459373474
0.26438188552856445
0.25581395626068115
0.2802937626838684
0.2711138427257538
0.2821297347545624
0.2539779543876648
0.2729498147964477
0.2919216752052307
0.2778457701206207
0.27233782410621643
0.26744186878204346
0.2766217887401581
0.2962056398391724
0.27478578686714167
0.2576499283313751
0.2717258334159851
0.2619338929653168
0.300489604473114
0.2680538594722748
0.2766217887401581
0.2729498147964477
0.2692778408527374
0.286413699388504
0.26070991158485407
0.27539780735969543
0.27478578686714167
0.25826191902160645
0.1768665909767151
0.0
0.23317013680934903
0.7466340065002441
0.9424724578857421
0.4057527482509613
0.22031824290752408
0.32741737365722656
0.3678090572357178
0.4186046421527863
0.4253365993499756
0.408200740814209
0.4228886067867279
0.4155446887016296
0.4228886067867279
0.4596083164215088
0.4449204504489898
0.46266829967498774
0.0
0.0
0.0
0.0
0.0
0.0
0.0
0.0
0.0
0.0
0.0
0.0
0.0
0.0
0.0
0.0
0.0
0.0
0.0
0.0
0.0
0.0
0.0
0.0
0.0
0.0
0.0
0.0
0.0
0.0
0.0
0.0
0.0
0.0
0.0
0.0
0.0
0.0
0.0
0.0
0.0
0.0
0.0
0.0
0.0
