0.9977298378944398
0.5703745484352112
0.3501702547073364
0.0
0.11123722791671752
0.15039727091789243
0.16231554746627808
0.15891033411026
0.1566401869058609
0.1861521005630493
0.16061294078826904
0.20374573767185208
0.2009080648422241
0.198637917637825
0.1980703771114349
0.1719636768102646
0.1861521005630493
0.18728716671466827
0.18898978829383847
0.2162315547466278
0.19296254217624664
0.2116912603378296
0.20204313099384308
0.22587968409061432
0.25709420442581177
0.2610669732093811
0.30419978499412537
0.30192962288856506
0.28263336420059204
0.3013620972633362
0.26276957988739014
0.28944382071495056
0.25936436653137207
0.2468785494565964
0.25482407212257385
0.22871737182140353
0.25255391001701355
0.2559591233730316
0.24347332119941711
0.2758229374885559
0.2582292854785919
0.2667423486709595
0.2565266788005829
0.26049941778182983
0.28036323189735407
0.2599318921566009
0.2934165596961975
0.27752554416656494
0.280930757522583
0.2690124809741974
0.2446084022521973
0.26163449883461
0.25766175985336304
0.2667423486709595
0.3393870592117309
0.3189557194709778
0.3461975157260895
0.3376844525337219
0.33030647039413447
0.3331441581249237
0.31271281838417053
0.31271281838417053
0.2990919351577759
0.2911464273929596
0.2718501687049866
0.2780930697917938
0.29965949058532715
0.27695798873901367
0.27014756202697754
0.28717365860939026
0.29455164074897766
0.5005675554275513
0.7009080648422241
1.0
0.4954597055912018
0.30533483624458313
0.1015891060233116
0.15323495864868164
0.21906924247741696
0.20544835925102237
0.2060158848762512
0.20942111313343048
0.22020430862903595
0.22474460303783417
0.22020430862903595
0.20374573767185208
0.2236095368862152
0.20828603208065033
0.2264472246170044
0.2332576662302017
0.20942111313343048
0.25141882896423334
0.22304199635982516
0.24233825504779813
0.26560726761817927
0.23779796063899997
0.28206583857536316
0.28376844525337214
0.3132803738117218
0.34676504135131836
0.3376844525337219
0.3581157922744751
0.3257661759853363
0.30703744292259216
0.30022701621055603
0.3013620972633362
0.2962542474269867
0.2814982831478119
0.26787739992141724
0.2712826430797577
0.24177071452140808
0.2639046609401703
0.25936436653137207
0.263337105512619
0.27752554416656494
0.24971623718738556
0.2905789017677307
0.2763904631137848
0.26503974199295044
0.2843359708786011
0.26276957988739014
0.28490352630615234
0.2729852497577667
0.2814982831478119
0.2911464273929596
0.2718501687049866
0.30249714851379395
0.34108966588974
0.3558456301689148
0.3501702547073364
0.0
0.0
