0.9445169568061828
0.37859007716178894
0.0
0.09334203600883485
0.18994778394699097
0.25
0.24543081223964688
0.26370757818222046
0.28002610802650446
0.2904699742794037
0.28851175308227534
0.2780678868293762
0.2930809259414673
0.312663197517395
0.2904699742794037
0.2787206172943115
0.2852480411529541
0.30221933126449585
0.30744126439094543
0.3120104372501373
0.30678850412368774
0.293733686208725
0.30613577365875244
0.2904699742794037
0.2845953106880188
0.2832898199558258
0.2604438662528992
0.2558746635913849
0.2584856450557709
0.2571801543235779
0.26958224177360535
0.2806788384914398
0.311357706785202
0.32571801543235773
0.34399476647377014
0.33355090022087097
0.3315926790237427
0.3250652849674225
0.31005221605300903
0.3159268796443939
0.3152741491794586
0.3133159279823303
0.32310706377029413
0.3204960823059082
0.3198433518409729
0.31462141871452326
0.30939948558807373
0.32571801543235773
0.3289817273616791
0.3296344578266144
0.3120104372501373
0.30744126439094543
0.3237597942352295
0.3250652849674225
0.31070494651794434
0.30026111006736755
0.30809399485588074
0.34334203600883484
0.3870757222175598
0.39490860700607294
0.3883812129497528
0.3844647407531738
0.41057440638542175
0.397519588470459
0.33746737241744995
0.355091392993927
0.3178851306438446
0.30287206172943115
0.2891644835472107
0.2826370894908905
0.2558746635913849
0.26174935698509216
0.2630548179149628
0.24412532150745392
0.2591383755207062
0.26240208745002747
0.2532637119293213
0.2101827710866928
0.1011749356985092
0.12075717747211456
0.3857702314853668
0.8394255638122559
1.0
0.48629242181777954
0.04503916576504707
0.038511749356985085
0.12467362731695177
0.207571804523468
0.23368145525455475
0.24151435494422913
0.23433420062065125
0.24020887911319727
0.2565274238586426
0.25
0.2506527304649353
0.2552219331264496
0.2421671003103256
0.2558746635913849
0.0
0.0
0.0
0.0
0.0
0.0
0.0
0.0
0.0
0.0
0.0
0.0
0.0
0.0
0.0
0.0
0.0
0.0
0.0
0.0
0.0
0.0
0.0
0.0
0.0
0.0
0.0
0.0
0.0
0.0
0.0
0.0
0.0
0.0
