1.0
0.4603076875209808
0.2738461494445801
0.381538450717926
0.42215386033058167
0.47323077917099
0.479999989271164
0.46276924014091486
0.47753846645355214
0.4701538383960724
0.47753846645355214
0.5144615173339844
0.49969232082366943
0.5175384879112244
0.5181538462638855
0.5347692370414734
0.5544615387916565
0.5649230480194092
0.5759999752044678
0.5858461260795593
0.5741538405418396
0.5963076949119568
0.563076913356781
0.5538461804389954
0.5181538462638855
0.4720000028610229
0.47507691383361816
0.4227692186832428
0.3956923186779022
0.3550769090652466
0.3747692406177521
0.3692307770252228
0.36061537265777593
0.3052307665348053
0.33784615993499756
0.3341538608074188
0.3526153862476349
0.36123076081275934
0.3593846261501312
0.3224615454673767
0.29600000381469727
0.2972307801246643
0.27015385031700134
0.27015385031700134
0.25907692313194275
0.2461538463830948
0.26153847575187683
0.2572307586669922
0.2584615349769592
0.24861538410186768
0.22830769419670105
0.24861538410186768
0.2381538450717926
0.22830769419670105
0.239999994635582
0.22461538016796112
0.23692308366298676
0.22769230604171753
0.22584615647792816
0.22646154463291168
0.22953845560550687
0.22769230604171753
0.2166153788566589
0.22953845560550687
0.22461538016796112
0.22338461875915527
0.23138462007045743
0.22461538016796112
0.22953845560550687
0.23076923191547397
0.23199999332427976
0.2301538437604904
0.10953845828771593
0.0
0.3495384752750397
0.8541538715362548
0.6664615273475647
0.3249230682849884
0.22461538016796112
0.3236923217773437
0.35384616255760193
0.4166153967380524
0.3950769305229187
0.41415384411811834
0.39630770683288574
0.3846153914928436
0.4030769169330597
0.0
0.0
0.0
0.0
0.0
0.0
0.0
0.0
0.0
0.0
0.0
0.0
0.0
0.0
0.0
0.0
0.0
0.0
0.0
0.0
0.0
0.0
0.0
0.0
0.0
0.0
0.0
0.0
0.0
0.0
0.0
0.0
0.0
0.0
0.0
0.0
0.0
0.0
0.0
0.0
0.0
0.0
0.0
0.0
0.0
