0.9577465057373047
0.2969014048576355
0.0
0.07492958009243011
0.13971830904483795
0.14028169214725494
0.10760563611984252
0.14253520965576172
0.13183099031448364
0.1177464798092842
0.13802817463874817
0.11999999731779099
0.1408450752496719
0.1352112740278244
0.11211267858743668
0.15492957830429077
0.12507042288780212
0.15492957830429077
0.152676060795784
0.15830986201763153
0.18197183310985565
0.1701408475637436
0.20788732171058652
0.21183098852634427
0.20112675428390503
0.25915491580963135
0.2540844976902008
0.26704224944114685
0.2619718313217163
0.3070422410964966
0.32676056027412415
0.31661972403526306
0.36056336760520935
0.3318309783935547
0.3070422410964966
0.3250704109668732
0.2535211145877838
0.2715492844581604
0.25971829891204834
0.25915491580963135
0.2377464771270752
0.20676057040691373
0.24619717895984647
0.19774648547172544
0.20450703799724576
0.19887323677539823
0.1538028120994568
0.16394366323947906
0.1774647831916809
0.16563379764556885
0.18929576873779297
0.1684506982564926
0.20338028669357297
0.1853521168231964
0.16112676262855527
0.18197183310985565
0.15661971271038055
0.1842253506183624
0.15154929459095
0.1599999964237213
0.16338028013706207
0.13070422410964963
0.16281689703464508
0.17239436507225037
0.21126760542392728
0.2354929596185684
0.2366197109222412
0.27605634927749634
0.2732394337654114
0.23154929280281064
0.24507042765617368
0.21183098852634427
0.20112675428390503
0.15943661332130432
0.13971830904483795
0.16507042944431305
0.1171830967068672
0.16112676262855527
0.12507042288780212
0.152676060795784
0.15605634450912476
0.09464788436889648
0.09690140932798384
0.2225352078676224
0.6619718074798584
1.0
0.5876056551933289
0.08225352317094803
0.07492958009243011
0.12845070660114288
0.1853521168231964
0.1622535139322281
0.1859154999256134
0.1678873300552368
0.15943661332130432
0.18028168380260468
0.14253520965576172
0.21014083921909327
0.16112676262855527
0.1847887337207794
0.20112675428390503
0.19042253494262693
0.0
0.0
0.0
0.0
0.0
0.0
0.0
0.0
0.0
0.0
0.0
0.0
0.0
0.0
0.0
0.0
0.0
0.0
0.0
0.0
0.0
0.0
0.0
0.0
0.0
0.0
0.0
0.0
0.0
0.0
