0.9882848858833314
0.6377694606781006
0.2619493901729584
0.08341143280267715
0.05857544392347336
0.05154639109969139
0.03748828545212746
0.00843486376106739
0.031865041702985764
0.0070290532894432545
0.03139643743634224
0.04826616868376732
0.04826616868376732
0.01874414272606373
0.03467666357755661
0.05295220389962196
0.05716963484883309
0.061387065798044205
0.05248359963297844
0.05763823911547661
0.09418931603431699
0.11012183874845503
0.09465792030096054
0.10496719926595688
0.12886597216129303
0.14245548844337463
0.1668228656053543
0.1513589471578598
0.17525772750377655
0.20009371638298035
0.20196813344955444
0.218369260430336
0.22211809456348416
0.218369260430336
0.24414245784282684
0.23851920664310453
0.2089971899986267
0.18884722888469696
0.17478913068771362
0.14995314180850983
0.13917525112628937
0.10871602594852448
0.08294282853603363
0.09278350323438643
0.0955951288342476
0.07357075810432434
0.09090909361839294
0.07403936237096785
0.06982193142175673
0.07638238370418547
0.09981255978345872
0.08856607228517532
0.05201499536633492
0.07591377943754195
0.09278350323438643
0.09137769788503648
0.07497657090425491
0.10262417793273924
0.07544517517089844
0.10402999073266984
0.1129334568977356
0.07450796663761139
0.06419868767261505
0.0918462947010994
0.09231489896774293
0.08903467655181885
0.08669165521860121
0.08106841892004013
0.06607310473918915
0.07075913995504379
0.10590440779924391
0.08153702318668365
0.07825679332017897
0.06841611862182617
0.07778818905353546
0.08903467655181885
0.10777881741523743
0.11152764409780502
0.1227741315960884
0.14901593327522275
0.16822868585586548
0.16588565707206726
0.21134020388126373
0.23289597034454343
0.2029053419828415
0.1836925894021988
0.13542643189430237
0.07966260612010957
0.08669165521860121
0.06794751435518265
0.06607310473918915
0.040768511593341834
0.05435801297426224
0.06185567006468773
0.044985942542552955
0.05342080444097519
0.06185567006468773
0.041237112134695046
0.0
0.05857544392347336
0.18744142353534696
0.5318650603294373
1.0
0.777881920337677
0.39128395915031433
0.19493907690048215
0.1016869693994522
0.0805998146533966
0.08388003706932068
0.08809746801853181
0.08809746801853181
0.06419868767261505
0.06279287487268448
0.063261479139328
0.07872539758682251
0.07825679332017897
0.08950328081846237
0.08997188508510588
0.07263354957103729
0.1016869693994522
0.10590440779924391
0.08528584986925125
0.08997188508510588
0.08997188508510588
0.0
0.0
0.0
0.0
0.0
0.0
0.0
0.0
