1.0
0.7207896709442138
0.29572924971580505
0.08541499078273773
0.0
0.029814666137099263
0.06083803251385689
0.06970185041427612
0.07614826411008835
0.09105560183525085
0.0781627744436264
0.07131345570087433
0.08380338549613953
0.1031426265835762
0.09589041024446487
0.11200644820928572
0.11966156214475632
0.12288477271795271
0.12369057536125184
0.13376308977603912
0.1373891979455948
0.15753424167633057
0.17002417147159576
0.18009670078754425
0.21958097815513608
0.23166801035404205
0.256244957447052
0.2747783958911896
0.288879930973053
0.31748589873313904
0.3287671208381653
0.34165996313095087
0.32917001843452454
0.31305399537086487
0.3037872612476349
0.2711522877216339
0.243755042552948
0.19580982625484464
0.17163577675819397
0.14987912774085999
0.11603545397520064
0.12167606502771376
0.11321514844894408
0.10032232105731964
0.10556003451347352
0.10757453739643096
0.09629331529140472
0.11482675373554228
0.10233682394027709
0.11120064556598663
0.11603545397520064
0.12127316743135452
0.12328767031431198
0.11845286190509796
0.13336019217967987
0.13618050515651703
0.12731668353080747
0.12207897007465363
0.128122478723526
0.13416600227355957
0.1313456892967224
0.13013698160648343
0.1204673647880554
0.11522965133190156
0.1140209510922432
0.10878323763608932
0.11281225085258484
0.10032232105731964
0.11039484292268752
0.10596293210983276
0.11603545397520064
0.10354552417993544
0.09911362081766129
0.12006446719169615
0.16156326234340668
0.1829169988632202
0.1853344142436981
0.17405317723751068
0.19339242577552795
0.19822724163532257
0.19016921520233157
0.1510878354310989
0.13416600227355957
0.12771958112716675
0.0898468941450119
0.08259468525648117
0.07493956387042998
0.07091055810451508
0.0813859775662422
0.07856567203998564
0.07292506098747253
0.07010475546121597
0.0813859775662422
0.08501208573579788
0.08581788837909697
0.0789685770869255
0.1998388469219208
0.38356164097785944
0.6901692152023315
0.9854955673217772
0.8670427203178405
0.3811442255973816
0.1265108734369278
0.024979855865240097
0.06124093383550644
0.08702658861875534
0.09871071577072144
0.11079774051904678
0.11120064556598663
0.10878323763608932
0.117244154214859
0.12731668353080747
0.11442384868860243
0.12933118641376495
0.1329572945833206
0.1422240138053894
0.13537469506263733
0.14907333254814148
0.15672844648361206
0.170427069067955
0.0
0.0
0.0
0.0
0.0
0.0
0.0
0.0
0.0
0.0
0.0
0.0
