1.0
0.874112069606781
0.5880031585693359
0.41396999359130854
0.12865035235881803
0.0
0.05090765655040741
0.11602210253477097
0.25256511569023127
0.4123914837837219
0.5126282572746277
0.54222571849823
0.5560379028320312
0.5662983655929564
0.5734017491340637
0.576164186000824
0.5745856165885925
0.572612464427948
0.5749802589416504
0.5777426958084105
0.5753749012947083
0.5789266228675841
0.5805051326751709
0.5824782848358153
0.5793212056159973
0.58445143699646
0.5852407217025757
0.5812944173812865
0.5753749012947083
0.5832675695419312
0.5789266228675841
0.5757695436477661
0.5757695436477661
0.5730071067810059
0.5789266228675841
0.5745856165885925
0.5741909742355347
0.5714285969734192
0.5678768754005432
0.5670875906944275
0.5678768754005432
0.564719796180725
0.5698500275611876
0.5710339546203613
0.5737963914871216
0.5757695436477661
0.5805051326751709
0.5785319805145264
0.5812944173812865
0.5808997750282288
0.5777426958084105
0.5765588283538817
0.5781373381614685
0.57221782207489
0.5781373381614685
0.5741909742355347
0.5710339546203613
0.5718231797218323
0.5698500275611876
0.5781373381614685
0.5710339546203613
0.5805051326751709
0.5832675695419312
0.5753749012947083
0.5805051326751709
0.5808997750282288
0.583662211894989
0.5777426958084105
0.5805051326751709
0.5777426958084105
0.5797158479690552
0.5808997750282288
0.5801104903221129
0.5749802589416504
0.5872138738632202
0.5848460793495177
0.5852407217025757
0.5876085162162781
0.5840568542480469
0.5891870856285095
0.5895816683769226
0.5883978009223938
0.5887924432754517
0.591160237789154
0.5982636213302612
0.5891870856285095
0.5883978009223938
0.5899763107299805
0.5899763107299805
0.595501184463501
0.5923441052436829
0.5935280323028564
0.5947118997573853
0.5915548801422119
0.599052906036377
0.5943172574043274
0.5939226746559143
0.5943172574043274
0.591949462890625
0.5939226746559143
0.6010260581970215
0.6037884950637816
0.6037884950637816
0.5966851115226746
0.6002367734909058
0.6037884950637816
0.6053670048713684
0.6033938527107239
0.6033938527107239
0.6144435405731201
0.6108918786048889
0.6144435405731201
0.6227308511734009
0.6266772150993347
0.6499605178833008
0.6653512120246887
0.6783741116523743
0.6764009594917296
0.6456195712089539
0.6712707281112671
0.6440410614013672
0.6254932880401611
0.6294395923614502
0.6306235194206238
0.6262825727462769
0.6168113946914673
0.591949462890625
0.5872138738632202
0.5899763107299805
0.5864246487617493
0.5880031585693359
0.5824782848358153
