0.9530842900276184
0.9730669260025024
0.910512626171112
0.8088618516921997
0.6898349523544312
0.5186793804168701
0.415291041135788
0.30929625034332275
0.2467419654130936
0.2198088616132736
0.16420504450798035
0.1676802784204483
0.14074717462062836
0.13205908238887787
0.15117289125919342
0.11902693659067153
0.14161598682403564
0.13119027018547058
0.1346655040979385
0.15377932786941528
0.13205908238887787
0.15638574957847595
0.1433536112308502
0.1442224085330963
0.16159860789775848
0.13987836241722107
0.15812337398529053
0.1459600329399109
0.14074717462062836
0.1598609834909439
0.13119027018547058
0.14943526685237885
0.1346655040979385
0.1303214579820633
0.14769765734672546
0.113814078271389
0.1303214579820633
0.11294526606798172
0.11294526606798172
0.12858383357524872
0.0981754958629608
0.11815812438726424
0.10425716638565063
0.09643787890672685
0.11642050743103027
0.09730669111013411
0.11120764911174774
0.10078193247318268
0.09643787890672685
0.11468288302421568
0.0920938327908516
0.10512597858905792
0.09470026195049283
0.0920938327908516
0.11555169522762299
0.08514335006475449
0.1068635955452919
0.09470026195049283
0.0920938327908516
0.11294526606798172
0.0834057331085205
0.10773240774869917
0.09556906670331955
0.08861859142780304
0.11902693659067153
0.08514335006475449
0.10251954942941664
0.09383144974708557
0.09296263754367827
0.12076455354690552
0.15377932786941528
0.1980886161327362
0.2154648154973984
0.22241529822349548
0.3049522042274475
0.3066898286342621
0.33188530802726746
0.30234578251838684
0.2163336277008057
0.18158122897148127
0.13205908238887787
0.08688097447156906
0.05212858319282532
0.038227628916502
0.052997395396232605
0.0269331019371748
0.03735881671309471
0.03301477059721947
0.0269331019371748
0.047784533351659775
0.02519548311829567
0.05039096623659134
0.04170286655426025
0.006081668194383383
0.0
0.24413552880287168
0.4205039143562317
0.8175499439239502
1.0
0.666377067565918
0.3657689094543457
0.11728931218385696
0.30234578251838684
0.31711554527282715
0.258905291557312
0.17028670012950897
0.17028670012950897
0.15725456178188324
0.15464812517166135
0.17810599505901337
0.15812337398529053
0.18071241676807404
0.17723718285560608
0.204170286655426
0.21285837888717649
0.19635099172592163
0.22849695384502408
0.0
0.0
0.0
0.0
0.0
0.0
0.0
0.0
0.0
0.0
0.0
0.0
0.0
0.0
0.0
