1.0
0.9994138479232787
0.6998827457427979
0.4689331650733948
0.3475967049598694
0.29191091656684875
0.3059788942337036
0.30480656027793884
0.29894489049911493
0.3071512281894684
0.31711605191230774
0.3194607198238373
0.314185231924057
0.3317702114582062
0.32883939146995544
0.33645954728126526
0.3458382189273834
0.354630708694458
0.3622508645057678
0.3599062263965606
0.37338805198669434
0.3657678663730621
0.37924972176551813
0.4044548571109772
0.4320046901702881
0.4337631762027741
0.4413833618164063
0.4478311836719513
0.45603752136230474
0.46131300926208496
0.44665884971618647
0.4554513394832611
0.442555695772171
0.42907387018203735
0.41031652688980097
0.4026963710784912
0.376318871974945
0.37573271989822393
0.35287222266197205
0.36342319846153254
0.34114888310432434
0.32883939146995544
0.3229777216911316
0.32063305377960205
0.31711605191230774
0.3223915696144104
0.3188745677471161
0.31184056401252747
0.32004690170288086
0.31242671608924866
0.3030480742454529
0.3071512281894684
0.2977725565433502
0.3036342263221741
0.3065650761127472
0.3065650761127472
0.3100820779800415
0.3094958961009979
0.31711605191230774
0.3100820779800415
0.31711605191230774
0.3259085714817047
0.31711605191230774
0.3194607198238373
0.34994137287139887
0.37924972176551813
0.444314181804657
0.47362250089645386
0.48651817440986633
0.44372802972793574
0.4161781966686249
0.38100820779800415
0.3323563933372497
0.31184056401252747
0.30422040820121765
0.2954278886318207
0.28780773282051086
0.28077372908592224
0.28253224492073054
0.25263774394989014
0.10961312800645828
0.0
0.275498241186142
0.7502930760383606
0.9003517031669616
0.8089097142219542
0.5269636511802673
0.4161781966686249
0.28898006677627563
0.2790152430534363
0.29718640446662903
0.2913247346878052
0.29953107237815857
0.3036342263221741
0.30480656027793884
0.29660022258758545
0.2842907309532165
0.31770223379135126
0.3065650761127472
0.307737410068512
0.32063305377960205
0.3399765491485596
0.3552168905735016
0.3558030426502228
0.37690505385398865
0.38980069756507874
0.4021101891994476
0.3862836956977844
0.4050410389900208
0.4144196808338165
0.42203986644744873
0.450762003660202
0.43845251202583313
0.4396248459815979
0.4390386939048767
0.4279015362262726
0.40797185897827143
0.37924972176551813
0.3839390277862549
0.36459553241729736
0.3599062263965606
0.32063305377960205
0.3212192356586456
0.31711605191230774
0.0
0.0
0.0
0.0
0.0
0.0
0.0
0.0
