0.9067307710647584
0.6259615421295166
0.32259616255760193
0.10817307978868484
0.06490384787321091
0.06730769574642181
0.05624999850988388
0.03990384563803673
0.02692307718098164
0.03125
0.03365384787321091
0.0322115384042263
0.029807692393660545
0.023076923564076424
0.03125
0.035096153616905205
0.051923077553510666
0.05384615436196327
0.04663461446762085
0.060576923191547394
0.04951922968029976
0.07115384936332703
0.0961538478732109
0.08509615063667297
0.09855769574642179
0.10769230872392654
0.13461539149284363
0.14134615659713745
0.16298076510429382
0.19374999403953552
0.17499999701976776
0.1985576897859573
0.20240384340286252
0.19903846085071564
0.20528845489025116
0.21346153318881989
0.20769231021404264
0.17884615063667297
0.14567308127880096
0.1307692378759384
0.10673076659440994
0.0961538478732109
0.08365384489297865
0.04759615287184715
0.05769230797886848
0.07307692617177963
0.07788461446762085
0.058653846383094795
0.060096152126789086
0.05624999850988388
0.0629807710647583
0.08028846234083174
0.07259615510702133
0.021153846755623817
0.05624999850988388
0.06634615361690521
0.07740384340286256
0.06490384787321091
0.056730769574642174
0.05576923117041588
0.05624999850988388
0.07067307829856873
0.07740384340286256
0.04807692393660545
0.051923077553510666
0.08990384638309479
0.05769230797886848
0.06875000149011612
0.08221153914928435
0.07500000298023222
0.07451923191547394
0.07836538553237915
0.07548076659440994
0.038461539894342416
0.07596153765916824
0.08846154063940048
0.09951923042535779
0.11874999850988388
0.11923076957464218
0.1591346114873886
0.16586539149284363
0.21153846383094788
0.21250000596046448
0.16586539149284363
0.125
0.07500000298023222
0.05288461595773697
0.035096153616905205
0.014903846196830273
0.01105769257992506
0.03365384787321091
0.051442306488752365
0.02884615398943424
0.0024038462433964014
0.05769230797886848
0.030288461595773697
0.04038461670279503
0.0
0.07500000298023222
0.1836538463830948
0.682692289352417
1.0
0.7884615659713745
0.4783653914928436
0.20480769872665405
0.11923076957464218
0.10240384936332703
0.08317307382822035
0.07019230723381041
0.039423078298568726
0.05624999850988388
0.06875000149011612
0.07548076659440994
0.0639423057436943
0.0932692289352417
0.07596153765916824
0.0927884578704834
0.11298076808452606
0.06778845936059952
0.09855769574642179
0.13461539149284363
0.0
0.0
0.0
0.0
0.0
0.0
0.0
0.0
0.0
0.0
0.0
