1.0
0.9616724848747251
0.9454123377799987
0.8745644688606262
0.9047619104385377
0.8432055711746215
0.7770034670829774
0.7549360990524293
0.7154471278190613
0.7328687310218811
0.7758420705795288
0.7200928926467896
0.7502903342247009
0.7177700400352478
0.7305458784103394
0.4761904776096344
0.05226480960845947
0.6295005679130553
0.8373983502388
0.0
0.04878048598766327
0.4216027855873108
0.6492450833320618
0.700348436832428
0.7328687310218811
0.7677119374275206
0.7409988641738892
0.7781649231910706
0.7502903342247009
0.7642276287078857
0.7886179089546204
0.7340301871299743
0.7793263792991638
0.7793263792991638
0.7665505409240722
0.7781649231910706
0.7526132464408873
0.7700348496437072
0.765389084815979
0.7409988641738892
0.7317073345184326
0.7096399664878845
0.7259001135826112
0.6631823182106018
0.6469221711158752
0.6945412158966064
0.5714285969734192
0.6596980094909668
0.700348436832428
0.7142857313156128
0.7154471278190613
0.7154471278190613
0.7259001135826112
0.700348436832428
0.7351916432380675
0.7235772609710692
0.7189314961433411
0.7433217167854309
0.7084785103797913
0.7282230257987976
0.7305458784103394
0.7189314961433411
0.7235772609710692
0.7177700400352478
0.7351916432380675
0.7177700400352478
0.6666666865348816
0.7560975551605223
0.7409988641738892
0.0
0.0
0.0
0.0
0.0
0.0
0.0
0.0
0.0
0.0
0.0
0.0
0.0
0.0
0.0
0.0
0.0
0.0
0.0
0.0
0.0
0.0
0.0
0.0
0.0
0.0
0.0
0.0
0.0
0.0
0.0
0.0
0.0
0.0
0.0
0.0
0.0
0.0
0.0
0.0
0.0
0.0
0.0
0.0
0.0
0.0
0.0
0.0
0.0
0.0
0.0
0.0
0.0
0.0
0.0
0.0
0.0
0.0
0.0
0.0
0.0
0.0
0.0
