1.0
0.6871508359909058
0.4103041589260101
0.6275604963302612
0.6989447474479675
0.5431408882141113
0.5301055312156677
0.5245189070701599
0.4941030442714691
0.5381750464439392
0.5369336009025574
0.5642458200454712
0.5555555820465088
0.5716946125030518
0.5369336009025574
0.5636250972747803
0.5673494935035706
0.5927994847297668
0.5959031581878662
0.5896958708763123
0.5934202075004578
0.6219739317893982
0.5952824354171753
0.581626296043396
0.5418994426727295
0.5747982859611511
0.5462445616722107
0.5481067895889281
0.5046554803848267
0.5114835500717163
0.4705152213573456
0.4723774194717407
0.46058347821235657
0.46058347821235657
0.44196152687072754
0.43202978372573847
0.4549968838691712
0.4438237249851226
0.43078833818435674
0.44072005152702326
0.4444444477558136
0.4587212800979614
0.44816884398460394
0.42520174384117126
0.44196152687072754
0.453134685754776
0.4537554383277893
0.44258224964141846
0.4171322286128998
0.44692736864089966
0.4332712590694427
0.434512734413147
0.436995655298233
0.42333954572677607
0.4643078744411469
0.42333954572677607
0.44072005152702326
0.46927374601364136
0.45065176486968994
0.4264431893825531
0.4140285551548004
0.45934203267097473
0.4854127764701843
0.5065177083015442
0.4866542518138885
0.5319676995277405
0.5443823933601379
0.46554934978485113
0.452513962984085
0.44568592309951777
0.41527003049850464
0.4158907532691956
0.46492862701416016
0.40223464369773854
0.4028553664684296
0.3898199796676636
0.3978894948959351
0.4096834361553192
0.3985102474689484
0.4034760892391205
0.4047175645828247
0.40409684181213373
0.42085662484169006
0.4183736741542816
0.4009931683540344
0.3699565529823303
0.16139043867588043
0.0
0.3805089890956879
0.9621353149414062
0.6182495355606079
0.43078833818435674
0.7113593816757202
0.6685288548469543
0.5288640856742859
0.44196152687072754
0.4816883802413941
0.4667908251285553
0.4705152213573456
0.4866542518138885
0.49099937081336975
0.5108628273010254
0.5288640856742859
0.5052762031555176
0.5158286690711975
0.5195530652999878
0.5332092046737671
0.5412787199020386
0.0
0.0
0.0
0.0
0.0
0.0
0.0
0.0
0.0
0.0
0.0
0.0
0.0
0.0
0.0
0.0
0.0
0.0
0.0
0.0
0.0
0.0
0.0
0.0
