1.0
0.7804166674613952
0.33000001311302185
0.1458333283662796
0.25583332777023315
0.24750000238418576
0.2512499988079071
0.2133333384990692
0.21250000596046448
0.2116666734218597
0.2083333283662796
0.22249999642372129
0.17749999463558197
0.20666666328907007
0.1716666668653488
0.17583332955837247
0.18708333373069763
0.15333333611488342
0.16458334028720856
0.1483333259820938
0.1612499952316284
0.18083333969116208
0.15500000119209287
0.1795833259820938
0.20208333432674408
0.2179166674613953
0.24708333611488345
0.2429166734218597
0.27958333492279047
0.2604166567325592
0.2737500071525574
0.2862499952316284
0.25208333134651184
0.26124998927116394
0.2429166734218597
0.2429166734218597
0.2629166543483734
0.2295833379030228
0.24250000715255737
0.2408333271741867
0.2420833259820938
0.26625001430511475
0.22291666269302368
0.2387499958276749
0.21625000238418576
0.23708333075046537
0.2904166579246521
0.26499998569488525
0.2929166555404663
0.28083333373069763
0.2945833206176758
0.3233333230018616
0.2958333194255829
0.2750000059604645
0.23916666209697723
0.20583333075046537
0.20624999701976776
0.1483333259820938
0.16083332896232605
0.14124999940395355
0.1570833325386047
0.1629166603088379
0.1458333283662796
0.14374999701976776
0.014166667126119137
0.1299999952316284
0.43458333611488337
0.6387500166893004
0.7850000262260437
0.3070833384990692
0.0
0.10374999791383745
0.0949999988079071
0.09708333015441895
0.06499999761581421
0.06750000268220901
0.08916666358709334
0.05208333209156991
0.05624999850988388
0.04500000178813934
0.0
0.0
0.0
0.0
0.0
0.0
0.0
0.0
0.0
0.0
0.0
0.0
0.0
0.0
0.0
0.0
0.0
0.0
0.0
0.0
0.0
0.0
0.0
0.0
0.0
0.0
0.0
0.0
0.0
0.0
0.0
0.0
0.0
0.0
0.0
0.0
0.0
0.0
0.0
0.0
0.0
0.0
0.0
0.0
0.0
0.0
0.0
0.0
0.0
0.0
0.0
0.0
