0.9179408550262451
0.49770641326904297
0.19240571558475492
0.13812436163425443
0.13022425770759583
0.09225280582904816
0.0733944922685623
0.0708460733294487
0.06906218081712723
0.0736493393778801
0.06880734115839005
0.07186544686555862
0.07288481295108795
0.0736493393778801
0.07721712440252304
0.07925586402416229
0.08435270190238953
0.0858817547559738
0.09250764548778533
0.09097859263420105
0.09505606442689896
0.10142711549997328
0.10881753265857697
0.11620794981718063
0.12130478769540785
0.13124363124370575
0.14627930521965027
0.14908257126808167
0.16590213775634763
0.182976558804512
0.19520896673202515
0.20183485746383664
0.1969928592443466
0.19215086102485657
0.1709989756345749
0.1529051959514618
0.13379204273223877
0.1207951083779335
0.11136595159769058
0.10372069478034972
0.10219164192676544
0.09862385690212248
0.09683995693922041
0.0930173322558403
0.08970438688993454
0.09199795871973036
0.09250764548778533
0.09276248514652252
0.09352701157331465
0.09531090408563613
0.09276248514652252
0.099898062646389
0.09607543051242828
0.09225280582904816
0.0917431190609932
0.08893986046314238
0.09250764548778533
0.09199795871973036
0.091488279402256
0.08995922654867171
0.08817533403635025
0.1001529023051262
0.11060142517089844
0.10626911371946333
0.10805300623178482
0.13226298987865448
0.13965341448783875
0.1358307898044586
0.1360856294631958
0.130479097366333
0.12003058195114136
0.08639143407344818
0.08180428296327592
0.0680428147315979
0.06422018259763718
0.05606523901224136
0.0583588182926178
0.05530071258544922
0.05198776721954346
0.05224261060357094
0.053261976689100266
0.0499490313231945
0.04128440469503403
0.0033129460643976927
0.0
0.15902140736579895
0.42507645487785334
0.6465341448783875
1.0
0.7984199523925781
0.3758919537067413
0.13022425770759583
0.1192660555243492
0.10601427406072617
0.07186544686555862
0.06039755418896675
0.057594291865825646
0.056829765439033515
0.0583588182926178
0.06269112974405289
0.0624362900853157
0.06167176365852356
0.06090723723173141
0.06371049582958221
0.06320081651210785
0.06422018259763718
0.0
0.0
0.0
0.0
0.0
0.0
0.0
0.0
0.0
0.0
0.0
0.0
0.0
0.0
0.0
0.0
0.0
0.0
0.0
0.0
0.0
0.0
0.0
0.0
0.0
0.0
