1.0
0.8054053783416749
0.6310811042785645
0.7851351499557494
0.7209459543228148
0.5939189195632936
0.6074324250221252
0.591216206550598
0.6425675749778748
0.5824324488639832
0.5898648500442505
0.579054057598114
0.6128378510475159
0.637837827205658
0.5709459185600281
0.5986486673355104
0.5932432413101196
0.5317567586898804
0.5891891717910768
0.5689189434051514
0.5668919086456299
0.5310810804367065
0.4918918907642365
0.5175675749778748
0.4790540635585785
0.45608109235763544
0.4344594478607178
0.387837827205658
0.3398648500442505
0.2945945858955384
0.27432432770729065
0.20472973585128784
0.16283783316612244
0.25337839126586914
0.25743243098258967
0.30337837338447565
0.3601351380348205
0.431081086397171
0.49121621251106257
0.49391892552375793
0.5412161946296692
0.5277026891708374
0.545945942401886
0.5824324488639832
0.5608108043670654
0.5682432651519775
0.5628378391265869
0.508783757686615
0.558783769607544
0.5682432651519775
0.5398648381233215
0.5378378629684448
0.5229730010032654
0.5425675511360168
0.5391891598701477
0.5270270109176636
0.5182432532310486
0.5081080794334412
0.545945942401886
0.5182432532310486
0.5466216206550598
0.5695946216583252
0.541891872882843
0.5905405282974243
0.5574324131011963
0.5932432413101196
0.5972973108291626
0.5574324131011963
0.6135135293006897
0.629054069519043
0.7236486673355103
0.6594594717025757
0.6648648381233215
0.7648648619651793
0.716891884803772
0.7155405282974243
0.6445946097373961
0.6074324250221252
0.6175675392150879
0.5966216325759888
0.6067567467689513
0.5885134935379028
0.583108127117157
0.579054057598114
0.5364865064620972
0.5972973108291626
0.6006757020950316
0.3006756901741028
0.0486486479640007
0.0
0.4797297418117523
0.9756757020950316
0.7810810804367065
0.6527026891708374
0.7736486196517944
0.7520270347595216
0.6189188957214355
0.6027026772499084
0.6472973227500916
0.6155405640602112
0.6628378629684448
0.6540540456771851
0.6000000238418579
0.6844594478607178
0.6128378510475159
0.6243243217468262
0.633783757686615
0.6114864945411682
0.0
0.0
0.0
0.0
0.0
0.0
0.0
0.0
0.0
0.0
0.0
0.0
0.0
0.0
0.0
0.0
0.0
0.0
0.0
0.0
0.0
0.0
0.0
0.0
