0.9610472321510315
1.0
0.9872286319732666
0.8837803602218629
0.8499361276626587
0.7675606608390808
0.7158365249633789
0.679438054561615
0.6551724076271057
0.6570881009101868
0.63154536485672
0.656449556350708
0.6692209243774414
0.6302682161331177
0.6653895378112793
0.7190293669700624
0.8773946166038513
0.9719029664993286
0.8799489140510558
0.9374201893806456
0.656449556350708
0.07854405790567398
0.0
0.2426564544439316
0.471264362335205
0.5581098198890686
0.5791826248168945
0.6072797179222107
0.5957854390144348
0.6060025691986084
0.6008939743041992
0.6226053833961487
0.6340996026992798
0.6194125413894653
0.6424010396003723
0.6283524632453918
0.6647509336471558
0.6628352403640747
0.6583652496337891
0.6883780360221863
0.6736909151077272
0.7011494040489197
0.7017880082130432
0.6749680638313292
0.6992337107658385
0.702426552772522
0.733077883720398
0.7426564693450927
0.7209450602531433
0.7464878559112548
0.7369093298912048
0.7420178651809692
0.733077883720398
0.7107279896736145
0.7158365249633789
0.6883780360221863
0.7017880082130432
0.7030651569366455
0.7005108594894409
0.7030651569366455
0.6858237385749817
0.7005108594894409
0.6896551847457886
0.6762452125549316
0.6851851940155029
0.6902937293052673
0.7017880082130432
0.681353747844696
0.0
0.0
0.0
0.0
0.0
0.0
0.0
0.0
0.0
0.0
0.0
0.0
0.0
0.0
0.0
0.0
0.0
0.0
0.0
0.0
0.0
0.0
0.0
0.0
0.0
0.0
0.0
0.0
0.0
0.0
0.0
0.0
0.0
0.0
0.0
0.0
0.0
0.0
0.0
0.0
0.0
0.0
0.0
0.0
0.0
0.0
0.0
0.0
0.0
0.0
0.0
0.0
0.0
0.0
0.0
0.0
0.0
0.0
0.0
0.0
0.0
0.0
0.0
0.0
