0.9913892149925234
1.0
0.5516647696495056
0.3696900010108948
0.27898967266082764
0.2210103273391724
0.26176807284355164
0.24110218882560727
0.25717565417289734
0.25832375884056086
0.25602754950523376
0.2594718635082245
0.2456946074962616
0.27382320165634155
0.2588978111743927
0.26923078298568726
0.2709529399871826
0.25717565417289734
0.272675096988678
0.27439725399017334
0.26980483531951904
0.2818599343299866
0.27210104465484614
0.2944890856742859
0.28817451000213623
0.29276692867279047
0.3071182668209076
0.2944890856742859
0.316877156496048
0.3208955228328705
0.31859931349754333
0.3237657845020294
0.31285879015922546
0.316877156496048
0.30941447615623474
0.29563719034194946
0.2916188240051269
0.27841562032699585
0.2761194109916687
0.2709529399871826
0.2623421251773834
0.2749713063240051
0.24225029349327087
0.25832375884056086
0.2514351308345794
0.24913892149925232
0.2508610785007477
0.2319173365831375
0.24799081683158877
0.2370838075876236
0.23995406925678253
0.24282434582710263
0.2284730225801468
0.24282434582710263
0.23536165058612823
0.23363949358463287
0.2370838075876236
0.227898970246315
0.2382319122552872
0.23938001692295077
0.23134328424930567
0.2330654412508011
0.2319173365831375
0.244546502828598
0.22904707491397855
0.2319173365831375
0.2284730225801468
0.21297359466552732
0.227898970246315
0.23536165058612823
0.2330654412508011
0.22617681324481964
0.21469575166702273
0.22445465624332428
0.23134328424930567
0.2296211272478104
0.24282434582710263
0.22043627500534055
0.2198622226715088
0.22502870857715607
0.21814006567001343
0.2296211272478104
0.2141216993331909
0.22560276091098783
0.22445465624332428
0.2152698040008545
0.23363949358463287
0.21354764699935916
0.21641790866851807
0.2187141180038452
0.21699196100234985
0.22904707491397855
0.2152698040008545
0.23363949358463287
0.2210103273391724
0.20780712366104123
0.21756601333618164
0.20895522832870483
0.211251437664032
0.2101033329963684
0.22043627500534055
0.24052812159061432
0.24225029349327087
0.26923078298568726
0.2761194109916687
0.2686567306518554
0.2629161775112152
0.26693454384803766
0.2456946074962616
0.23076923191547397
0.244546502828598
0.22445465624332428
0.21354764699935916
0.21584385633468628
0.20723307132720947
0.18828932940959928
0.19632606208324432
0.1836968958377838
0.1888633817434311
0.20378874242305756
0.1923076957464218
0.11940298229455948
0.0
0.06773823499679565
0.8306544423103331
0.9913892149925234
0.5545350313186646
0.3892078101634979
0.22158437967300412
0.1888633817434311
0.18828932940959928
0.21354764699935916
