0.9120171666145325
0.46888411045074463
0.09066523611545561
0.0
0.14163090288639069
0.15879827737808228
0.16523605585098267
0.1378755420446396
0.1292918473482132
0.14806866645812988
0.15826180577278137
0.16523605585098267
0.15879827737808228
0.15396995842456815
0.14914162456989288
0.1389485001564026
0.16255365312099457
0.14592275023460388
0.18991416692733765
0.17274677753448486
0.18562231957912445
0.224248930811882
0.20493562519550323
0.2328326106071472
0.24624463915824887
0.23015020787715912
0.2414163053035736
0.24892704188823697
0.25536480545997614
0.2929184436798096
0.2644849717617035
0.2687768340110779
0.25321888923645014
0.2537553608417511
0.29560086131095886
0.2446351945400238
0.2687768340110779
0.2306866943836212
0.2097639441490173
0.21083691716194153
0.19366952776908877
0.18347638845443723
0.17060086131095886
0.18186695873737332
0.16630901396274567
0.15933476388454437
0.16791845858097076
0.18454936146736145
0.17542918026447296
0.19259656965732572
0.16577252745628357
0.19206008315086365
0.17757511138916016
0.17435622215270996
0.19420601427555084
0.16255365312099457
0.19206008315086365
0.18669527769088745
0.21620172262191767
0.19957081973552704
0.18508583307266235
0.18508583307266235
0.17972102761268616
0.19957081973552704
0.20815449953079224
0.17542918026447296
0.17596566677093503
0.17596566677093503
0.17328326404094696
0.18937768042087555
0.17864806950092316
0.2011802643537521
0.19420601427555084
0.18669527769088745
0.18293991684913635
0.19259656965732572
0.19957081973552704
0.19366952776908877
0.19635193049907684
0.18884120881557465
0.18293991684913635
0.22156652808189392
0.25107297301292414
0.26394850015640253
0.2365879863500595
0.2773605287075043
0.30793991684913635
0.29184550046920776
0.30793991684913635
0.33315449953079224
0.270386278629303
0.20493562519550323
0.18723176419734955
0.18937768042087555
0.18669527769088745
0.15289700031280515
0.15396995842456815
0.18401287496089933
0.1437768191099167
0.1373390555381775
0.1351931393146515
0.15450644493103027
0.1378755420446396
0.15289700031280515
0.16255365312099457
0.123927041888237
0.22746780514717105
0.32671675086021423
0.6904506683349608
1.0
0.6083691120147705
0.2907725274562836
0.003218884114176035
0.10407724976539612
0.16630901396274567
0.18723176419734955
0.17703862488269803
0.15075106918811798
0.17435622215270996
0.16684550046920776
0.15772531926631927
0.19259656965732572
0.19474248588085172
0.1968884170055389
0.19045063853263852
0.17703862488269803
0.225321888923645
0.20761802792549133
0.2296137362718582
0.23980686068534848
0.0
0.0
