1.0
0.6502177119255066
0.37735849618911743
0.05079825967550278
0.01995645835995674
0.08091437071561813
0.17271408438682556
0.21044993400573728
0.2278664708137512
0.22314949333667755
0.23076923191547397
0.23403483629226685
0.23004354536533356
0.2246008664369583
0.2180696725845337
0.22714078426361084
0.23294629156589508
0.22605225443840024
0.2325834482908249
0.2246008664369583
0.22278665006160736
0.24020318686962128
0.23185776174068448
0.23367199301719663
0.2423802614212036
0.2467343956232071
0.25253990292549133
0.2423802614212036
0.24056604504585263
0.2456458657979965
0.2492743134498596
0.2507256865501404
0.256894052028656
0.24419447779655457
0.2539913058280945
0.256894052028656
0.2529027462005615
0.2539913058280945
0.2579825818538666
0.2583454251289368
0.28084179759025574
0.27394774556159973
0.27467343211174006
0.2891872227191925
0.2928156852722168
0.2902757525444031
0.2888243794441223
0.2732220590114593
0.27685052156448364
0.2714078426361084
0.2732220590114593
0.2536284327507019
0.22677794098854065
0.2347605228424072
0.2224238067865372
0.22677794098854065
0.21698112785816193
0.21988388895988464
0.23149491846561432
0.23222060501575467
0.263788104057312
0.2645137906074524
0.279390424489975
0.27866473793983454
0.321480393409729
0.3428882360458374
0.32329463958740234
0.2899129092693329
0.26923078298568726
0.26269957423210144
0.2710449993610382
0.22387517988681796
0.20137880742549896
0.2010159641504288
0.21915820240974423
0.2209724187850952
0.21589259803295133
0.19484759867191315
0.3294629752635956
0.4891146719455719
0.7024673223495483
0.8508708477020263
0.4800435304641724
0.2714078426361084
0.016690855845808983
0.0
0.07329463213682175
0.171988382935524
0.17779390513896942
0.18613933026790616
0.19811320304870603
0.20065312087535855
0.19049346446990967
0.21044993400573728
0.2002902776002884
0.20537009835243225
0.21117562055587769
0.2140783816576004
0.2285921573638916
0.0
0.0
0.0
0.0
0.0
0.0
0.0
0.0
0.0
0.0
0.0
0.0
0.0
0.0
0.0
0.0
0.0
0.0
0.0
0.0
0.0
0.0
0.0
0.0
0.0
0.0
0.0
0.0
0.0
0.0
0.0
0.0
0.0
