1.0
0.43253535032272333
0.0
0.02937976084649563
0.10554950684309004
0.09793253242969513
0.07399347424507141
0.13601741194725037
0.06311208009719849
0.1273123025894165
0.1191512495279312
0.12948857247829437
0.13656148314476013
0.1256800889968872
0.12948857247829437
0.13982589542865753
0.11969532072544097
0.17519041895866394
0.11751904338598251
0.138737753033638
0.15669205784797668
0.1844396144151688
0.2002176344394684
0.2198041379451752
0.18335147202014923
0.20130576193332672
0.22306855022907257
0.24755167961120603
0.26060935854911804
0.26496192812919617
0.3035908639431
0.27040261030197144
0.3171926140785217
0.277475506067276
0.3144722580909729
0.27312296628952026
0.27312296628952026
0.2834602892398834
0.22959738969802856
0.19695320725440976
0.20239390432834625
0.1692056655883789
0.17791077494621277
0.11806311458349228
0.18226332962512967
0.15832427144050598
0.13112078607082367
0.15832427144050598
0.12948857247829437
0.12622416019439697
0.15233950316905975
0.10990206897258759
0.1692056655883789
0.14417845010757446
0.17138193547725675
0.13819368183612823
0.13656148314476013
0.16322089731693268
0.11425462365150452
0.15342764556407928
0.13982589542865753
0.11371055245399476
0.15669205784797668
0.13982589542865753
0.15995647013187408
0.15723612904548645
0.14091403782367706
0.15288357436656952
0.18171925842761996
0.20729053020477292
0.24755167961120603
0.22524483501911163
0.27421110868453974
0.20402611792087555
0.20348204672336576
0.209466814994812
0.12948857247829437
0.17627856135368347
0.1273123025894165
0.13438519835472107
0.15179543197155
0.10174102336168288
0.14744287729263303
0.1033732295036316
0.12187159806489944
0.08324265480041504
0.06365615129470825
0.2676822543144226
0.6735582351684569
0.9624592065811155
0.5821545124053955
0.06093579903244972
0.11099020391702652
0.12459194660186768
0.1784548461437225
0.16702938079833984
0.138737753033638
0.17954298853874207
0.1305767148733139
0.1692056655883789
0.18226332962512967
0.09357997775077821
0.2268770337104797
0.15886832773685455
0.18171925842761996
0.0
0.0
0.0
0.0
0.0
0.0
0.0
0.0
0.0
0.0
0.0
0.0
0.0
0.0
0.0
0.0
0.0
0.0
0.0
0.0
0.0
0.0
0.0
0.0
0.0
0.0
0.0
