0.9332883954048157
0.8645552396774293
0.7345013618469238
0.6428571343421936
0.40431267023086553
0.13274931907653809
0.07210242748260498
0.0
0.14353099465370178
0.2109164446592331
0.20619946718215945
0.1967654973268509
0.18733154237270355
0.19743935763835904
0.19474393129348755
0.20215633511543277
0.2142857164144516
0.19878706336021423
0.19541779160499567
0.2008086293935776
0.20350404083728793
0.1933962255716324
0.19137465953826904
0.17991913855075836
0.18396227061748505
0.1933962255716324
0.1927223652601242
0.1927223652601242
0.1859838217496872
0.18463611602783203
0.1805929988622665
0.17318059504032135
0.18194070458412168
0.15768194198608398
0.1421832889318466
0.13679245114326477
0.14016172289848328
0.1388140171766281
0.1388140171766281
0.15835580229759216
0.15363880991935727
0.16239891946315765
0.16509434580802915
0.1859838217496872
0.2237196713685989
0.24528302252292636
0.2614555358886719
0.2601078152656555
0.25808626413345337
0.2607816755771637
0.2614555358886719
0.25943395495414734
0.2459568679332733
0.24797843396663663
0.25539082288742065
0.2540431320667267
0.24865229427814484
0.24865229427814484
0.26280322670936584
0.2526954114437103
0.24056604504585263
0.2425875961780548
0.24528302252292636
0.25
0.2520215511322021
0.23787061870098117
0.23113207519054407
0.2351752072572708
0.236522912979126
0.25134772062301636
0.24528302252292636
0.24191375076770785
0.25
0.24663072824478147
0.24663072824478147
0.24663072824478147
0.2540431320667267
0.2533692717552185
0.25471699237823486
0.2668463587760925
0.2998652160167694
0.31199461221694946
0.30997303128242487
0.2823450267314911
0.3039083480834961
0.31738543510437006
0.28167116641998285
0.2783018946647644
0.28369271755218506
0.2870619893074036
0.2648248076438904
0.24056604504585263
0.2385444790124893
0.23113207519054407
0.2607816755771637
0.25134772062301636
0.24865229427814484
0.2520215511322021
0.2971698045730591
0.3915094435214996
0.6192722320556641
0.7917789816856384
0.860512137413025
1.0
0.9198113083839417
0.8153638839721679
0.6839622855186462
0.42385444045066833
0.2028301954269409
0.11994609236717224
0.07681940495967865
0.22574123740196228
0.2783018946647644
0.2749326229095459
0.2459568679332733
0.24056604504585263
0.2520215511322021
0.2506738603115082
0.24191375076770785
0.23045821487903595
0.2324797809123993
0.21967655420303345
0.21293801069259644
0.0
0.0
0.0
0.0
0.0
0.0
0.0
0.0
0.0
