0.9529636502265929
0.8676864504814149
0.5927342176437378
0.4206500947475433
0.1583174020051956
0.0
0.04933078214526176
0.1078393906354904
0.23135755956172943
0.38240918517112726
0.49713194370269775
0.533460795879364
0.5456978678703308
0.562141478061676
0.5671128034591675
0.570936918258667
0.5785850882530212
0.5747609734535217
0.5782026648521423
0.5774378776550293
0.5831739902496338
0.5824092030525208
0.5869981050491333
0.590822160243988
0.5896749496459961
0.5889101624488832
0.5850860476493835
0.5869981050491333
0.5912045836448668
0.5869981050491333
0.5827915668487549
0.5820267796516417
0.5831739902496338
0.5919694304466248
0.5835564136505127
0.5877628922462463
0.5847036242485046
0.5835564136505127
0.5881453156471252
0.5843212008476257
0.5831739902496338
0.5827915668487549
0.581261932849884
0.5885277390480042
0.5889101624488832
0.5912045836448668
0.5957934856414795
0.5923517942428589
0.5969407558441162
0.5984703898429872
0.590057373046875
0.6011472344398499
0.5927342176437378
0.6026768684387207
0.5988527536392212
0.590822160243988
0.5892925262451172
0.5835564136505127
0.5969407558441162
0.5992351770401001
0.5969407558441162
0.6026768684387207
0.6015296578407288
0.6015296578407288
0.5973231196403505
0.6087954044342041
0.6183556318283081
0.5973231196403505
0.6038240790367126
0.6072657704353333
0.6011472344398499
0.6114722490310669
0.6042065024375916
0.6065009832382202
0.6038240790367126
0.6038240790367126
0.6019120216369629
0.6072657704353333
0.6049712896347046
0.599617600440979
0.6034416556358337
0.6034416556358337
0.6065009832382202
0.6057361364364624
0.6019120216369629
0.6065009832382202
0.6011472344398499
0.6007648110389708
0.5988527536392212
0.6053537130355834
0.6049712896347046
0.6019120216369629
0.5988527536392212
0.6045889258384705
0.6114722490310669
0.6133843064308168
0.600382387638092
0.6049712896347046
0.6045889258384705
0.6045889258384705
0.5942638516426086
0.6061185598373413
0.6000000238418579
0.6022944450378418
0.6042065024375916
0.6072657704353333
0.6126195192337036
0.599617600440979
0.6022944450378418
0.6068833470344543
0.6087954044342041
0.6133843064308168
0.6049712896347046
0.6355640292167664
0.6512428522109985
0.6539196968078613
0.6585085988044739
0.6305927634239197
0.6565965414047241
0.6302103400230408
0.6156787872314453
0.6263862252235413
0.6141491532325745
0.6068833470344543
0.6007648110389708
0.5755258202552795
0.5732313394546509
0.5785850882530212
0.57170170545578
0.57170170545578
0.5655831694602966
0.580497145652771
