0.90625
0.9223790168762208
0.8780242204666138
0.8104838728904723
0.7127016186714172
0.6673387289047241
0.6088709831237793
0.5272177457809448
0.4808467626571655
0.44254031777381897
0.46875
0.4606854915618896
0.4405241906642914
0.44758063554763794
0.4294354915618896
0.4546371102333069
0.4516128897666931
0.41935482621192927
0.42237904667854315
0.401209682226181
0.43649193644523615
0.4415322542190552
0.4102822542190552
0.41633063554763794
0.39616936445236206
0.42741936445236206
0.42741936445236206
0.3891128897666931
0.4233871102333069
0.3870967626571655
0.4415322542190552
0.5030242204666138
0.5050403475761414
0.5403226017951965
0.5201612710952759
0.6048387289047241
0.5625
0.47883063554763794
0.4657258093357086
0.40625
0.4183467626571655
0.39717742800712585
0.38205644488334656
0.36592742800712585
0.35685482621192927
0.3931451737880706
0.40524193644523615
0.3790322542190552
0.33467742800712585
0.27116936445236206
0.3780241906642914
0.6068548560142517
1.0
0.7157257795333862
0.20866934955120087
0.0
0.07963709533214569
0.2872983813285828
0.3598790466785431
0.3770161271095276
0.401209682226181
0.42741936445236206
0.4092741906642914
0.4203628897666931
0.39112904667854315
0.47379031777381897
0.4707661271095276
0.4707661271095276
0.4798386991024017
0.4727822542190552
0.5090726017951965
0.5332661271095276
0.53125
0.538306474685669
0.538306474685669
0.6118951439857483
0.6552419066429137
0.6794354915618896
0.7197580933570862
0.7318548560142517
0.805443525314331
0.0
0.0
0.0
0.0
0.0
0.0
0.0
0.0
0.0
0.0
0.0
0.0
0.0
0.0
0.0
0.0
0.0
0.0
0.0
0.0
0.0
0.0
0.0
0.0
0.0
0.0
0.0
0.0
0.0
0.0
0.0
0.0
0.0
0.0
0.0
0.0
0.0
0.0
0.0
0.0
0.0
0.0
0.0
0.0
0.0
0.0
0.0
0.0
0.0
0.0
0.0
