0.9629411697387696
0.6023529171943665
0.1223529428243637
0.0
0.12294117361307144
0.20411764085292816
0.23176470398902893
0.24117647111415863
0.24588234722614288
0.2541176378726959
0.2652941048145294
0.2594117522239685
0.2635294198989868
0.27176469564437866
0.27529412508010864
0.28647059202194214
0.2782352864742279
0.2764706015586853
0.2835294008255005
0.2782352864742279
0.29352942109107966
0.27705880999565125
0.27705880999565125
0.2776470482349396
0.2705882489681244
0.27294117212295527
0.2605882287025452
0.2447058856487274
0.23470588028430936
0.2323529422283173
0.2482353001832962
0.25647059082984924
0.27235293388366694
0.2911764681339264
0.3088235259056092
0.31470587849617004
0.298235297203064
0.28823530673980713
0.2876470685005188
0.2852941155433655
0.3000000119209289
0.2994117736816406
0.30176469683647156
0.3035294115543365
0.29764705896377563
0.31000000238418574
0.31058824062347407
0.3152941167354584
0.3158823549747467
0.31411764025688166
0.3211764693260193
0.3199999928474426
0.3199999928474426
0.3152941167354584
0.3135294020175934
0.3235294222831726
0.3082352876663208
0.3082352876663208
0.3035294115543365
0.31647059321403503
0.34882351756095886
0.36000001430511475
0.38529410958290095
0.38941177725791926
0.3923529386520386
0.4000000059604645
0.3976470530033112
0.35588234663009644
0.36882352828979487
0.3623529374599457
0.33176469802856445
0.3023529350757599
0.2800000011920929
0.2629411816596985
0.26764705777168274
0.2605882287025452
0.2505882382392884
0.23411764204502103
0.25
0.25
0.24058823287487033
0.18117646872997284
0.08764705806970595
0.2829411625862121
0.6364706158638
1.0
0.6452941298484801
0.1676470637321472
0.03647058829665184
0.15882353484630585
0.22823528945446012
0.25882354378700256
0.2635294198989868
0.2747058868408203
0.28470587730407715
0.29588234424591064
0.28823530673980713
0.29764705896377563
0.2988235354423523
0.30941176414489746
0.3194117546081543
0.3082352876663208
0.0
0.0
0.0
0.0
0.0
0.0
0.0
0.0
0.0
0.0
0.0
0.0
0.0
0.0
0.0
0.0
0.0
0.0
0.0
0.0
0.0
0.0
0.0
0.0
0.0
0.0
0.0
0.0
0.0
0.0
