1.0
0.6637477874755859
0.36077058315277094
0.11033274978399275
0.2968476414680481
0.31173381209373474
0.2530648112297058
0.16374781727790833
0.16374781727790833
0.1506129652261734
0.1479859948158264
0.17162872850894928
0.15148861706256866
0.17425569891929626
0.17075306177139282
0.19789841771125796
0.20665499567985532
0.19001750648021695
0.22241681814193723
0.2329246997833252
0.24868652224540713
0.2898423671722412
0.2872154116630554
0.3309982419013977
0.3537653386592865
0.39492118358612066
0.46672505140304565
0.49912434816360474
0.5884413123130798
0.6506129503250122
0.7302977442741394
0.8292469382286071
0.8817863464355469
0.9465849399566649
0.9492118954658508
0.9045534133911133
0.8134850859642029
0.6576182246208191
0.5236427187919617
0.38528895378112793
0.28021016716957087
0.2381786406040192
0.18301226198673248
0.16374781727790833
0.1348511427640915
0.1208406314253807
0.12872153520584106
0.09632223844528198
0.1164623498916626
0.10683012008666992
0.10770577937364578
0.13134850561618805
0.10157617926597597
0.12434326112270357
0.11120840907096861
0.1050788089632988
0.12609456479549408
0.10070052742958067
0.1269702315330505
0.11821366101503372
0.11120840907096861
0.1322241723537445
0.10858143866062164
0.12346760183572768
0.10770577937364578
0.10595446825027464
0.1208406314253807
0.08844133466482161
0.10858143866062164
0.09544658660888672
0.09194395691156387
0.10070052742958067
0.1094570904970169
0.09544658660888672
0.08844133466482161
0.0823117345571518
0.09719789773225784
0.07180385291576385
0.08844133466482161
0.07618213444948195
0.07443082332611085
0.091068297624588
0.06567425280809401
0.08406304568052292
0.070928193628788
0.0639229416847229
0.08406304568052292
0.055166374891996384
0.070928193628788
0.06129597127437592
0.05166374891996384
0.0753064826130867
0.03327495604753494
0.062171630561351776
0.050788089632987976
0.04816111922264099
0.06742557138204575
0.03940455242991448
0.054290719330310815
0.04816111922264099
0.045534148812294006
0.06917688250541687
0.06917688250541687
0.1506129652261734
0.16725043952465057
0.18301226198673248
0.2171628773212433
0.24080561101436612
0.2583187520503998
0.26182135939598083
0.21803852915763852
0.15849387645721436
0.11821366101503372
0.10157617926597597
0.023642731830477715
0.0
0.007005253806710243
0.0
0.0
0.0
0.0
0.0
0.0
0.0
0.0
0.0
0.0
0.0
0.0
0.0
0.0
0.0
