0.9359276890754701
0.8227201104164124
0.3321540951728821
0.09905660152435303
0.0
0.02633647806942463
0.06800314784049988
0.07075471431016922
0.07429245114326477
0.07468553632497787
0.07861635088920593
0.09355346113443375
0.08176100999116898
0.10102201253175735
0.10023584961891174
0.10377358645200728
0.11045597493648528
0.1124213859438896
0.11949685215950012
0.12657232582569122
0.1316823959350586
0.15055032074451447
0.1619496792554855
0.17845912277698517
0.19968552887439728
0.2158018797636032
0.2354559749364853
0.2720125913619995
0.28183960914611816
0.30149370431900024
0.3113207519054413
0.3187893033027649
0.3266509473323822
0.3168238997459412
0.29952830076217646
0.2610062956809997
0.22680817544460297
0.18671382963657376
0.15841194987297058
0.12421383708715437
0.11517295241355896
0.1049528270959854
0.09905660152435303
0.09355346113443375
0.0904088020324707
0.0915880501270294
0.08922956138849257
0.08490566164255142
0.09080188721418381
0.10102201253175735
0.09748427569866179
0.10102201253175735
0.10888364911079405
0.1124213859438896
0.13089622557163239
0.12617924809455872
0.1175314486026764
0.11713836342096327
0.12893082201480863
0.138364776968956
0.1175314486026764
0.12617924809455872
0.11320754885673522
0.11635220050811768
0.11281446367502213
0.11281446367502213
0.10652516037225725
0.10377358645200728
0.09473270177841185
0.10888364911079405
0.11635220050811768
0.1450471729040146
0.17177672684192655
0.17767295241355896
0.19968552887439728
0.23191824555397036
0.19457547366619113
0.16902515292167664
0.14858490228652954
0.1536949723958969
0.10062892735004424
0.09433962404727936
0.07822327315807343
0.07193396240472794
0.07743711024522781
0.06800314784049988
0.07468553632497787
0.07389937341213225
0.08765723556280136
0.07783018797636032
0.07822327315807343
0.07861635088920593
0.15094339847564697
0.3478773534297943
0.5782232880592345
0.9048742055892944
1.0
0.4052672982215881
0.11399371176958084
0.04245283082127571
0.055817611515522
0.07154087722301483
0.09198113530874252
0.10691823810338974
0.09394653886556624
0.10259433835744856
0.10377358645200728
0.10966981202363968
0.11556603759527206
0.12264151126146317
0.11556603759527206
0.1316823959350586
0.1344339549541473
0.1320754736661911
0.15487422049045563
0.1599842756986618
0.174135223031044
0.1882861703634262
0.0
0.0
0.0
0.0
0.0
0.0
0.0
0.0
0.0
0.0
0.0
0.0
0.0
0.0
