1.0
0.8425531983375549
0.6028369069099425
0.3418439626693725
0.18817967176437375
0.14231678843498227
0.09219858050346375
0.09172576665878297
0.08841607719659805
0.09267139434814452
0.09834515303373335
0.07754137367010115
0.08557919412851332
0.09929078072309494
0.10874704271554946
0.10780141502618788
0.1106382980942726
0.13049645721912384
0.1522458642721176
0.15839242935180664
0.18581560254096985
0.20236407220363617
0.20661938190460205
0.22931441664695737
0.2534278929233551
0.2638297975063324
0.26950353384017944
0.2633569836616516
0.2666666805744171
0.2510638236999512
0.2505910098552704
0.22553192079067233
0.19810874760150907
0.1872340440750122
0.16643026471138
0.14704491198062897
0.12671394646167755
0.13806146383285522
0.12907801568508148
0.11205673962831496
0.12293144315481185
0.10212765634059906
0.10023640841245653
0.10780141502618788
0.10591016709804534
0.10874704271554946
0.1035460978746414
0.1177304983139038
0.12387707084417345
0.1106382980942726
0.11205673962831496
0.09834515303373335
0.1111111119389534
0.11631205677986144
0.11347517371177672
0.1040189117193222
0.10591016709804534
0.10921985656023024
0.11914893984794615
0.10921985656023024
0.10874704271554946
0.10921985656023024
0.12056737393140791
0.12907801568508148
0.1531914919614792
0.17446808516979215
0.18581560254096985
0.21418440341949463
0.2364066243171692
0.23877067863941193
0.24160756170749664
0.20992907881736755
0.16973994672298431
0.14231678843498227
0.12387707084417345
0.11631205677986144
0.09929078072309494
0.09881796687841415
0.08510638028383255
0.0
0.09976359456777571
0.34231677651405334
0.5990543961524963
0.9905437231063842
0.9219858050346375
0.6108747124671936
0.32765957713127136
0.1895981132984161
0.14326241612434387
0.11158392578363419
0.10118203610181808
0.1035460978746414
0.10543735325336456
0.1106382980942726
0.11583924293518066
0.1106382980942726
0.10496453940868376
0.10780141502618788
0.1243498846888542
0.0
0.0
0.0
0.0
0.0
0.0
0.0
0.0
0.0
0.0
0.0
0.0
0.0
0.0
0.0
0.0
0.0
0.0
0.0
0.0
0.0
0.0
0.0
0.0
0.0
0.0
0.0
0.0
0.0
0.0
0.0
0.0
0.0
