0.890382170677185
0.5128097534179688
0.21209575235843656
0.0
0.005459890700876713
0.02981940284371376
0.04241915047168732
0.03611927852034569
0.027719445526599884
0.04871902614831925
0.03233935311436653
0.045359093695878976
0.03695926070213318
0.06635867059230804
0.059218816459178925
0.06425871700048447
0.06761864572763443
0.08021839708089827
0.09953800588846207
0.09911801666021347
0.105837881565094
0.12683746218681335
0.14405712485313416
0.15413691103458405
0.16715665161609647
0.19067618250846863
0.2028559446334839
0.20075598359107968
0.1952960938215256
0.21293574571609497
0.20201596617698667
0.19487610459327695
0.1738765239715576
0.15497690439224243
0.12683746218681335
0.11297774314880372
0.09323813766241072
0.09197816252708435
0.059218816459178925
0.0613187737762928
0.042839143425226205
0.04493910074234009
0.05711885914206505
0.05375892296433449
0.054178915917873376
0.06299874186515808
0.06887862086296082
0.0705585852265358
0.05963880568742752
0.06593868136405945
0.07181856036186218
0.06089878082275391
0.06719865649938583
0.0705585852265358
0.08063838630914688
0.06467870622873306
0.051658965647220605
0.07181856036186218
0.06299874186515808
0.0613187737762928
0.06635867059230804
0.059218816459178925
0.06047879159450531
0.05501889809966087
0.0613187737762928
0.05039899051189423
0.06803864240646361
0.0613187737762928
0.06089878082275391
0.06551869213581085
0.061738766729831696
0.06509869545698166
0.06467870622873306
0.07097858190536499
0.07685846090316771
0.06551869213581085
0.07559848576784134
0.09113817662000656
0.10877782106399536
0.12557749450206757
0.1495170146226883
0.14909702539443967
0.19025619328022003
0.21755564212799072
0.16967660188674927
0.140697181224823
0.12095758318901062
0.09449811279773712
0.08105837553739548
0.08861822634935379
0.07643847167491914
0.06635867059230804
0.07979840040206909
0.0789584219455719
0.04115917533636093
0.12725745141506195
0.19067618250846863
0.4880302250385285
1.0
0.6068878769874573
0.3439731299877167
0.09701806306838989
0.09701806306838989
0.12095758318901062
0.14657707512378693
0.13733725249767303
0.13565728068351743
0.1411171704530716
0.13733725249767303
0.13355733454227448
0.16085678339004517
0.16043679416179657
0.1751364916563034
0.17891642451286316
0.19571608304977417
0.191516175866127
0.1952960938215256
0.0
0.0
0.0
0.0
0.0
0.0
0.0
0.0
0.0
0.0
0.0
0.0
0.0
0.0
0.0
