0.9676448702812195
0.9217456579208374
0.642588436603546
0.47103086113929754
0.12415350228548049
0.07449209690093994
0.08878856152296066
0.2942061722278595
0.46425884962081915
0.47253572940826416
0.4808126389980316
0.5079006552696228
0.5033860206604004
0.5184349417686462
0.502633571624756
0.5507900714874268
0.5379984974861145
0.5131677985191345
0.5229495763778688
0.5244544744491577
0.5357411503791809
0.5349887013435364
0.5274642705917358
0.5109104514122009
0.5116629004478456
0.5274642705917358
0.545522928237915
0.48231753706932073
0.5349887013435364
0.4409330189228058
0.4319036900997162
0.4213694632053375
0.38675695657730097
0.3807373940944672
0.3724604845046997
0.46350640058517456
0.4958615601062775
0.5184349417686462
0.5492851734161377
0.5349887013435364
0.5673438906669617
0.5763732194900513
0.5470278263092041
0.5643340945243835
0.4943566620349884
0.5161775946617126
0.5349887013435364
0.4936042129993439
0.4988713264465332
0.5033860206604004
0.4988713264465332
0.4981188774108887
0.5018811225891113
0.5176824927330017
0.48231753706932073
0.505643367767334
0.5184349417686462
0.4943566620349884
0.5018811225891113
0.5086531043052673
0.5018811225891113
0.4958615601062775
0.49134686589241033
0.4981188774108887
0.45673438906669617
0.49285176396369934
0.48683220148086553
0.4477050304412842
0.4650112986564636
0.46576371788978577
0.4665161669254303
0.48607975244522095
0.4409330189228058
0.48231753706932073
0.4559819400310516
0.47253572940826416
0.478555291891098
0.4439428150653839
0.4484574794769287
0.46124905347824097
0.48382243514060974
0.48683220148086553
0.4431903660297394
0.48156508803367615
0.4409330189228058
0.45673438906669617
0.46124905347824097
0.42212188243865967
0.4499623775482178
0.42362678050994873
0.4537245929241181
0.4537245929241181
0.42964634299278254
0.41610231995582575
0.471783310174942
0.51241534948349
0.5522949695587158
0.530474066734314
0.5816403031349182
0.5989465713500977
0.5876598954200745
0.620015025138855
0.5079006552696228
0.4981188774108887
0.48908954858779913
0.4920993149280548
0.4431903660297394
0.39352896809577936
0.3641836047172546
0.3641836047172546
0.39352896809577936
0.360421359539032
0.13844996690750122
0.0782543271780014
0.5914221405982971
1.0
0.7336342930793761
0.34386757016181946
0.14597441256046295
0.0
0.013544018380343914
0.10458991676568984
0.28141459822654724
0.394281417131424
0.410082757472992
0.42964634299278254
0.42061701416969294
0.39804363250732416
0.4559819400310516
0.4258841276168823
0.43566590547561646
0.4574868381023407
