0.9849284291267395
0.994348168373108
0.6006028652191162
0.35229840874671936
0.2799547910690308
0.1823662370443344
0.12547098100185394
0.1168048232793808
0.11152976751327515
0.08967596292495726
0.0900527536869049
0.08854559063911438
0.0806330069899559
0.09457422792911528
0.07724189758300781
0.08553127199411392
0.08892238140106201
0.09344385564327241
0.09796533733606337
0.11266013234853745
0.128485307097435
0.1379050463438034
0.14883194863796234
0.1552373766899109
0.17633759975433347
0.1902788281440735
0.21288621425628665
0.22833459079265597
0.2848530411720276
0.2987942695617676
0.3342125117778778
0.36058780550956726
0.3820648193359375
0.40957045555114746
0.4103240370750427
0.4065561294555664
0.4020346701145172
0.3896006047725677
0.3677468001842498
0.3142426609992981
0.2596081495285034
0.2230595350265503
0.20384325087070465
0.1412961632013321
0.12547098100185394
0.1262245625257492
0.10097965598106384
0.11793519556522368
0.0923134908080101
0.08666164427995682
0.10889223963022232
0.09608138352632521
0.06405425816774368
0.07159005105495453
0.07837226986885072
0.07498116046190262
0.07460436969995497
0.07309721410274506
0.07724189758300781
0.10097965598106384
0.1006028652191162
0.1134137138724327
0.08816879987716675
0.07874906063079835
0.07987942546606064
0.08251695334911345
0.07159005105495453
0.06857573240995407
0.07761868834495544
0.07724189758300781
0.06744536757469177
0.06443104892969131
0.04935945570468903
0.06819894164800644
0.05162019655108452
0.059909570962190635
0.06141673028469086
0.037302184849977486
0.07159005105495453
0.054634515196084976
0.07535795122385025
0.04182366281747817
0.04483798146247864
0.04747550934553146
0.04031650349497795
0.04370761290192604
0.034287866204977036
0.04069329425692558
0.04107008129358292
0.05501130223274231
0.04709871858358383
0.027128862217068672
0.027882441878318783
0.03654860705137253
0.04860587790608406
0.0467219278216362
0.08214016258716582
0.1017332300543785
0.1073850765824318
0.11718161404132844
0.1156744509935379
0.12697814404964447
0.10587792098522186
0.11642803251743317
0.11981914192438124
0.10361718386411665
0.06292388588190079
0.05501130223274231
0.011303692124783993
0.022230595350265503
0.006782215554267168
0.017709117382764816
0.0
0.015071590431034563
0.022607384249567986
0.014694800600409508
0.009042954072356224
0.014694800600409508
0.10135644674301147
0.27882441878318787
0.6009796261787416
1.0
0.9951017498970032
0.6492087244987488
0.38093444705009455
0.25847777724266047
0.16955538094043732
0.12245666980743408
0.11077618598937988
0.08741522580385208
0.1039939746260643
0.08741522580385208
