0.9906103014945984
0.7674250602722168
0.5063199996948241
0.18237631022930145
0.10473094880580902
0.04405922815203667
0.023474179208278656
0.003611412132158875
0.011556518264114857
0.0
0.0010834236163645983
0.003250270849093795
0.005778259132057428
0.01877934299409389
0.03069700300693512
0.03828096762299538
0.05742145329713821
0.06283856928348541
0.09750812500715256
0.1162874698638916
0.1267605572938919
0.14048393070697784
0.15131816267967224
0.17659805715084076
0.18887685239315033
0.18779343366622925
0.17876489460468292
0.15962441265583038
0.15204045176506042
0.14048393070697784
0.1209823042154312
0.11303719878196716
0.08667389303445816
0.08667389303445816
0.09245214611291885
0.10436981171369553
0.09931383281946182
0.07439509034156798
0.0790899246931076
0.07186710089445114
0.07258938252925871
0.08089563250541687
0.07800649851560593
0.06283856928348541
0.05525460466742516
0.07078367471694946
0.05742145329713821
0.05381004139780998
0.05489346385002136
0.05489346385002136
0.06031057983636856
0.05525460466742516
0.048392921686172485
0.05055977031588554
0.06031057983636856
0.08053448796272278
0.11267605423927309
0.13506680727005005
0.16251353919506073
0.1892379969358444
0.16540266573429108
0.17226435244083405
0.10292524099349976
0.0895630195736885
0.09281329065561295
0.056338027119636536
0.03755868598818778
0.02853015437722206
0.03069700300693512
0.031058143824338913
0.027085591107606888
0.032141566276550286
0.027085591107606888
0.031058143824338913
0.1646803915500641
0.3308053314685821
0.5904658436775208
1.0
0.6677500605583191
0.3925604820251465
0.11917659640312193
0.09750812500715256
0.032502707093954086
0.01877934299409389
0.016251353546977043
0.016251353546977043
0.023113036528229717
0.014084506779909132
0.026724448427557945
0.02491874247789383
0.02491874247789383
0.05200433358550072
0.05092091113328934
0.0
0.0
0.0
0.0
0.0
0.0
0.0
0.0
0.0
0.0
0.0
0.0
0.0
0.0
0.0
0.0
0.0
0.0
0.0
0.0
0.0
0.0
0.0
0.0
0.0
0.0
0.0
0.0
0.0
0.0
0.0
0.0
0.0
0.0
0.0
0.0
0.0
0.0
0.0
