0.9430829882621763
0.7438735365867615
0.4292490184307098
0.09565217047929764
0.0
0.115415021777153
0.1762845814228058
0.16126482188701627
0.17944663763046265
0.17312252521514893
0.16996046900749207
0.18102766573429108
0.1620553433895111
0.1778656095266342
0.1660079061985016
0.16916996240615845
0.17944663763046265
0.16442687809467316
0.19130434095859528
0.19288536906242368
0.17470355331897736
0.21660079061985013
0.1944663971662521
0.219762846827507
0.22213438153266904
0.21027667820453644
0.23794466257095337
0.2324110716581345
0.2577075064182281
0.2814229130744934
0.2782608568668365
0.3075098693370819
0.2996047437191009
0.32252964377403254
0.3383399248123169
0.33043476939201355
0.3675889372825623
0.35731226205825806
0.3699604868888855
0.35968378186225886
0.31936758756637573
0.33596837520599365
0.290909081697464
0.2924901247024536
0.2782608568668365
0.2671936750411988
0.26877471804618835
0.2592885494232178
0.26007905602455134
0.269565224647522
0.24189724028110504
0.27984189987182617
0.2403162121772766
0.2513833940029144
0.2545454502105713
0.24110671877861023
0.269565224647522
0.2592885494232178
0.25849801301956177
0.2703557312488556
0.24189724028110504
0.27272728085517883
0.24664030969142917
0.2482213377952576
0.25296443700790405
0.24743083119392395
0.2648221254348755
0.24110671877861023
0.2490118592977524
0.2505928874015808
0.22055335342884064
0.2545454502105713
0.2339920997619629
0.23715415596961972
0.24268774688243863
0.21818181872367856
0.24347825348377228
0.21818181872367856
0.2513833940029144
0.2648221254348755
0.26798418164253235
0.32648220658302307
0.31936758756637573
0.33517786860466003
0.426086962223053
0.4205533564090729
0.42687746882438654
0.39841896295547485
0.3794466257095337
0.3588932752609253
0.2964426875114441
0.2774703502655029
0.2292490154504776
0.19762845337390897
0.21264822781085968
0.1984189748764038
0.20632411539554596
0.19920948147773743
0.20553359389305115
0.21660079061985013
0.21027667820453644
0.2276679873466492
0.387351781129837
0.439525693655014
0.7588932514190675
1.0
0.799209475517273
0.4798418879508972
0.156521737575531
0.08774703741073608
0.19288536906242368
0.26166006922721863
0.2513833940029144
0.24584980309009552
0.25375494360923767
0.23873518407344815
0.26403161883354187
0.24110671877861023
0.25375494360923767
0.26007905602455134
0.24347825348377228
0.27430829405784607
0.2671936750411988
0.2592885494232178
0.2814229130744934
0.26403161883354187
0.0
0.0
0.0
0.0
0.0
0.0
