1.0
0.7786388993263245
0.5575199723243712
0.3439089357852936
0.2240251898765564
0.14943085610866547
0.07895374298095702
0.07435214519500732
0.06950835883617401
0.06224267557263374
0.05836764350533485
0.05788326635956764
0.05764107406139374
0.06805521994829178
0.06272704899311066
0.0559457503259182
0.05764107406139374
0.05812545493245125
0.05812545493245125
0.049648825079202645
0.051828529685735696
0.05134415253996849
0.049648825079202645
0.05425042286515236
0.04819568991661072
0.04625817388296127
0.04625817388296127
0.03826592490077019
0.041172195225954056
0.03996124863624573
0.04068781808018684
0.038992490619421005
0.04456284642219544
0.05037539452314377
0.052312910556793206
0.06200048327445984
0.07023492455482483
0.0777427926659584
0.09178978204727171
0.09711794555187224
0.09857108443975449
0.10123516619205473
0.09663356840610504
0.09130539745092393
0.09033664315938947
0.08670379966497421
0.0859772339463234
0.08549285680055618
0.0859772339463234
0.08549285680055618
0.08670379966497421
0.08912569284439088
0.08549285680055618
0.08646161109209059
0.08476628363132477
0.08331315219402313
0.07628966122865677
0.07556308805942534
0.08234439045190811
0.07265681773424147
0.07483652234077452
0.07217244058847427
0.06587551534175873
0.07047711312770844
0.07047711312770844
0.07362557202577592
0.07459433376789093
0.07193025201559067
0.08089125901460646
0.10123516619205473
0.13175103068351743
0.1290869414806366
0.10971179604530334
0.12690724432468414
0.11818842589855194
0.11867280304431917
0.10099297761917114
0.10656332969665527
0.09348510205745696
0.07532089948654176
0.059820778667926795
0.04650036245584488
0.0387503020465374
0.04214095324277878
0.046742551028728485
0.04698474332690239
0.04795350134372711
0.04286752268671989
0.0
0.00581254530698061
0.23056429624557492
0.6284814476966858
0.9978203177452089
0.6611770391464232
0.48776942491531367
0.2601114213466644
0.17994672060012817
0.07846936583518982
0.031242432072758675
0.03221118822693825
0.02639864385128021
0.024461127817630768
0.017922015860676765
0.025429885834455487
0.019375151023268696
0.021797046065330505
0.023007992655038837
0.019375151023268696
0.020828288048505783
0.01525793131440878
0.0
0.0
0.0
0.0
0.0
0.0
0.0
0.0
0.0
0.0
0.0
0.0
0.0
0.0
0.0
0.0
0.0
0.0
0.0
0.0
0.0
0.0
