1.0
0.6679888963699341
0.29789766669273376
0.17334391176700592
0.14081713557243347
0.17810392379760742
0.21539071202278137
0.22372074425220487
0.22332407534122467
0.22768741846084595
0.2320507764816284
0.22610075771808624
0.2399841398000717
0.2268940955400467
0.23522411286830905
0.23284411430358887
0.2209440767765045
0.23403410613536835
0.22292740643024445
0.22530741989612577
0.21737405657768247
0.21182070672512052
0.22015073895454407
0.21142403781414032
0.2015073448419571
0.19873066246509552
0.1713605672121048
0.17294724285602567
0.15271717309951782
0.11543038487434389
0.09044030308723448
0.04363347962498665
0.04839349538087845
0.007933359593152998
0.0
0.0
0.009916699491441248
0.055533517152071
0.0825069397687912
0.10670369118452072
0.1428004801273346
0.15390717983245847
0.18722729384899137
0.18722729384899137
0.19714398682117465
0.20547401905059812
0.19436731934547424
0.21539071202278137
0.20983736217021945
0.2209440767765045
0.21499404311180115
0.21340738236904144
0.23522411286830905
0.22967076301574707
0.22372074425220487
0.22967076301574707
0.21023403108119965
0.2320507764816284
0.22134073078632355
0.21975407004356384
0.22649742662906647
0.2142007201910019
0.22411741316318512
0.2185640633106232
0.20626735687255857
0.2145973891019821
0.20071400701999664
0.225704088807106
0.2066640257835388
0.20706069469451904
0.2082507014274597
0.20111067593097687
0.21063069999217987
0.2078540325164795
0.2030940055847168
0.20626735687255857
0.19000396132469177
0.21102736890316007
0.20507735013961792
0.19714398682117465
0.20111067593097687
0.19159063696861267
0.20706069469451904
0.2003173381090164
0.19079729914665225
0.2003173381090164
0.19436731934547424
0.23919080197811127
0.24990083277225492
0.26418086886405945
0.26894089579582214
0.25783419609069824
0.3010710179805756
0.30067434906959534
0.2856009602546692
0.27846091985702515
0.23800079524517057
0.21182070672512052
0.1650138795375824
0.15708051621913907
0.15946052968502045
0.1396271288394928
0.15311384201049805
0.14756049215793607
0.14200714230537415
0.14557714760303497
0.12415707856416702
0.06862356513738632
0.0491868294775486
0.18167394399642944
0.5969853401184082
0.8639428615570067
0.6675922274589539
0.26140421628952026
0.199524000287056
0.0888536274433136
0.09083697199821472
0.15271717309951782
0.1396271288394928
0.13764379918575287
0.14637048542499542
0.13209043443202972
0.15668386220932007
0.1523205041885376
0.13605712354183197
0.14478380978107452
0.13566045463085175
0.15430384874343872
0.15192383527755737
0.14359381794929504
0.13923045992851257
0.12891709804534912
