0.988944172859192
0.7888336181640626
0.4615809917449951
0.4074074029922485
0.3255942463874817
0.32835820317268366
0.3504698872566223
0.2985074520111084
0.34051963686943054
0.3128800392150879
0.3128800392150879
0.3449419438838959
0.34715312719345087
0.34051963686943054
0.36318409442901606
0.3731343150138855
0.3781094551086426
0.3797678351402282
0.37368711829185486
0.40077391266822815
0.3880597054958344
0.4057490229606629
0.4239911437034607
0.419016033411026
0.4262023270130157
0.4112769365310669
0.42454394698143005
0.4295190572738648
0.4372581541538239
0.384190171957016
0.38971808552742
0.36373686790466314
0.3493642807006836
0.3626312911510468
0.3576561510562897
0.3576561510562897
0.3349916934967041
0.3305693864822388
0.3571033775806427
0.3626312911510468
0.3477059006690979
0.352681040763855
0.35323384404182434
0.3504698872566223
0.3360973000526428
0.34217798709869385
0.33443892002105713
0.3653952479362488
0.36484244465827936
0.3300165832042694
0.3349916934967041
0.3443891704082489
0.355444997549057
0.35820895433425903
0.31509122252464294
0.3493642807006836
0.3333333432674408
0.3443891704082489
0.3598673343658447
0.3709231615066528
0.4035378694534302
0.4173576533794403
0.4389165341854096
0.490878939628601
0.5002763867378235
0.4936428964138031
0.46876728534698486
0.41404089331626887
0.4024322926998138
0.3394140303134918
0.30845770239830017
0.2824765145778656
0.3079049289226532
0.30292978882789606
0.2642343938350677
0.25981205701828
0.13101160526275635
0.0
0.22277501225471497
0.6893311142921448
1.0
0.9402984976768493
0.5649530291557312
0.4682144820690155
0.3720287382602692
0.3626312911510468
0.36318409442901606
0.36871200799942017
0.33665007352828974
0.3488115072250366
0.36484244465827936
0.35323384404182434
0.3908236622810364
0.38308456540107727
0.3720287382602692
0.3819789886474609
0.39690437912940973
0.0
0.0
0.0
0.0
0.0
0.0
0.0
0.0
0.0
0.0
0.0
0.0
0.0
0.0
0.0
0.0
0.0
0.0
0.0
0.0
0.0
0.0
0.0
0.0
0.0
0.0
0.0
0.0
0.0
0.0
0.0
0.0
0.0
0.0
0.0
