1.0
0.6665330529212952
0.2537074089050293
0.09779559075832368
0.03046092204749584
0.034869737923145294
0.07575150579214096
0.08577154576778413
0.09218437224626541
0.09458918124437331
0.08937875926494598
0.09979959577322006
0.09979959577322006
0.10220441222190856
0.10981963574886322
0.10380761325359344
0.12104208767414092
0.11783567070960999
0.13507014513015747
0.13426853716373444
0.14268536865711212
0.15350700914859772
0.1687374711036682
0.1879759579896927
0.2064128220081329
0.2332665324211121
0.25811624526977534
0.27815631031990046
0.3014028072357178
0.31342685222625727
0.3302605152130127
0.34188377857208246
0.33787575364112854
0.3254508972167969
0.29178357124328613
0.2557114362716675
0.2140280604362488
0.1795591115951538
0.1418837606906891
0.12184368818998335
0.10781563073396681
0.10581162571907043
0.09659318625926973
0.09619238227605821
0.09058116376399994
0.08216433227062225
0.0789579153060913
0.0789579153060913
0.08697395026683806
0.08296593278646469
0.08897795528173447
0.08216433227062225
0.09258516877889632
0.10020039975643157
0.10340681672096252
0.103006012737751
0.10380761325359344
0.10260520875453948
0.10901803523302078
0.10340681672096252
0.11142284423112868
0.09939879924058914
0.10260520875453948
0.09739478677511217
0.09218437224626541
0.09138276427984236
0.08897795528173447
0.08496993780136108
0.09979959577322006
0.11903807520866394
0.1507014036178589
0.17114228010177612
0.1595190316438675
0.1951903849840164
0.17715430259704587
0.1667334735393524
0.1446893811225891
0.11302605271339417
0.11462926119565964
0.08256512880325317
0.05611222609877586
0.054108217358589165
0.05531062185764313
0.05330661311745644
0.048496995121240616
0.04529058188199997
0.04448897764086723
0.045691382139921195
0.051302604377269745
0.051302604377269745
0.04769539088010788
0.1386773586273193
0.3154308497905731
0.5819639563560486
0.8969939947128295
0.94268536567688
0.4272544980049133
0.11943887919187544
0.0
0.014028056524693964
0.03326653316617012
0.047294590622186654
0.05771543085575104
0.06853707134723663
0.06533066183328629
0.06533066183328629
0.074549101293087
0.06933867931365967
0.07855711132287979
0.08416833728551865
0.08056112378835678
0.08937875926494598
0.0
0.0
0.0
0.0
0.0
0.0
0.0
0.0
0.0
0.0
0.0
0.0
0.0
0.0
0.0
0.0
0.0
0.0
0.0
0.0
