0.9942462444305422
1.0
0.943613350391388
0.7963175773620604
0.7387802004814149
0.6720368266105652
0.5995396971702576
0.5937859416007996
0.5063291192054749
0.4775604009628296
0.4487917125225067
0.48101267218589777
0.49712312221527094
0.42002302408218384
0.4280782639980316
0.4039125442504882
0.45224395394325256
0.4833141565322876
0.4246259927749634
0.4073647856712341
0.4234752655029297
0.4545454680919647
0.4292289912700653
0.40276178717613215
0.41081702709198
0.4050633013248444
0.4407364726066589
0.42117375135421753
0.4752589166164398
0.532796323299408
0.5431530475616455
0.5765247344970703
0.5926352143287659
0.619102418422699
0.5132336020469666
0.46375143527984614
0.4223245084285736
0.467203676700592
0.4833141565322876
0.3878020644187927
0.33716917037963867
0.3901035785675049
0.41196778416633606
0.4004603028297424
0.37859609723091125
0.35327962040901184
0.27387800812721247
0.24626006186008453
0.3475258946418762
0.5903337001800537
0.9769850373268129
0.6559263467788696
0.4004603028297424
0.0023014959879219528
0.0
0.2474108189344406
0.2957422435283661
0.38550058007240295
0.38550058007240295
0.3728423416614533
0.3544303774833679
0.4510931968688965
0.4177215099334717
0.42002302408218384
0.42692750692367554
0.4407364726066589
0.471806675195694
0.5235903263092041
0.4879171550273895
0.502876877784729
0.5235903263092041
0.5903337001800537
0.6029919385910033
0.6432681083679199
0.6501725912094116
0.6674338579177856
0.7744534015655516
0.8538550138473511
0.8457997441291809
0.8504027724266051
0.0
0.0
0.0
0.0
0.0
0.0
0.0
0.0
0.0
0.0
0.0
0.0
0.0
0.0
0.0
0.0
0.0
0.0
0.0
0.0
0.0
0.0
0.0
0.0
0.0
0.0
0.0
0.0
0.0
0.0
0.0
0.0
0.0
0.0
0.0
0.0
0.0
0.0
0.0
0.0
0.0
0.0
0.0
0.0
0.0
0.0
0.0
0.0
0.0
0.0
0.0
0.0
