0.9636363387107848
1.0
0.9739130139350893
0.8197628259658812
0.3770751059055328
0.2703557312488556
0.20079050958156583
0.31462451815605164
0.44031620025634766
0.5359683632850647
0.58339923620224
0.5359683632850647
0.5162055492401123
0.5035573244094849
0.48932805657386774
0.5351778864860535
0.5027667880058289
0.48932805657386774
0.46482214331626887
0.4237154126167297
0.4505928754806519
0.46956521272659296
0.46877470612525934
0.5122529864311217
0.4656126499176025
0.522529661655426
0.5462450385093689
0.5407114624977112
0.5098814368247986
0.5162055492401123
0.5430830121040344
0.5201581120491028
0.5343873500823976
0.5612648129463196
0.5588932633399963
0.6371541619300841
0.6885375380516052
0.722529649734497
0.7462450861930846
0.6758893132209778
0.6964426636695862
0.626086950302124
0.5612648129463196
0.52173912525177
0.5256916880607605
0.5541502237319945
0.5264822244644165
0.5114624500274657
0.4624505937099457
0.431620568037033
0.5019763112068176
0.5130434632301331
0.5169960260391235
0.5051383376121521
0.4972332119941712
0.5723320245742798
0.5557312369346619
0.5501976013183594
0.5517786741256714
0.5051383376121521
0.5541502237319945
0.5525691509246825
0.5596837997436523
0.530434787273407
0.4837944805622101
0.5035573244094849
0.4901185631752014
0.4924901127815247
0.4766798317432404
0.43241107463836664
0.44822135567665106
0.4332015812397003
0.44031620025634766
0.44031620025634766
0.431620568037033
0.4909090995788574
0.4569169878959656
0.42450591921806335
0.4411067068576813
0.4837944805622101
0.5454545617103577
0.5383399128913879
0.5154150128364562
0.4901185631752014
0.4379446506500244
0.4505928754806519
0.4442687630653381
0.4355731308460236
0.4379446506500244
0.3581027686595917
0.3913043439388275
0.39209485054016113
0.3762845993041992
0.3541502058506012
0.2980237007141113
0.3486166000366211
0.3802371621131897
0.4371541440486908
0.4624505937099457
0.4166007936000824
0.4837944805622101
0.46877470612525934
0.44822135567665106
0.44980236887931824
0.40632411837577814
0.4584980309009552
0.4537549316883087
0.42766797542572016
0.365217387676239
0.3383399248123169
0.3446640372276306
0.36679843068122864
0.3059288561344147
0.35573121905326843
0.36047431826591486
0.38656127452850336
0.39209485054016113
0.38814228773117065
0.4213438630104065
0.4086956381797791
0.4584980309009552
0.6237154006958008
0.834782600402832
0.8403161764144897
0.7422924637794495
0.7138339877128601
0.2284584939479828
0.0
0.0
0.0
0.0
0.0
