0.97972971200943
1.0
0.9939939975738524
0.9977477192878723
0.9181681871414183
0.8573573827743529
0.8355855941772462
0.7372372150421143
0.707207202911377
0.6539039015769958
0.6268768906593323
0.5998498201370239
0.5668168067932129
0.5803303122520447
0.575075089931488
0.5510510802268982
0.5615615844726562
0.5608108043670654
0.575075089931488
0.5578078031539917
0.5788288116455078
0.6006006002426147
0.6013513803482056
0.5990990996360779
0.5825825929641724
0.5683183073997498
0.6028528809547424
0.5728228092193604
0.5668168067932129
0.5487987995147705
0.522522509098053
0.5457957983016968
0.545045018196106
0.587837815284729
0.6403903961181641
0.6276276111602783
0.662162184715271
0.6441441178321838
0.6463963985443115
0.6786786913871765
0.619369387626648
0.6599099040031433
0.5630630850791931
0.565315306186676
0.5210210084915161
0.4722222089767456
0.48948949575424194
0.4977477490901947
0.4902402460575104
0.4662162065505981
0.4594594538211823
0.48498499393463135
0.4669669568538666
0.6283783912658691
0.6921921968460083
0.5217717885971069
0.6036036014556885
0.6839339137077332
0.04204204306006432
0.0
0.03903903812170029
0.189939945936203
0.36486485600471497
0.5352852940559387
0.5180180072784424
0.5593093037605286
0.5773273110389708
0.5660660862922668
0.5848348140716553
0.5915915966033936
0.5690690875053406
0.6066066026687622
0.5953453183174133
0.6163663864135742
0.6208708882331848
0.6171171069145203
0.6253753900527954
0.6614114046096802
0.6869369149208069
0.737987995147705
0.7755255103111267
0.8100600838661194
0.8596096038818358
0.9091591835021972
0.9211711883544922
0.9474474191665648
0.9744744896888734
0.9572072029113768
0.934684693813324
0.8926426172256469
0.8243243098258973
0.7740240097045897
0.704954981803894
0.652402400970459
0.6328828930854796
0.5705705881118774
0.5975975990295409
0.5630630850791931
0.0
0.0
0.0
0.0
0.0
0.0
0.0
0.0
0.0
0.0
0.0
0.0
0.0
0.0
0.0
0.0
0.0
0.0
0.0
0.0
0.0
0.0
0.0
0.0
0.0
0.0
0.0
0.0
0.0
0.0
0.0
0.0
0.0
0.0
