0.9441248774528505
0.8833196163177489
0.6039441227912903
0.39112570881843567
0.0468364842236042
0.0
0.0
0.2276088744401932
0.41084635257720953
0.42810189723968506
0.4445357322692871
0.4576828181743622
0.5012325644493103
0.49219390749931335
0.47329497337341303
0.5102711319923401
0.49794575572013855
0.4897288382053375
0.5414955019950867
0.5028759241104126
0.5299918055534363
0.5201314687728882
0.5168446898460388
0.5349219441413879
0.5135579109191896
0.5201314687728882
0.4880854487419128
0.4691865146160126
0.4987674653530121
0.4445357322692871
0.4543960690498352
0.3788003325462341
0.37715694308280945
0.37715694308280945
0.38866063952445984
0.44617912173271174
0.5020542144775392
0.5299918055534363
0.6080526113510132
0.5784716606140137
0.6039441227912903
0.5916187167167664
0.5521774888038635
0.55135577917099
0.5201314687728882
0.5291700959205627
0.5020542144775392
0.5127362608909607
0.5176663994789124
0.5012325644493103
0.514379620552063
0.4905505478382111
0.48069021105766296
0.5258833169937134
0.493837296962738
0.5201314687728882
0.4872637689113617
0.4987674653530121
0.5209531784057617
0.5004108548164368
0.49712407588958735
0.48069021105766296
0.47082990407943726
0.47904682159423834
0.4757600724697113
0.4880854487419128
0.4930156171321869
0.4815119206905365
0.5036976337432861
0.47082990407943726
0.4987674653530121
0.49219390749931335
0.4511092901229858
0.4897288382053375
0.4815119206905365
0.4995891451835632
0.4765817523002625
0.48479869961738586
0.5365653038024902
0.5004108548164368
0.5365653038024902
0.5949054956436157
0.6285949349403381
0.6359901428222656
0.647493839263916
0.7033689618110657
0.6861134171485901
0.6565324664115906
0.5932621359825134
0.5341002345085144
0.5620378255844116
0.5012325644493103
0.47329497337341303
0.45932620763778687
0.41248974204063416
0.44535744190216064
0.41084635257720953
0.3212818503379822
0.06327033787965775
0.3064913749694824
1.0
0.9194741249084472
0.61873459815979
0.4576828181743622
0.08545603603124617
0.002465078141540289
0.010682004503905771
0.21281839907169345
0.38208711147308344
0.41084635257720953
0.4552177488803864
0.4305669665336609
0.431388646364212
0.4798685312271118
0.4765817523002625
0.48562037944793696
0.451930969953537
0.493837296962738
0.4905505478382111
0.46179127693176264
0.0
0.0
0.0
0.0
0.0
0.0
0.0
0.0
0.0
0.0
0.0
0.0
