1.0
0.8645121455192566
0.6326910853385925
0.594779372215271
0.5531386137008666
0.5407085418701172
0.5587321519851685
0.5158483386039734
0.5506525635719299
0.5344934463500977
0.5326289534568787
0.5537601113319397
0.5239279270172119
0.5612181425094604
0.5438160300254822
0.5438160300254822
0.5686761736869812
0.5326289534568787
0.5537601113319397
0.5046612620353699
0.4729645848274231
0.4798011183738709
0.4108141660690308
0.4188937246799469
0.3685519099235535
0.3523927927017212
0.38036048412323
0.3598508536815644
0.40149161219596863
0.4182722270488739
0.4207582473754882
0.45494094491004944
0.428216278553009
0.4735860824584961
0.4580484628677368
0.45121192932128906
0.4766936004161834
0.4338098168373108
0.47110006213188166
0.4493474066257477
0.44437539577484125
0.46923553943634033
0.43443131446838373
0.4592914879322052
0.4536979496479034
0.4425108730792999
0.47110006213188166
0.428216278553009
0.47545060515403753
0.4499689340591431
0.4555624723434448
0.4798011183738709
0.4325668215751648
0.4816656410694122
0.4468614161014557
0.4499689340591431
0.46923553943634033
0.43691733479499817
0.49409571290016174
0.4847731590270996
0.5214418768882751
0.5407085418701172
0.5413300395011902
0.6009944081306458
0.5394654870033264
0.5214418768882751
0.5201988816261292
0.464263528585434
0.5114977955818176
0.4816656410694122
0.4157862067222595
0.42200124263763433
0.38657552003860474
0.428837776184082
0.3952765762805938
0.3952765762805938
0.41454318165779114
0.3716594278812408
0.39589807391166687
0.21131137013435364
0.0
0.33623367547988886
0.9571162462234496
0.9645742774009703
0.7203232049942017
0.7818520665168761
0.7706649899482726
0.5518955588340759
0.5059043169021606
0.45991298556327814
0.4611560106277466
0.487259179353714
0.45059043169021606
0.49409571290016174
0.45991298556327814
0.4810441136360168
0.4810441136360168
0.4605344831943512
0.5046612620353699
0.4636420011520386
0.4835301339626312
0.5034182667732239
0.45494094491004944
0.49036669731140137
0.45183342695236206
0.49160969257354736
0.4922311902046204
0.48663765192031855
0.5158483386039734
0.4499689340591431
0.0
0.0
0.0
0.0
0.0
0.0
0.0
0.0
0.0
0.0
0.0
0.0
0.0
0.0
0.0
0.0
0.0
0.0
0.0
0.0
0.0
0.0
