1.0
0.7640625238418579
0.875
0.922656238079071
0.71875
0.5843750238418579
0.5687500238418579
0.5570312738418579
0.52734375
0.542187511920929
0.5562499761581421
0.553906261920929
0.5257812738418579
0.5453125238418579
0.5406249761581421
0.518750011920929
0.5234375
0.5249999761581421
0.5
0.5062500238418579
0.5015624761581421
0.50390625
0.4921875
0.5257812738418579
0.524218738079071
0.5218750238418579
0.5140625238418579
0.524218738079071
0.514843761920929
0.5023437738418579
0.528124988079071
0.55078125
0.5648437738418579
0.5765625238418579
0.581250011920929
0.59375
0.5914062261581421
0.5648437738418579
0.573437511920929
0.5703125
0.561718761920929
0.555468738079071
0.53515625
0.52734375
0.526562511920929
0.5257812738418579
0.52734375
0.5210937261581421
0.5140625238418579
0.508593738079071
0.516406238079071
0.510937511920929
0.5015624761581421
0.49531251192092896
0.4976562559604645
0.5054687261581421
0.5023437738418579
0.4937500059604645
0.4867187440395355
0.4867187440395355
0.48124998807907104
0.47187501192092896
0.46015626192092896
0.4515624940395355
0.46484375
0.46953123807907104
0.49609375
0.4828124940395355
0.47968751192092896
0.48359376192092896
0.46953123807907104
0.47343748807907104
0.4906249940395355
0.553906261920929
0.5835937261581421
0.5726562738418579
0.5921875238418579
0.6312500238418579
0.589062511920929
0.6000000238418579
0.5796874761581421
0.5601562261581421
0.5406249761581421
0.5132812261581421
0.516406238079071
0.44843751192092896
0.46484375
0.46406251192092896
0.46171873807907104
0.4671874940395355
0.46796876192092896
0.47578126192092896
0.4609375
0.46953123807907104
0.4765625
0.4937500059604645
0.49531251192092896
0.4937500059604645
0.49531251192092896
0.4781250059604645
0.2828125059604645
0.0
0.2734375
0.93359375
0.7710937261581421
0.7515624761581421
0.918749988079071
0.8374999761581421
0.620312511920929
0.50390625
0.4765625
0.45390623807907104
0.4453125
0.44609373807907104
0.4609375
0.44921875
0.4398437440395355
0.42265623807907104
0.42109376192092896
0.44453126192092896
0.4296875
0.42656248807907104
0.0
0.0
0.0
0.0
0.0
0.0
0.0
0.0
0.0
0.0
