1.0
0.8318240642547606
0.6119017004966736
0.527813732624054
0.40362223982810974
0.42820182442665106
0.2690815031528473
0.14618369936943054
0.10996118932962416
0.03363518789410591
0.11125484853982924
0.13324709236621857
0.15653298795223236
0.10996118932962416
0.09702458232641219
0.13842172920703888
0.11254851520061492
0.12160413712263109
0.18887451291084287
0.14747735857963562
0.14618369936943054
0.14489004015922546
0.08408796787261962
0.12160413712263109
0.08796895295381546
0.11772315949201584
0.031047865748405457
0.04398447647690773
0.11254851520061492
0.11513583362102509
0.13324709236621857
0.16688227653503415
0.19275550544261927
0.18887451291084287
0.14618369936943054
0.2858991026878357
0.19146183133125305
0.21992237865924835
0.27296248078346247
0.17593790590763092
0.20827943086624143
0.2341526448726654
0.3557567894458771
0.44372573494911194
0.4243208169937134
0.6067270636558533
0.6144890189170836
0.6054334044456482
0.8331177234649657
0.7386804819107055
0.6416558623313904
0.4566623568534851
0.24708926677703855
0.22121603786945343
0.11254851520061492
0.10219922661781312
0.10608020424842834
0.04527813568711281
0.09443725645542143
0.06209573149681091
0.036222510039806366
0.0
0.20051746070384976
0.6791720390319824
0.6481242179870604
0.43208280205726624
0.31047865748405457
0.6209573149681091
0.9430789351463316
0.708926260471344
0.0
0.0
0.0
0.0
0.0
0.0
0.0
0.0
0.0
0.0
0.0
0.0
0.0
0.0
0.0
0.0
0.0
0.0
0.0
0.0
0.0
0.0
0.0
0.0
0.0
0.0
0.0
0.0
0.0
0.0
0.0
0.0
0.0
0.0
0.0
0.0
0.0
0.0
0.0
0.0
0.0
0.0
0.0
0.0
0.0
0.0
0.0
0.0
0.0
0.0
0.0
0.0
0.0
0.0
0.0
0.0
0.0
0.0
0.0
0.0
0.0
0.0
