0.9185946583747864
0.8920308351516724
0.42673522233963007
0.19622965157032007
0.07883461564779282
0.19965724647045133
0.26392459869384766
0.27506425976753235
0.29991430044174194
0.28791773319244385
0.3119108974933624
0.285347044467926
0.2656383812427521
0.30162811279296875
0.311053991317749
0.3204798698425293
0.3307626247406006
0.3436160981655121
0.3461868166923523
0.37103685736656183
0.3796058297157288
0.4044558703899384
0.4661525189876556
0.4644387364387512
0.4558697640895844
0.4892887771129608
0.53213369846344
0.544130265712738
0.595544159412384
0.5904027223587036
0.5981148481369019
0.6041131019592285
0.6032562255859375
0.6032562255859375
0.611825168132782
0.6580976843833923
0.6075407266616821
0.5578406453132628
0.5578406453132628
0.5407026410102844
0.5561268329620361
0.532990574836731
0.47386461496353144
0.532990574836731
0.49528706073760986
0.50471293926239
0.4850042760372162
0.4678663313388824
0.4841473996639252
0.44987145066261286
0.4481576681137085
0.42502140998840326
0.40531277656555176
0.420736938714981
0.38389033079147333
0.39331620931625366
0.40274208784103394
0.3984575867652893
0.3976006805896759
0.34875750541687006
0.35561269521713257
0.36675235629081726
0.342759221792221
0.39417308568954473
0.3976006805896759
0.4164524376392365
0.4327335059642792
0.4215938448905945
0.4747215211391449
0.5029991269111633
0.46958011388778687
0.47386461496353144
0.40274208784103394
0.3881748020648956
0.331619530916214
0.3084833025932312
0.24935732781887052
0.22450728714466092
0.21508140861988068
0.21422450244426727
0.21765209734439847
0.19622965157032007
0.17395029962062836
0.1876606643199921
0.1782347857952118
0.2090831249952316
0.19794344902038571
0.1670951098203659
0.19023136794567108
0.09682947397232056
0.11311054229736328
0.2330762594938278
0.6152527928352356
1.0
0.7754927277565001
0.5227078199386597
0.2510711252689361
0.0
0.06683804839849472
0.09340188652276991
0.14481577277183533
0.1542416512966156
0.15252785384655
0.19023136794567108
0.1713796108961105
0.16109682619571683
0.20308482646942136
0.14995715022087097
0.17395029962062836
0.15766923129558563
0.17737789452075958
0.16366752982139587
0.0
0.0
0.0
0.0
0.0
0.0
0.0
0.0
0.0
0.0
0.0
0.0
0.0
0.0
0.0
0.0
0.0
0.0
0.0
0.0
