1.0
0.5835362672805786
0.19142718613147733
0.1777886003255844
0.2045786678791046
0.3141743838787079
0.33706769347190857
0.3102776408195496
0.33317098021507263
0.3351193368434906
0.34827083349227905
0.3609352111816406
0.3312225937843323
0.34924501180648804
0.3419386148452759
0.3735996186733246
0.37554797530174255
0.34388700127601624
0.3687286972999573
0.35898685455322266
0.3813930749893189
0.39503166079521174
0.3838285505771637
0.38821238279342646
0.3911349177360535
0.4125669896602631
0.41695079207420344
0.4159766137599945
0.42766684293746954
0.4325377643108368
0.44081830978393555
0.4335119426250458
0.43497321009635925
0.4120798707008362
0.38480272889137274
0.3721383213996887
0.3463224470615387
0.3248904049396515
0.32245492935180664
0.3078421950340271
0.309790551662445
0.3209936618804932
0.3073550760746002
0.31222599744796753
0.3088163733482361
0.3093034625053406
0.32830005884170527
0.31125181913375854
0.3039454519748688
0.3102776408195496
0.3102776408195496
0.3297613263130188
0.30443254113197327
0.285923033952713
0.28446176648139954
0.30297127366065973
0.3039454519748688
0.28884559869766235
0.29371652007102966
0.26254263520240784
0.27471992373466486
0.2761811912059784
0.2635168135166168
0.25328788161277765
0.2771553695201874
0.2810521125793457
0.2547491490840912
0.2693619132041931
0.26741352677345276
0.2596200704574585
0.26741352677345276
0.284948855638504
0.2552362382411957
0.25669750571250916
0.27374574542045593
0.3341451585292816
0.34291282296180725
0.3132002055644989
0.3190453052520752
0.3365806043148041
0.3287871479988098
0.29030686616897583
0.2795908451080322
0.2834875881671905
0.26302972435951233
0.24549439549446103
0.24646858870983124
0.23623964190483093
0.25231367349624634
0.24939113855361936
0.09011203050613405
0.0
0.045786652714014046
0.4359473884105682
0.8114953637123109
0.9512907862663267
0.515343427658081
0.1680467575788498
0.14758889377117157
0.20360447466373444
0.25572332739830017
0.2586458921432495
0.27325865626335144
0.284948855638504
0.30053579807281494
0.29030686616897583
0.28981977701187134
0.30053579807281494
0.32732585072517395
0.30248415470123285
0.30102288722991943
0.3146614730358124
0.3073550760746002
0.31368729472160334
0.0
0.0
0.0
0.0
0.0
0.0
0.0
0.0
0.0
0.0
0.0
0.0
0.0
0.0
0.0
0.0
0.0
0.0
