1.0
0.7438905239105223
0.29455849528312683
0.006190941669046879
0.10883023589849472
0.18963831663131717
0.2603453993797302
0.38351255655288696
0.44770282506942743
0.47083741426467896
0.4731182754039765
0.4812642633914948
0.4832192957401276
0.48159009218215937
0.47214075922966
0.4714890718460083
0.4737699627876282
0.47083741426467896
0.4744216501712799
0.4812642633914948
0.48256760835647583
0.4881068766117096
0.502443790435791
0.5079830288887024
0.524275004863739
0.5272075533866881
0.5382860898971558
0.5493646264076233
0.5643532276153564
0.5487129092216492
0.5356793999671936
0.5226458311080933
0.5210165977478027
0.5063538551330566
0.5066797137260437
0.5037471652030945
0.502443790435791
0.5073313713073729
0.49527534842491144
0.49038773775100714
0.49462366104125977
0.4942978024482727
0.48387095332145685
0.4731182754039765
0.4802867472171784
0.4789833724498749
0.4828934371471405
0.5008146166801453
0.5213424563407898
0.5327468514442444
0.5223199725151062
0.523949146270752
0.5017921328544617
0.4894102215766906
0.4701857268810272
0.4617139101028442
0.47507330775260925
0.4809384047985077
0.4744216501712799
0.4744216501712799
0.47181493043899536
0.47605082392692566
0.4747474789619446
0.4652981460094452
0.4724665880203247
0.46985989809036255
0.47279244661331177
0.512544810771942
0.6767676472663879
0.7539915442466736
0.7266210317611694
0.9351580142974851
0.7390029430389404
0.33887261152267456
0.0
0.11697621643543243
0.18540240824222565
0.2368849813938141
0.34115347266197205
0.415118932723999
0.4327142536640167
0.4398826956748962
0.4428152441978455
0.4424894154071808
0.4473769962787628
0.0
0.0
0.0
0.0
0.0
0.0
0.0
0.0
0.0
0.0
0.0
0.0
0.0
0.0
0.0
0.0
0.0
0.0
0.0
0.0
0.0
0.0
0.0
0.0
0.0
0.0
0.0
0.0
0.0
0.0
0.0
0.0
0.0
0.0
0.0
0.0
0.0
0.0
0.0
0.0
0.0
0.0
0.0
0.0
0.0
0.0
0.0
