1.0
0.6354629397392273
0.14178340137004852
0.02391527220606804
0.17218995094299316
0.20362146198749545
0.3112401664257049
0.38196104764938354
0.44960710406303406
0.4581482708454132
0.4591732025146484
0.4666894376277924
0.46737274527549744
0.4694226086139679
0.46429792046546936
0.46053978800773615
0.45746499300003046
0.4581482708454132
0.46737274527549744
0.4824051856994629
0.48138025403022766
0.4875299036502838
0.5008541345596313
0.5076870322227478
0.5165698528289795
0.5336521863937378
0.5459514856338501
0.5473181009292603
0.5493679642677307
0.5493679642677307
0.5322856307029724
0.5244277119636536
0.5288691520690918
0.5261359810829163
0.5131533741950989
0.512128472328186
0.512128472328186
0.5056371688842772
0.5052955150604248
0.506662130355835
0.509736955165863
0.5117868185043335
0.5111035108566284
0.4964126944541931
0.5015373826026917
0.5104202032089232
0.5278441905975342
0.5596173405647278
0.5548343062400818
0.5620088577270508
0.566450297832489
0.5316023230552673
0.5018790364265442
0.49402117729187006
0.5001708269119263
0.5063204765319824
0.5005124807357788
0.5076870322227478
0.504270613193512
0.506662130355835
0.5080286860466003
0.5076870322227478
0.5022206902503967
0.4994875192642212
0.5022206902503967
0.5575674772262573
0.7338572144508362
0.8073112368583678
0.7546976208686829
0.9836009740829469
0.7564058899879454
0.3279808759689331
0.0
0.12880082428455353
0.2022548615932465
0.2661428153514862
0.38537752628326416
0.45097368955612177
0.4765971899032593
0.4875299036502838
0.48548001050949097
0.4844550788402557
0.48172190785408014
0.49026307463645935
0.0
0.0
0.0
0.0
0.0
0.0
0.0
0.0
0.0
0.0
0.0
0.0
0.0
0.0
0.0
0.0
0.0
0.0
0.0
0.0
0.0
0.0
0.0
0.0
0.0
0.0
0.0
0.0
0.0
0.0
0.0
0.0
0.0
0.0
0.0
0.0
0.0
0.0
0.0
0.0
0.0
0.0
0.0
0.0
0.0
0.0
0.0
0.0
