0.99517685174942
0.848874568939209
0.6575562953948976
0.33547696471214294
0.031082529574632645
0.04608788713812828
0.09753483533859253
0.14201501011848447
0.1463022530078888
0.1897106170654297
0.18274383246898648
0.156484454870224
0.18756699562072757
0.17416934669017792
0.19614148139953613
0.20150053501129153
0.18327973783016205
0.2132904678583145
0.1870310753583908
0.21811361610889435
0.22829581797122955
0.2132904678583145
0.2518756687641144
0.2073954939842224
0.24062165617942807
0.2625937759876251
0.24544480443000796
0.2829582095146179
0.2518756687641144
0.29046088457107544
0.2979635596275329
0.2824223041534424
0.31082528829574585
0.2867095470428467
0.30171489715576166
0.29153269529342646
0.25348338484764094
0.27331188321113586
0.22936762869358063
0.23365487158298487
0.22400857508182523
0.18220792710781095
0.20257234573364255
0.16452305018901825
0.18756699562072757
0.19560557603836057
0.17041800916194916
0.19828510284423828
0.1570203602313995
0.17577706277370453
0.18435154855251312
0.17309753596782684
0.19935691356658933
0.15862807631492615
0.1886388063430786
0.20685958862304688
0.168274387717247
0.21382637321949005
0.16345123946666715
0.19560557603836057
0.18649516999721527
0.16988210380077362
0.20364415645599365
0.1768488734960556
0.18756699562072757
0.17041800916194916
0.15755626559257507
0.19935691356658933
0.1580921709537506
0.18220792710781095
0.1838156431913376
0.1672025769948959
0.19185423851013184
0.1436227262020111
0.1768488734960556
0.175241157412529
0.16291533410549164
0.17470525205135343
0.14308682084083557
0.17738477885723114
0.18274383246898648
0.14040729403495789
0.18756699562072757
0.17577706277370453
0.1972132921218872
0.22025723755359647
0.19453376531600952
0.21972133219242093
0.24919614195823667
0.3113611936569214
0.2883172631263733
0.25991424918174744
0.234726682305336
0.19560557603836057
0.1886388063430786
0.16077169775962827
0.11629153043031693
0.14255091547966003
0.09807074069976807
0.1377277672290802
0.13397641479969025
0.10986066609621048
0.10396569967269896
0.0
0.15755626559257507
0.3665594756603241
0.6639871597290039
1.0
0.8719185590744017
0.6827438473701477
0.4115755558013916
0.03269024565815925
0.054126475006341934
0.1002143621444702
0.17416934669017792
0.1902465224266052
0.18435154855251312
0.1988210082054138
0.17738477885723114
0.21543408930301663
0.21489818394184113
0.19560557603836057
0.21972133219242093
0.19346195459365845
0.2341907769441605
0.23365487158298487
0.22400857508182523
0.24973204731941223
0.22829581797122955
0.26420149207115173
0.0
0.0
