1.0
0.942307710647583
0.6081081032752991
0.2588357627391815
0.22401247918605804
0.22349272668361664
0.15072764456272125
0.08471933752298355
0.07016631960868835
0.08523908257484435
0.08731808513402937
0.10187110304832458
0.10706860572099684
0.1029106006026268
0.11590436846017836
0.15644490718841553
0.12318087369203568
0.12474012374877928
0.1314968764781952
0.12110187113285063
0.12370062619447708
0.11122661083936693
0.11330561339855194
0.1179833710193634
0.10862785577774048
0.10187110304832458
0.09927234798669816
0.11018711328506468
0.14501039683818817
0.11538461595773696
0.14553014934062955
0.1424116492271423
0.16060291230678558
0.16632016003131866
0.1720374226570129
0.18191267549991608
0.18555092811584473
0.17255717515945435
0.16372141242027283
0.16995841264724731
0.1850311905145645
0.19022868573665616
0.16528066992759705
0.15020790696144104
0.1772349327802658
0.1845114380121231
0.18762993812561035
0.19022868573665616
0.2073804587125778
0.23440748453140256
0.2489604949951172
0.26455301046371454
0.2567567527294159
0.2271309792995453
0.2354469895362854
0.22817048430442807
0.18243242800235748
0.21101871132850647
0.1917879432439804
0.11382536590099333
0.09875259548425673
0.09355509281158449
0.0956340953707695
0.12110187113285063
0.1185031160712242
0.05769230797886848
0.0
0.06081081181764603
0.04781704768538475
0.09303534030914305
0.42411643266677856
0.9911642670631408
0.962058186531067
0.6637214422225952
0.2946985363960266
0.2479210048913956
0.19906444847583768
0.11434511095285416
0.08731808513402937
0.08523908257484435
0.050935551524162286
0.051975052803754807
0.06340956687927246
0.07172556966543198
0.12058211863040924
0.0
0.0
0.0
0.0
0.0
0.0
0.0
0.0
0.0
0.0
0.0
0.0
0.0
0.0
0.0
0.0
0.0
0.0
0.0
0.0
0.0
0.0
0.0
0.0
0.0
0.0
0.0
0.0
0.0
0.0
0.0
0.0
0.0
0.0
0.0
0.0
0.0
0.0
0.0
0.0
0.0
0.0
0.0
0.0
0.0
0.0
0.0
