0.937021791934967
0.8610947728157043
0.7928193211555482
0.7369040846824646
0.6492053866386414
0.6091818809509277
0.5768098831176758
0.5768098831176758
0.5673925876617432
0.5526780486106873
0.5609182119369507
0.5603296160697937
0.5503237247467041
0.5997645854949951
0.6709829568862915
0.7863448858261107
0.8293113708496093
0.7951736450195312
0.8893466591835022
0.4373160600662232
0.0
0.04649794101715088
0.25309005379676813
0.42789876461029047
0.48440259695053106
0.5097116231918335
0.5226603746414185
0.5138316750526428
0.5320776700973511
0.5367863178253174
0.5515008568763733
0.564449667930603
0.5385521054267883
0.5620953440666199
0.5556209683418274
0.5779870748519897
0.5921130180358887
0.5726898312568665
0.5956444740295409
0.5932901501655579
0.6115362048149109
0.6227192282676697
0.6068275570869446
0.6127133369445801
0.6227192282676697
0.6403766870498657
0.6539140939712524
0.6539140939712524
0.6621541976928711
0.6539140939712524
0.6621541976928711
0.6580341458320618
0.6415538787841797
0.6533254981040955
0.6368452310562134
0.6480282545089722
0.6574455499649048
0.6480282545089722
0.6391995549201965
0.6356680393218994
0.6397880911827089
0.6539140939712524
0.6391995549201965
0.6486168503761292
0.645085334777832
0.6533254981040955
0.6680400371551514
0.646262526512146
0.6656857132911682
0.6539140939712524
0.6574455499649048
0.6904061436653137
0.7257210016250609
0.7663331627845763
0.7969393730163574
0.9058269858360289
0.9894055128097534
1.0
0.9505591392517088
0.8805179595947266
0.8393172621726989
0.7698646187782286
0.69511479139328
0.6904061436653137
0.6833431720733643
0.6915832757949829
0.6898175477981567
0.6698057651519775
0.6792230606079102
0.6727486848831177
0.7139493823051453
0.0
0.0
0.0
0.0
0.0
0.0
0.0
0.0
0.0
0.0
0.0
0.0
0.0
0.0
0.0
0.0
0.0
0.0
0.0
0.0
0.0
0.0
0.0
0.0
0.0
0.0
0.0
0.0
0.0
0.0
0.0
0.0
0.0
0.0
0.0
0.0
0.0
0.0
0.0
0.0
0.0
