1.0
0.7023242115974425
0.33611443638801575
0.1722288429737091
0.14719904959201813
0.1397497057914734
0.11680572479963303
0.10995232313871384
0.1013110876083374
0.10101310908794404
0.09594755619764328
0.10220500826835632
0.1013110876083374
0.10190702974796297
0.10458879917860033
0.10190702974796297
0.105780690908432
0.1114421933889389
0.1147199049592018
0.1191895082592964
0.1236591190099716
0.14243146777153015
0.15882001817226407
0.17252682149410248
0.1966626942157745
0.2142431437969208
0.24433849751949313
0.2660905718803406
0.2792014181613922
0.27622169256210327
0.261620968580246
0.24344457685947415
0.21513706445693967
0.19249105453491208
0.17610250413417816
0.1555423140525818
0.14719904959201813
0.1403456479310989
0.1349821239709854
0.1328963041305542
0.12902264297008514
0.12783074378967285
0.12634088099002838
0.12485101073980331
0.12574493885040283
0.12276519834995268
0.12485101073980331
0.12574493885040283
0.12693682312965393
0.13319428265094757
0.12455303966999053
0.1236591190099716
0.12634088099002838
0.12187127768993376
0.12455303966999053
0.11829558759927748
0.12097735702991484
0.1203814074397087
0.11799761652946472
0.1171036958694458
0.1126340851187706
0.11352801322937012
0.11442193388938904
0.10786651074886322
0.11293206363916396
0.105780690908432
0.10637664049863815
0.10518474131822586
0.10637664049863815
0.11054827272891998
0.11799761652946472
0.14392133057117462
0.1552443355321884
0.14481525123119354
0.1665673404932022
0.17967818677425385
0.1758045256137848
0.1895113289356232
0.19070321321487424
0.16597139835357666
0.126042902469635
0.1203814074397087
0.10160905867815016
0.08820024132728577
0.0867103710770607
0.07687723636627197
0.07359952479600905
0.07300357520580292
0.07359952479600905
0.07508939504623413
0.06793802231550217
0.02949940413236618
0.0
0.16358759999275208
0.4371275305747986
0.6504767537117004
0.9952324032783507
0.6695470809936523
0.3089987933635712
0.15494637191295624
0.13200238347053528
0.1239570900797844
0.09773539751768112
0.08730632066726685
0.09296781569719313
0.08343265950679779
0.08283670991659164
0.08343265950679779
0.08164481818675993
0.08730632066726685
0.0855184718966484
0.09028605371713638
0.09386174380779265
0.09624552726745603
0.1036948785185814
0.10637664049863815
0.11114422231912612
0.1272348016500473
0.13915374875068665
0.16269367933273315
0.17967818677425385
0.20113229751586917
0.23241955041885373
0.2559594810009002
0.2726460099220276
0.2648986876010895
0.2502979636192322
0.23152562975883484
0.2070917785167694
0.18861740827560425
0.1656734198331833
0.15047675371170044
