0.9783080220222472
0.6912509202957153
0.6485900282859801
0.6008676886558533
0.6869125366210938
0.6536514759063721
0.6840202212333679
0.698481559753418
0.7057121992111206
0.6890817284584044
0.7071583271026611
0.7404193878173827
0.701373815536499
0.6992046236991881
0.7042660713195801
0.6912509202957153
0.7006507515907288
0.6825740933418274
0.6789587736129761
0.687635600566864
0.6413593888282776
0.6644974946975708
0.6493130922317505
0.6377440094947815
0.6355748176574707
0.6146059036254883
0.597252368927002
0.5755603909492493
0.527114987373352
0.5090383291244507
0.4432393312454224
0.40853217244148254
0.35791757702827454
0.28344178199768066
0.24367317557334897
0.1829356402158737
0.15835140645503995
0.11858279258012772
0.10267534106969832
0.13087491691112518
0.15112075209617615
0.21981200575828552
0.28344178199768066
0.3651482164859772
0.4244396388530731
0.4671005010604858
0.5372378826141356
0.5661605000495912
0.5921908617019653
0.6066522002220154
0.6052060723304749
0.6095444560050964
0.6341286897659302
0.6326825618743896
0.6637744307518004
0.636297881603241
0.6464208364486694
0.6659436225891113
0.6804049015045166
0.6890817284584044
0.6738973259925841
0.6898047924041748
0.6659436225891113
0.6767895817756653
0.7057121992111206
0.6565437316894531
0.6623282432556152
0.6464208364486694
0.676066517829895
0.6681128144264221
0.6652205586433411
0.6558206677436829
0.6406363248825073
0.6934201121330261
0.6702820062637329
0.6717281341552734
0.6594359874725342
0.6543745398521423
0.6753434538841248
0.6717281341552734
0.6601590514183044
0.6847432851791382
0.6912509202957153
0.6493130922317505
0.6753434538841248
0.698481559753418
0.7584960460662842
0.7678958773612976
0.7556037306785582
0.8098337054252625
0.7483730912208557
0.7722342610359191
0.7317425608634948
0.687635600566864
0.6869125366210938
0.6442516446113585
0.6319594979286194
0.6355748176574707
0.613882839679718
0.6174982190132141
0.6449747085571289
0.642082452774048
0.642082452774048
0.4287780225276947
0.13304410874843595
0.0
0.35791757702827454
1.0
0.6905278563499451
0.6355748176574707
0.6117136478424072
0.6890817284584044
0.6464208364486694
0.6240057945251465
0.650759220123291
0.6543745398521423
0.6276211142539978
0.6319594979286194
0.610990583896637
0.6189443469047545
0.6023138165473938
0.6319594979286194
0.597252368927002
0.5921908617019653
0.5986984968185425
0.5878524780273438
0.5986984968185425
0.5661605000495912
0.5538684129714966
0.5741142630577089
0.5343456268310547
0.5075922012329102
