1.0
0.8236672282218933
0.6514352560043335
0.3848857581615448
0.1546572893857956
0.06385471671819687
0.03749267756938934
0.00644405372440815
0.03573520854115486
0.13649678230285645
0.17106033861637115
0.17106033861637115
0.18804921209812164
0.19097831845283508
0.19742238521575928
0.19976566731929776
0.2026947885751724
0.2237844169139862
0.21616871654987332
0.2155828922986984
0.2378441691398621
0.2437023967504501
0.27533686161041254
0.28705331683158875
0.3093145787715912
0.34563562273979187
0.38312828540802
0.4048037528991699
0.4446397125720978
0.48154658079147333
0.5172817707061768
0.5536028146743774
0.5547744631767273
0.562390148639679
0.5330989956855774
0.5067369937896729
0.46338605880737294
0.4141769111156464
0.3866432309150696
0.3251318037509918
0.3140011727809906
0.2759226858615875
0.2606912851333618
0.24897481501102448
0.2378441691398621
0.23257176578044889
0.21792618930339813
0.2284709960222244
0.20972466468811035
0.21792618930339813
0.2062097191810608
0.20972466468811035
0.20035149157047272
0.21031048893928528
0.20386643707752228
0.2062097191810608
0.21206796169281003
0.20913884043693545
0.2044522613286972
0.20152314007282257
0.2044522613286972
0.21206796169281003
0.19625073671340945
0.20152314007282257
0.1898066848516464
0.1739894598722458
0.1991798430681229
0.18746338784694672
0.18394844233989716
0.18160516023635864
0.17164616286754608
0.18922086060047147
0.2237844169139862
0.2735793888568878
0.2817808985710144
0.29818394780159
0.30990040302276606
0.2776801288127899
0.27709430456161493
0.2677211463451385
0.2067955434322357
0.18922086060047147
0.15758641064167023
0.1570005863904953
0.16051551699638367
0.1611013412475586
0.15172818303108215
0.1206795573234558
0.11364968121051788
0.13649678230285645
0.1405975371599197
0.1464557647705078
0.1470415890216827
0.15524311363697052
0.15875805914402008
0.1728178113698959
0.17457528412342072
0.178676038980484
0.17457528412342072
0.185120090842247
0.172231987118721
0.1804335117340088
0.18746338784694672
0.19097831845283508
0.1224370226264
0.0
0.0837727040052414
0.39543059468269354
0.9408318400382996
0.8388986587524414
0.743409514427185
0.5454012751579285
0.22788517177104947
0.1247803196310997
0.047451671212911606
0.04042179137468337
0.02401874586939812
0.13063853979110715
0.16871704161167145
0.18922086060047147
0.17750439047813416
0.2237844169139862
0.219097837805748
0.20913884043693545
0.22202694416046145
0.22495606541633603
0.2302284687757492
0.2284709960222244
0.2495606392621994
0.2542472183704376
0.27650848031044006
0.28236672282218933
