1.0
0.6974466443061829
0.4316194355487824
0.12067156285047533
0.0349772647023201
0.017138859257102013
0.1287163347005844
0.2035676836967468
0.21755859255790713
0.2479888051748276
0.23854494094848633
0.26267924904823303
0.26582720875740046
0.25498425960540766
0.25428470969200134
0.24903813004493716
0.27247288823127747
0.27282267808914185
0.25078698992729187
0.2686253786087036
0.24379153549671173
0.2801678776741028
0.2798181176185608
0.2794683575630188
0.29136061668396
0.28086742758750916
0.31829309463500977
0.3221406042575836
0.3168940246105194
0.3637635409832001
0.3665617406368256
0.4085344672203064
0.40328785777091974
0.4060860574245453
0.42112627625465393
0.4001398980617523
0.43651625514030457
0.4085344672203064
0.4120321869850159
0.41413080692291254
0.3892969489097595
0.3868485391139984
0.35956627130508423
0.31934243440628046
0.3312346935272217
0.29415878653526306
0.28751310706138605
0.25673311948776245
0.25358515977859497
0.2521860897541046
0.2259531319141388
0.25078698992729187
0.23819516599178317
0.24134312570095065
0.27072402834892273
0.25918152928352356
0.284714937210083
0.2952081263065338
0.29450857639312744
0.31374606490135193
0.28296607732772827
0.31059810519218445
0.28926196694374084
0.2931094765663147
0.31339630484580994
0.2952081263065338
0.3203917443752289
0.32633787393569946
0.3252885639667511
0.34277719259262085
0.3329835534095764
0.360615611076355
0.3109478950500488
0.29136061668396
0.2990556061267853
0.2717733383178711
0.2752710878849029
0.23994404077529907
0.22840154170989993
0.25288560986518854
0.21860790252685544
0.24938790500164032
0.23259881138801572
0.2266526818275452
0.2952081263065338
0.44735920429229736
0.6659671068191528
0.9251486659049987
0.7366212010383606
0.4959776103496552
0.21895767748355863
0.038824763149023056
0.0
0.06890521198511124
0.1941238194704056
0.2042672336101532
0.2504372298717499
0.23469744622707367
0.23399789631366727
0.246589720249176
0.23050017654895785
0.25498425960540766
0.23854494094848633
0.2364463061094284
0.25428470969200134
0.237495630979538
0.27072402834892273
0.25288560986518854
0.25183629989624023
0.28646379709243774
0.26722630858421326
0.29450857639312744
0.29171037673950195
0.30220356583595276
0.3497726619243622
0.34102833271026606
0.39034628868103033
0.40398740768432617
0.42567330598831177
0.4662469327449799
0.4522560238838196
0.48058763146400446
0.45610353350639343
0.4445610344409943
0.45785239338874817
0.4046869575977325
0.40398740768432617
0.3553690016269684
0.32423925399780273
0.32144105434417725
0.2794683575630188
0.2854144871234894
