0.9463503360748291
0.9507299065589904
0.5047445297241211
0.27810218930244446
0.21678832173347476
0.1237226277589798
0.09197080135345459
0.08102189749479292
0.07810218632221222
0.06277371942996979
0.06094890460371971
0.0678832083940506
0.05875912308692932
0.06751824915409088
0.06131386756896973
0.05474452674388885
0.07737226039171219
0.08211679011583328
0.0930656939744949
0.09124087542295457
0.10291970521211624
0.12335766106843948
0.12700730562210083
0.1456204354763031
0.1514598578214645
0.16642335057258603
0.19489051401615143
0.21459853649139404
0.24854014813899997
0.2594890594482422
0.2708029150962829
0.3000000119209289
0.30036497116088867
0.31094890832901
0.2959854006767273
0.2810218930244446
0.27335765957832336
0.2379562109708786
0.2105839401483536
0.17408758401870728
0.14489051699638367
0.12919707596302032
0.09525547176599503
0.10036496073007584
0.0868613123893738
0.08284671604633331
0.09270072728395462
0.07956204563379286
0.09087590873241425
0.08430656790733337
0.07846715301275253
0.09598540514707565
0.08795620501041411
0.09708029031753539
0.09671533107757568
0.09635036438703537
0.1047445237636566
0.0930656939744949
0.10875912755727768
0.10036496073007584
0.09270072728395462
0.09343065321445464
0.07481751590967177
0.08540146052837373
0.07883211970329283
0.070437952876091
0.08175182342529295
0.06021897867321968
0.06423357874155045
0.06350365281105042
0.052554745227098465
0.06277371942996979
0.053284671157598495
0.060583941638469696
0.04963503777980805
0.0437956191599369
0.05072992667555809
0.04708029329776764
0.053284671157598495
0.04708029329776764
0.051094889640808105
0.05437956377863884
0.054014597088098526
0.06094890460371971
0.054014597088098526
0.04635036364197731
0.055839415639638894
0.04197080433368682
0.05291970819234848
0.05437956377863884
0.08540146052837373
0.10182482004165648
0.09635036438703537
0.11970803141593932
0.13540145754814148
0.1529197096824646
0.14744526147842407
0.13649635016918182
0.1332116723060608
0.10145985335111618
0.04927007481455802
0.039416059851646416
0.01386861316859722
0.022262774407863617
0.017883211374282837
0.006934306584298611
0.015693429857492447
0.0
0.015693429857492447
0.009124087169766426
0.01824817433953285
0.14635036885738373
0.3499999940395355
0.7372262477874755
1.0
0.7032846808433533
0.3715328574180603
0.2700729966163635
0.16605839133262634
0.09160584211349489
0.07554744184017181
0.07591240853071213
0.05291970819234848
0.05985401570796967
0.06167883053421974
0.05291970819234848
0.05729927122592927
0.05510948970913887
0.070437952876091
0.0656934306025505
0.06715328246355057
0.07554744184017181
