1.0
0.8506944179534912
0.4131944477558136
0.4453125
0.2647569477558136
0.0529513880610466
0.0737847238779068
0.3090277910232544
0.4696180522441864
0.4670138955116272
0.4409722089767456
0.5364583134651184
0.4921875
0.5121527910232544
0.5824652910232544
0.5390625
0.5034722089767456
0.5685763955116272
0.5416666865348816
0.5520833134651184
0.5850694179534912
0.5815972089767456
0.5598958134651184
0.6467013955116272
0.578125
0.6510416865348816
0.6588541865348816
0.6475694179534912
0.6223958134651184
0.6623263955116272
0.6831597089767456
0.6553819179534912
0.7083333134651184
0.6987847089767456
0.6831597089767456
0.8055555820465088
0.8315972089767456
0.6588541865348816
0.6970486044883728
0.6545138955116272
0.5651041865348816
0.5737847089767456
0.5668402910232544
0.5564236044883728
0.5633680820465088
0.5703125
0.5529513955116272
0.5703125
0.5720486044883728
0.5425347089767456
0.5069444179534912
0.5512152910232544
0.5625
0.5434027910232544
0.5520833134651184
0.5243055820465088
0.5555555820465088
0.5494791865348816
0.4887152910232544
0.4939236044883728
0.5425347089767456
0.5234375
0.5243055820465088
0.4722222089767456
0.4739583432674408
0.5026041865348816
0.4817708432674408
0.4982638955116272
0.5026041865348816
0.4730902910232544
0.4505208432674408
0.5555555820465088
0.5885416865348816
0.6371527910232544
0.6458333134651184
0.6276041865348816
0.6623263955116272
0.7751736044883728
0.7786458134651184
0.6241319179534912
0.5659722089767456
0.5833333134651184
0.4887152910232544
0.4765625
0.4418402910232544
0.3732638955116272
0.4053819477558136
0.3628472089767456
0.1354166716337204
0.3055555522441864
0.734375
0.7230902910232544
0.4739583432674408
0.3923611044883728
0.1163194477558136
0.04947916790843009
0.0
0.1788194477558136
0.4001736044883728
0.3984375
0.4253472089767456
0.4453125
0.390625
0.0
0.0
0.0
0.0
0.0
0.0
0.0
0.0
0.0
0.0
0.0
0.0
0.0
0.0
0.0
0.0
0.0
0.0
0.0
0.0
0.0
0.0
0.0
0.0
0.0
0.0
0.0
0.0
0.0
