0.9471959471702576
0.8284777998924254
0.6897305250167847
0.4741442203521729
0.2268754541873932
0.21522213518619537
0.12126729637384415
0.11325564235448836
0.09941733628511427
0.07938820123672485
0.09286234527826308
0.08302985876798628
0.08994901925325394
0.0797523707151413
0.08230152726173402
0.09504733979701997
0.08193736523389816
0.09759650379419327
0.1019665002822876
0.1103423163294792
0.14348143339157104
0.13292060792446136
0.1758922040462494
0.19118718802928925
0.21267297863960263
0.24945375323295596
0.25855791568756104
0.30808448791503906
0.3313911259174347
0.34595775604248047
0.35032775998115534
0.3262927830219269
0.31536781787872314
0.27021121978759766
0.22906045615673065
0.18973051011562347
0.17079387605190277
0.17552803456783295
0.14129643142223358
0.1489439159631729
0.15258558094501495
0.13911142945289612
0.15986889600753784
0.14457392692565915
0.14530225098133087
0.1536780744791031
0.1267297863960266
0.1496722549200058
0.13292060792446136
0.1340131163597107
0.12891478836536407
0.12527312338352203
0.14020393788814545
0.12308812886476515
0.1365622729063034
0.12490896135568617
0.11871813237667084
0.1110706478357315
0.123452290892601
0.10597231984138487
0.11471230536699296
0.10451565682888032
0.12163146585226058
0.10233066231012344
0.09905316680669785
0.10233066231012344
0.09176984429359437
0.10342316329479216
0.10123816132545473
0.09176984429359437
0.09577567130327223
0.07683903723955153
0.08485069125890733
0.0954115092754364
0.0797523707151413
0.09176984429359437
0.06737072020769119
0.08448652923107147
0.08230152726173402
0.09104151278734209
0.10633648931980132
0.12563729286193848
0.15804806351661682
0.15331390500068665
0.17734886705875397
0.1660597175359726
0.15513473749160767
0.179169699549675
0.1522214114665985
0.11471230536699296
0.0954115092754364
0.07137654721736908
0.06919155269861221
0.06300073117017746
0.053168244659900665
0.05571740865707397
0.0444282591342926
0.05790240317583084
0.0
0.0797523707151413
0.3543335795402527
0.7815003395080566
1.0
0.6478514075279236
0.5356882810592651
0.3018936514854431
0.1711580455303192
0.14202477037906647
0.09359067678451538
0.0797523707151413
0.07064821571111679
0.05680990591645241
0.07356154173612593
0.07210487872362138
0.07028404623270035
0.07174071669578552
0.06117989867925644
0.08084486424922942
0.08157319575548173
0.07574654370546341
0.07938820123672485
0.09832483530044557
0.0
0.0
0.0
0.0
0.0
0.0
0.0
0.0
0.0
0.0
