1.0
0.6205259561538696
0.36376917362213135
0.12198685109615325
0.08473338186740875
0.02812271751463413
0.005843681748956442
0.0
0.00949598290026188
0.009861212223768234
0.010956902988255024
0.020087655633687973
0.02812271751463413
0.04346238076686859
0.053323592990636826
0.05368882417678833
0.06281957775354385
0.07560262829065321
0.10774287581443787
0.13075236976146698
0.15193572640419006
0.16398830711841583
0.18553689122200007
0.19466763734817505
0.2037983983755112
0.1994156390428543
0.17932797968387604
0.17494522035121915
0.15558801591396332
0.13732650876045227
0.12490869313478468
0.10737764835357666
0.10920380055904388
0.10555149614810944
0.10701242089271544
0.09751643240451811
0.10116873681545256
0.09642074257135393
0.09313367307186127
0.09313367307186127
0.09057706594467164
0.07596786320209502
0.07560262829065321
0.06866325438022614
0.07925493270158766
0.08254200220108032
0.07669831812381744
0.07742878049612045
0.07560262829065321
0.0894813761115074
0.08436815440654753
0.06428049504756927
0.07414171099662781
0.073776476085186
0.08290722966194154
0.1022644266486168
0.11943024396896362
0.15887509286403656
0.17056246101856232
0.18005843460559845
0.2056245505809784
0.19649378955364227
0.14974433183670044
0.12308254092931747
0.1172388568520546
0.10153396427631378
0.07852447032928465
0.07121986895799637
0.07012417912483215
0.06355004012584686
0.06793279945850372
0.06355004012584686
0.06172388419508935
0.06720233708620071
0.12636961042881012
0.2856099307537079
0.49233016371726984
0.9214755296707152
0.8769174814224243
0.5573410987854004
0.27720963954925537
0.15449233353137967
0.10116873681545256
0.07815924286842346
0.06281957775354385
0.06939371675252913
0.06245434656739234
0.07268078625202179
0.07742878049612045
0.08473338186740875
0.09751643240451811
0.09678597748279572
0.0
0.0
0.0
0.0
0.0
0.0
0.0
0.0
0.0
0.0
0.0
0.0
0.0
0.0
0.0
0.0
0.0
0.0
0.0
0.0
0.0
0.0
0.0
0.0
0.0
0.0
0.0
0.0
0.0
0.0
0.0
0.0
0.0
0.0
0.0
0.0
0.0
0.0
0.0
0.0
