1.0
0.6737242341041565
0.32464712858200073
0.0
0.048859935253858566
0.16558088362216947
0.1845819801092148
0.180781751871109
0.1786102056503296
0.19326817989349365
0.18403908610343933
0.1959826350212097
0.20575460791587827
0.19272530078887937
0.20141151547431943
0.19761128723621368
0.21118350327014923
0.2187839299440384
0.226927250623703
0.22638437151908877
0.2247557044029236
0.24049945175647733
0.23887079954147336
0.25570032000541687
0.2524429857730865
0.26167210936546326
0.2768729627132416
0.2861020565032959
0.3040173649787903
0.31161782145500183
0.3094462454319
0.3360477685928345
0.35070574283599854
0.3631921708583832
0.3642779588699341
0.371335506439209
0.39413681626319885
0.395765483379364
0.3968512415885925
0.3897936940193176
0.3919652700424194
0.38816502690315247
0.35993486642837524
0.3441911041736603
0.31976112723350525
0.2942453920841217
0.2768729627132416
0.26547232270240784
0.23941367864608765
0.23398479819297793
0.23127035796642303
0.23724213242530823
0.23561346530914304
0.23615634441375727
0.21769815683364868
0.23018458485603327
0.247014120221138
0.24375678598880768
0.2366992384195328
0.23127035796642303
0.22855591773986816
0.23615634441375727
0.2350705713033676
0.2290988117456436
0.2220412641763687
0.23289902508258817
0.226927250623703
0.2231270372867584
0.2290988117456436
0.21715526282787323
0.22258414328098297
0.22529858350753784
0.2209554761648178
0.2258414775133133
0.21932682394981384
0.21064060926437375
0.21986970305442807
0.22529858350753784
0.22747014462947843
0.20955483615398407
0.21552659571170807
0.22041259706020355
0.2149837166070938
0.20629750192165372
0.20412595570087433
0.2090119421482086
0.2149837166070938
0.21932682394981384
0.21335504949092865
0.20521172881126404
0.20358306169509888
0.21335504949092865
0.22638437151908877
0.2090119421482086
0.2149837166070938
0.20792616903781888
0.20738327503204343
0.21986970305442807
0.20629750192165372
0.20792616903781888
0.2024972885847092
0.2149837166070938
0.21444082260131836
0.20466883480548856
0.20141151547431943
0.20304016768932345
0.2307274639606476
0.2752442955970764
0.2991313934326172
0.28230184316635126
0.3273615539073944
0.32247558236122126
0.2709012031555176
0.242671012878418
0.24484255909919736
0.22258414328098297
0.226927250623703
0.2084690481424332
0.1856677532196045
0.1889250874519348
0.20141151547431943
0.19001086056232447
0.19001086056232447
0.1786102056503296
0.1384364813566208
0.20032572746276853
0.2567861080169678
0.7149837017059326
0.9728555679321288
0.6444082260131836
0.32356134057044983
0.04505971819162369
