1.0
0.40493381023406977
0.0
0.1107099875807762
0.11432009935379028
0.07581227272748947
0.03910950571298599
0.02827918156981468
0.03549939766526222
0.03910950571298599
0.06799037009477615
0.02346570417284965
0.020457280799746517
0.04031287506222725
0.02888086624443531
0.06137184053659439
0.06137184053659439
0.07039710879325867
0.048736460506916046
0.03730445355176926
0.072202168405056
0.05174488574266434
0.07039710879325867
0.07882069796323776
0.0884476527571678
0.1107099875807762
0.08483754843473433
0.10108303278684616
0.12876053154468536
0.1329723298549652
0.14500601589679718
0.09867629408836365
0.10589651018381117
0.09626955538988112
0.08483754843473433
0.09927798062562943
0.07761732488870621
0.08243080973625182
0.09807460755109787
0.07340553402900694
0.07160048186779022
0.0914560779929161
0.0836341753602028
0.09747292101383208
0.060168471187353134
0.0860409140586853
0.0836341753602028
0.0914560779929161
0.10409145802259444
0.0667870044708252
0.09626955538988112
0.09506618231534956
0.09025270491838457
0.08122743666172028
0.08543922752141953
0.09205776453018188
0.09807460755109787
0.10469313710927965
0.11552346497774124
0.08904933929443358
0.12575210630893707
0.10469313710927965
0.11793020367622375
0.1407942175865173
0.1462093889713287
0.2093862742185593
0.18411552906036377
0.22382672131061557
0.2117930203676224
0.23044525086879727
0.23826715350151065
0.15703971683979034
0.1606498211622238
0.12575210630893707
0.08724428713321684
0.08965102583169937
0.06077015772461891
0.06077015772461891
0.05776173248887062
0.06197352707386017
0.08303248882293701
0.06618531793355942
0.06498195230960846
0.048736460506916046
0.07340553402900694
0.2827918231487274
0.5457280278205872
0.7051745057106018
0.971720814704895
0.45066186785697937
0.054753310978412635
0.12996390461921692
0.1552346497774124
0.07280384749174118
0.072202168405056
0.08784596621990205
0.054753310978412635
0.07099879533052444
0.07400722056627274
0.046329721808433526
0.08724428713321684
0.03971119225025177
0.04392298310995102
0.06558363139629364
0.052948255091905594
0.0
0.0
0.0
0.0
0.0
0.0
0.0
0.0
0.0
0.0
0.0
0.0
0.0
0.0
0.0
0.0
0.0
0.0
0.0
0.0
0.0
0.0
0.0
0.0
0.0
0.0
0.0
