0.942041516304016
1.0
0.6427335739135742
0.3442906439304352
0.23010380566120148
0.16522490978240967
0.10467127710580824
0.11159169673919676
0.09948097169399261
0.1081314906477928
0.11591695249080657
0.10640138387680052
0.12889273464679718
0.10034602135419844
0.12543252110481262
0.14100345969200134
0.11505190283060072
0.15657439827919006
0.1444636732339859
0.16955018043518066
0.18598616123199463
0.17993079125881195
0.20415225625038144
0.24221453070640564
0.26816609501838684
0.306228369474411
0.3468858003616333
0.36937716603279114
0.427335649728775
0.44463667273521423
0.4749135076999664
0.48875433206558233
0.4904844164848328
0.4731833934783936
0.4636678099632263
0.4126297533512115
0.36678200960159296
0.3010380566120148
0.23788927495479584
0.22837370634078977
0.18425606191158292
0.15657439827919006
0.13927336037158966
0.10726643353700636
0.11764705926179884
0.12716263532638547
0.11591695249080657
0.09688581526279448
0.09775086492300032
0.11505190283060072
0.12543252110481262
0.09256055206060408
0.1124567463994026
0.11418685317039488
0.12370242178440093
0.11764705926179884
0.11332179605960845
0.12197231501340866
0.1081314906477928
0.1038062274456024
0.10726643353700636
0.11072664707899092
0.09169550240039824
0.05709342658519745
0.11332179605960845
0.09429065883159635
0.08044982701539993
0.07612456381320953
0.07958477735519409
0.09342560917139053
0.10034602135419844
0.08217993378639221
0.07871972024440765
0.05709342658519745
0.07698962092399597
0.08564013987779617
0.07352941483259201
0.08910034596920013
0.06833910197019577
0.0882352963089943
0.08564013987779617
0.08044982701539993
0.09256055206060408
0.07179930806159973
0.14100345969200134
0.17820069193840027
0.1747404783964157
0.2326989620923996
0.22577854990959167
0.23183390498161316
0.24307958781719208
0.2621107399463653
0.24394463002681727
0.18685121834278104
0.15224912762641907
0.06401383876800537
0.038927335292100906
0.0
0.03633217886090279
0.030276816338300705
0.017301037907600403
0.031141867861151692
0.015570933930575848
0.01989619433879852
0.06228373572230339
0.07871972024440765
0.12889273464679718
0.4195501804351807
0.9333909749984739
0.8486159443855285
0.5475778579711914
0.32179930806159973
0.1877162605524063
0.13840830326080322
0.1038062274456024
0.10207612812519072
0.09775086492300032
0.07006920129060745
0.06660899519920349
0.09342560917139053
0.08564013987779617
0.0882352963089943
0.06228373572230339
0.07525951415300369
0.10207612812519072
0.10640138387680052
0.1314878910779953
0.14532871544361115
0.13927336037158966
0.15657439827919006
0.0
0.0
