0.9108911156654357
0.5893694758415222
0.4778530597686768
0.19697758555412287
0.12558624148368835
0.04794163629412651
0.018238665536046028
0.012506513856351376
0.003126628464087844
0.0
0.010422094725072384
0.001042209449224174
0.025534132495522496
0.010422094725072384
0.019801979884505272
0.023449713364243507
0.016154246404767036
0.03699843585491181
0.03543512150645256
0.04273058846592903
0.05627931281924248
0.04950495064258576
0.07868681848049165
0.0880667045712471
0.1120375171303749
0.12871287763118744
0.1281917691230774
0.1610213667154312
0.1490359604358673
0.14851485192775726
0.14955705404281616
0.11724856495857237
0.12350182235240936
0.10474205017089844
0.10630536824464797
0.10474205017089844
0.0880667045712471
0.11047420650720596
0.100052110850811
0.100052110850811
0.1130797266960144
0.09431996196508408
0.11881188303232192
0.10526315867900848
0.10317873954772948
0.10786867886781693
0.09223554283380508
0.11464304476976395
0.09431996196508408
0.10265763103961945
0.1010943204164505
0.08025012910366057
0.1010943204164505
0.08025012910366057
0.08494007587432861
0.09067222476005554
0.07660239934921265
0.09484106302261353
0.0870244950056076
0.09431996196508408
0.10786867886781693
0.09640437364578248
0.1151641458272934
0.09900990128517152
0.10786867886781693
0.10526315867900848
0.09484106302261353
0.12089630216360092
0.10317873954772948
0.11776967346668243
0.13027618825435638
0.13444502651691437
0.199583113193512
0.2282438725233078
0.2490880638360977
0.26576343178749084
0.2251172512769699
0.24596144258975983
0.20166753232479093
0.14538821578025815
0.12245961278676985
0.07191245257854462
0.08963001519441603
0.05836373195052146
0.06461698561906815
0.07191245257854462
0.048983845859766006
0.08441896736621857
0.03595622628927231
0.06670140475034714
0.202188640832901
0.5779051780700684
1.0
0.6331422328948976
0.5237102508544922
0.28087544441223145
0.16466909646987915
0.12662845849990845
0.07660239934921265
0.07139135152101517
0.07139135152101517
0.04794163629412651
0.06930693238973618
0.054715998470783234
0.0640958845615387
0.06670140475034714
0.04794163629412651
0.06930693238973618
0.0620114654302597
0.06774361431598663
0.08077123761177064
0.07295466214418411
0.0
0.0
0.0
0.0
0.0
0.0
0.0
0.0
0.0
0.0
0.0
0.0
0.0
0.0
0.0
0.0
0.0
0.0
0.0
0.0
