1.0
0.6397006511688232
0.36742693185806274
0.032430507242679596
0.0
0.053100500255823135
0.15431219339370728
0.1806842535734177
0.1970776915550232
0.2163221687078476
0.21097648143768313
0.21454027295112607
0.21418389678001404
0.2124020010232925
0.22309337556362152
0.23414112627506256
0.25267285108566284
0.23663577437400815
0.23770491778850555
0.25267285108566284
0.24910904467105863
0.27476835250854487
0.2883107662200928
0.2943692207336426
0.2961511015892029
0.3018531799316406
0.3118318021297455
0.30684247612953186
0.30078402161598206
0.30042764544487
0.2975766360759735
0.3193157613277436
0.30327868461608887
0.2993585169315338
0.30684247612953186
0.30434781312942505
0.30791160464286804
0.3029223084449768
0.3118318021297455
0.315039187669754
0.31040626764297485
0.3243050575256348
0.32359230518341064
0.314682811498642
0.3178902268409729
0.3082680106163025
0.28510335087776184
0.2786885201931
0.27441197633743286
0.2900926470756531
0.29116180539131165
0.30256593227386475
0.29365643858909607
0.28510335087776184
0.28510335087776184
0.2797576487064361
0.28225231170654297
0.2786885201931
0.27797576785087585
0.3346400558948517
0.3439059257507324
0.3635067641735077
0.37883108854293823
0.40306484699249273
0.4255167543888092
0.40235209465026855
0.37633642554283137
0.3378474712371826
0.3503207266330719
0.35352814197540283
0.28403422236442566
0.289736270904541
0.2879543900489807
0.2900926470756531
0.29472559690475464
0.28403422236442566
0.2915181815624237
0.45759087800979614
0.6122594475746155
0.9233784675598145
0.710263729095459
0.47754812240600586
0.13506771624088287
0.05987170338630676
0.10014255344867706
0.1739130467176437
0.23699216544628143
0.25623664259910583
0.27548110485076904
0.28403422236442566
0.2943692207336426
0.29294368624687195
0.30327868461608887
0.2961511015892029
0.0
0.0
0.0
0.0
0.0
0.0
0.0
0.0
0.0
0.0
0.0
0.0
0.0
0.0
0.0
0.0
0.0
0.0
0.0
0.0
0.0
0.0
0.0
0.0
0.0
0.0
0.0
0.0
0.0
0.0
0.0
0.0
0.0
0.0
0.0
0.0
0.0
0.0
