1.0
0.7538185119628905
0.3243485987186432
0.2147349566221237
0.27403414249420166
0.20305480062961576
0.20395328104496
0.19856244325637817
0.190476194024086
0.1626235395669937
0.177897572517395
0.20395328104496
0.1967654973268509
0.20305480062961576
0.1994609236717224
0.1581311821937561
0.16711589694023132
0.16801437735557556
0.1859838217496872
0.1805929988622665
0.1805929988622665
0.19766397774219513
0.1859838217496872
0.19317160546779633
0.1814914643764496
0.1994609236717224
0.19317160546779633
0.1752021610736847
0.17699910700321195
0.16082659363746643
0.17430368065834043
0.15633423626422882
0.138364776968956
0.1500449180603027
0.09883198887109756
0.13566936552524567
0.12219227105379105
0.1320754736661911
0.1365678310394287
0.14106020331382751
0.11141060292720795
0.1365678310394287
0.14375561475753784
0.1545372903347015
0.1599281281232834
0.164420485496521
0.14195866882801056
0.16531895101070404
0.2156334221363068
0.19227313995361328
0.177897572517395
0.17699910700321195
0.16621743142604828
0.13746631145477295
0.1284815818071365
0.13566936552524567
0.10512129217386244
0.11949685215950012
0.13387241959571838
0.11141060292720795
0.11590296775102615
0.09523809701204303
0.12488768994808196
0.14645102620124817
0.11230907589197157
0.08805031329393385
0.10512129217386244
0.10961365699768066
0.050314463675022125
0.10691823810338974
0.12488768994808196
0.13477088510990143
0.1752021610736847
0.25426775217056274
0.1284815818071365
0.19317160546779633
0.16172507405281067
0.048517521470785134
0.048517521470785134
0.0799640640616417
0.057502247393131256
0.016172505915164948
0.03144654259085655
0.025157231837511063
0.0
0.03144654259085655
0.032345011830329895
0.026055704802274704
0.05211140960454941
0.12039532512426376
0.29739442467689514
0.4061096012592316
0.6738544702529907
0.9092542529106141
0.624438464641571
0.1949685513973236
0.10512129217386244
0.138364776968956
0.08445642143487929
0.054806828498840325
0.06469002366065979
0.04941599443554878
0.04941599443554878
0.04672057554125786
0.056603774428367615
0.07637017220258711
0.020664868876338005
0.013477088883519173
0.043126683682203286
0.042228210717439645
0.043126683682203286
0.0
0.0
0.0
0.0
0.0
0.0
0.0
0.0
0.0
0.0
0.0
0.0
0.0
0.0
0.0
0.0
0.0
0.0
0.0
0.0
0.0
