0.9939862489700316
1.0
0.8857388496398925
0.7474226951599121
0.6606529355049133
0.5704467296600342
0.5240550041198729
0.4458763003349304
0.37371134757995605
0.3668384850025177
0.34450170397758484
0.3341924250125885
0.33762887120246887
0.3324742317199707
0.34278351068496704
0.29381442070007324
0.29037800431251526
0.280927836894989
0.2525773048400879
0.20704467594623563
0.17182131111621857
0.18642611801624295
0.22680412232875824
0.248281791806221
0.3290378153324127
0.4768041372299194
0.5670102834701538
0.581615149974823
0.5876288414001465
0.6013745665550232
0.5841924548149109
0.5661512017250061
0.5498281717300415
0.5094501972198486
0.49226805567741394
0.47250857949256897
0.4630584120750427
0.4450171887874603
0.44329896569252014
0.3934707939624786
0.3917525708675385
0.3986254334449768
0.5584192276000977
0.4355670213699341
0.15378007292747495
0.0
0.29381442070007324
0.7225086092948914
0.8711340427398682
0.9905498027801511
0.9218212962150573
0.8359106779098511
0.7319587469100952
0.6726804375648499
0.6065292358398438
0.5240550041198729
0.0
0.0
0.0
0.0
0.0
0.0
0.0
0.0
0.0
0.0
0.0
0.0
0.0
0.0
0.0
0.0
0.0
0.0
0.0
0.0
0.0
0.0
0.0
0.0
0.0
0.0
0.0
0.0
0.0
0.0
0.0
0.0
0.0
0.0
0.0
0.0
0.0
0.0
0.0
0.0
0.0
0.0
0.0
0.0
0.0
0.0
0.0
0.0
0.0
0.0
0.0
0.0
0.0
0.0
0.0
0.0
0.0
0.0
0.0
0.0
0.0
0.0
0.0
0.0
0.0
0.0
0.0
0.0
0.0
0.0
0.0
0.0
0.0
0.0
0.0
0.0
