1.0
0.725663721561432
0.2294563800096512
0.0
0.07206068187952042
0.10682680457830428
0.1750948131084442
0.20164348185062408
0.19342604279518127
0.20796459913253784
0.2067003846168518
0.21238937973976132
0.22313527762889865
0.21744626760482788
0.21997471153736117
0.2572692930698395
0.2496839463710785
0.2756004929542541
0.29898861050605774
0.3097345232963562
0.3242730796337128
0.35145387053489685
0.37673830986022955
0.40834388136863703
0.4323641061782837
0.46270543336868286
0.4981036782264709
0.533501923084259
0.5644753575325012
0.5132743120193481
0.534134030342102
0.507585346698761
0.4563843309879303
0.3982300758361816
0.35967129468917847
0.28318583965301514
0.25094816088676447
0.21618205308914185
0.19279393553733823
0.19469027221202848
0.1782553791999817
0.18204803764820096
0.182680144906044
0.19342604279518127
0.17762325704097748
0.18078382313251493
0.20164348185062408
0.19026549160480496
0.18710492551326752
0.17193426191806793
0.17319847643375397
0.17383059859275815
0.18584071099758148
0.16814158856868744
0.1668773740530014
0.19279393553733823
0.16877371072769165
0.1624525934457779
0.16877371072769165
0.16118836402893066
0.15297092497348783
0.13211125135421753
0.15233881771564484
0.14854614436626434
0.15233881771564484
0.14159291982650757
0.1643489301204681
0.14222502708435059
0.11378002166748045
0.14917825162410736
0.11441213637590408
0.127054363489151
0.14981037378311157
0.1232616975903511
0.1510745882987976
0.13969658315181732
0.1346396952867508
0.12895070016384125
0.1940581500530243
0.21997471153736117
0.2465233951807022
0.2503160536289215
0.3084702789783478
0.2869785130023956
0.2585335075855255
0.23198482394218445
0.16814158856868744
0.1352718025445938
0.12452591955661772
0.13274335861206055
0.09608090668916702
0.10050568729639052
0.10176990926265717
0.11378002166748045
0.07648546248674391
0.1074589118361473
0.11061947047710417
0.1643489301204681
0.4013906419277191
0.4601770043373108
0.5347661375999451
0.9582806825637816
0.6529709100723267
0.17130215466022491
0.0
0.015802782028913494
0.0992414653301239
0.15802781283855438
0.19532237946987152
0.20796459913253784
0.21238937973976132
0.16940581798553467
0.181415930390358
0.1896333694458008
0.20290771126747129
0.22566372156143188
0.21618205308914185
0.0
0.0
0.0
0.0
0.0
0.0
0.0
0.0
0.0
0.0
0.0
0.0
0.0
0.0
0.0
