1.0
0.8183292746543884
0.40551501512527466
0.27575019001960754
0.14841848611831665
0.0
0.1111111119389534
0.34306567907333374
0.4111922085285186
0.4566099047660828
0.4574209153652191
0.4785076975822449
0.4444444477558136
0.4785076975822449
0.5133820176124573
0.4679643213748932
0.46634224057197565
0.5044606924057007
0.5174371600151062
0.5166261196136475
0.5182482004165649
0.4971613883972168
0.5385239124298096
0.5571776032447815
0.570154070854187
0.5685320496559143
0.5742092728614807
0.5523114204406737
0.5815085172653198
0.5961070656776428
0.5888077616691588
0.5652878880500793
0.5758312940597534
0.6780210733413696
0.6496350169181824
0.6317923665046692
0.628548264503479
0.6034063100814819
0.5952960252761841
0.55474454164505
0.5158150792121887
0.5571776032447815
0.5320357084274292
0.5231143832206726
0.5012165307998657
0.5214923024177551
0.5531224608421326
0.4971613883972168
0.4849959313869476
0.47283050417900085
0.5117599368095398
0.49797242879867554
0.5336577296257019
0.5417680740356445
0.5012165307998657
0.49878346920013433
0.5012165307998657
0.5117599368095398
0.4793187379837036
0.47769668698310846
0.5271695256233215
0.45255473256111145
0.43957826495170593
0.5141929984092712
0.4963503777980805
0.43957826495170593
0.5044606924057007
0.4801297783851624
0.4793187379837036
0.5158150792121887
0.4801297783851624
0.47201946377754206
0.48175182938575745
0.5125709772109985
0.5320357084274292
0.613949716091156
0.6236820816993712
0.6439578533172609
0.7137064337730408
0.7015409469604492
0.753446877002716
0.6707218289375305
0.6358475089073181
0.5693430900573729
0.4833738803863525
0.5085158348083496
0.4241687059402466
0.46390917897224426
0.4339010417461395
0.41281425952911377
0.2570964992046356
0.18896998465061188
0.5515003800392151
0.9391727447509763
0.6974858045578003
0.3300892114639282
0.3454987704753876
0.13949716091156003
0.05920518934726715
0.08353608846664429
0.3219789266586304
0.4428223967552185
0.4695863723754882
0.46553122997283936
0.4606650471687317
0.4874290227890015
0.4955393373966217
0.4955393373966217
0.5068937540054321
0.49229520559310913
0.5133820176124573
0.4914841949939728
0.0
0.0
0.0
0.0
0.0
0.0
0.0
0.0
0.0
0.0
0.0
0.0
0.0
0.0
0.0
0.0
0.0
0.0
0.0
0.0
