0.9991296529769896
0.9408181309700013
0.7658833861351013
0.6884247064590454
0.7154046893119812
0.7275891900062562
0.7093124389648438
0.5865970253944397
0.4847693741321564
0.4360313415527344
0.4673629105091095
0.40557006001472473
0.4316797256469727
0.4360313415527344
0.4177545607089996
0.3716275095939636
0.3577023446559906
0.3951261937618256
0.38642296195030207
0.36814621090888977
0.37859007716178894
0.3855526447296143
0.3672758936882019
0.3577023446559906
0.30287206172943115
0.27328112721443176
0.2802436947822571
0.2027850300073624
0.14186248183250427
0.11749347299337388
0.04438642412424088
0.04177545756101608
0.006962575949728489
0.017406441271305084
0.0
0.06179286167025566
0.121845081448555
0.12706701457500455
0.29590949416160583
0.31418624520301813
0.3768494427204132
0.3994778096675873
0.40469974279403687
0.43255004286766047
0.4090513586997986
0.4760661423206329
0.43690165877342224
0.4464752078056336
0.41427329182624817
0.37859007716178894
0.45343777537345886
0.438642293214798
0.43516102433204645
0.475195825099945
0.4281984269618988
0.4316797256469727
0.44995647668838495
0.4247171580791473
0.4360313415527344
0.389904260635376
0.45256745815277094
0.392515242099762
0.37859007716178894
0.4134029448032379
0.40644037723541254
0.44995647668838495
0.3994778096675873
0.3820713758468628
0.4229764938354492
0.45430809259414673
0.4891209602355957
0.44734552502632147
0.5013054609298706
0.4830287098884583
0.5378590226173401
0.5430809259414673
0.552654504776001
0.5248041749000549
0.5674499273300171
0.5926892757415771
0.6275022029876709
0.5456919074058533
0.5187119245529175
0.46301132440567017
0.43429067730903625
0.4090513586997986
0.33768492937088007
0.38033071160316473
0.4107919931411743
0.37249782681465143
0.34899914264678955
0.3646649122238159
0.32724109292030334
0.3463881611824036
0.3350739777088165
0.3637945950031281
0.3324630260467529
0.29329851269721985
0.19930374622344968
0.22367276251316073
0.684943437576294
1.0
0.8389904499053955
0.6997389197349548
0.6031331419944763
0.6153176426887512
0.6536118388175964
0.6153176426887512
0.45343777537345886
0.39077457785606384
0.37859007716178894
0.3768494427204132
0.4081810414791107
0.3620539605617523
0.3307223618030548
0.352480411529541
0.3463881611824036
0.292428195476532
0.341166228055954
0.3281114101409912
0.34029591083526606
0.0
0.0
0.0
0.0
0.0
0.0
0.0
0.0
0.0
0.0
0.0
