0.9936373233795166
0.8844114542007446
0.6145281195640564
0.331919401884079
0.06150583177804946
0.05567338317632675
0.148992583155632
0.1405090093612671
0.20572640001773837
0.21155884861946103
0.18398727476596832
0.21951219439506528
0.1855779439210892
0.21739129722118375
0.2290562093257904
0.1998939514160156
0.2327677607536316
0.20572640001773837
0.2295864224433899
0.23913043737411496
0.2295864224433899
0.25344645977020264
0.2232237607240677
0.2550371289253235
0.26882290840148926
0.2481442242860794
0.28844115138053894
0.260869562625885
0.293743371963501
0.30752915143966675
0.2863202691078186
0.3223753869533539
0.28579002618789673
0.31336161494255066
0.32025450468063354
0.2836691439151764
0.29798516631126404
0.24072110652923584
0.26564157009124756
0.24443265795707703
0.21951219439506528
0.2327677607536316
0.1903499513864517
0.20784729719161987
0.2073170691728592
0.19512194395065308
0.21527041494846344
0.17603392899036407
0.20148462057113647
0.2004241794347763
0.1876988261938095
0.20890773832798004
0.1818663775920868
0.2073170691728592
0.20625662803649905
0.1866383850574493
0.220042422413826
0.18981972336769104
0.20837752521038053
0.2120890766382217
0.18133616447448728
0.20784729719161987
0.1675503700971603
0.19512194395065308
0.1914103925228119
0.16330859065055847
0.1914103925228119
0.15217390656471252
0.17285259068012235
0.1755037158727646
0.15111346542835236
0.18080593645572665
0.14475078880786896
0.17444325983524323
0.16012725234031677
0.1500530242919922
0.17020148038864136
0.1304347813129425
0.17444325983524323
0.1532343626022339
0.14581124484539032
0.17073170840740204
0.13467656075954437
0.1675503700971603
0.1500530242919922
0.1436903476715088
0.16808059811592102
0.13785789906978607
0.17603392899036407
0.1723223775625229
0.18027570843696597
0.22057263553142548
0.1876988261938095
0.2327677607536316
0.2698833644390106
0.2735949158668518
0.26458111405372614
0.2126193046569824
0.18981972336769104
0.18080593645572665
0.1420996785163879
0.14528101682662964
0.09490986168384552
0.12301166355609892
0.10710498690605164
0.10074231028556824
0.12354188412427902
0.08324496448040009
0.09331919252872467
0.018027571961283684
0.1431601345539093
0.3923647999763489
0.6463414430618286
1.0
0.8197242617607117
0.5917285084724425
0.3080593943595886
0.0
0.05885471776127815
0.09650053083896638
0.12195122241973876
0.1749734878540039
0.1527041345834732
0.1855779439210892
0.1749734878540039
0.17073170840740204
0.1977730691432953
0.1558854728937149
0.19353128969669345
0.1781548261642456
0.17974549531936643
0.2104984074831009
