0.9828872084617615
0.5726195573806763
0.10399297624826433
0.03115401417016983
0.0
0.05309346318244934
0.09258446842432022
0.10662571340799332
0.11057481169700623
0.13119789958000183
0.1386573016643524
0.1434839814901352
0.1333918422460556
0.14567792415618896
0.1728828400373459
0.15182097256183624
0.17463800311088562
0.18165862560272217
0.17770951986312866
0.1996489614248276
0.20579200983047485
0.20623080432415009
0.2242211550474167
0.233435720205307
0.25054848194122314
0.2689776122570038
0.2628345787525177
0.27950856089591974
0.2817024886608124
0.2702939808368683
0.2663448750972748
0.2461605966091156
0.2259763032197952
0.2172005325555801
0.20710837841033933
0.189556822180748
0.16717858612537384
0.1562088578939438
0.14743308722972867
0.15489248931407928
0.1386573016643524
0.14743308722972867
0.13163667917251587
0.13383062183856964
0.14567792415618896
0.15445370972156525
0.1601579636335373
0.17068889737129211
0.16630101203918457
0.1768319457769394
0.1741992086172104
0.17595437169075012
0.1834137737751007
0.16717858612537384
0.1755155771970749
0.15971916913986206
0.15708644688129425
0.16279070079326627
0.13821852207183835
0.1575252264738083
0.15225976705551147
0.14962702989578247
0.1487494558095932
0.14831066131591797
0.16191312670707703
0.1575252264738083
0.19613865017890927
0.24308907985687253
0.2325581461191177
0.23168055713176727
0.2259763032197952
0.23957876861095428
0.21369022130966184
0.189556822180748
0.19526107609272003
0.16761738061904907
0.13383062183856964
0.118034228682518
0.11627907305955885
0.1232996955513954
0.10969723761081696
0.12417726963758469
0.11627907305955885
0.12417726963758469
0.13383062183856964
0.1232996955513954
0.1325142532587051
0.13295304775238037
0.2738043069839477
0.44800350069999695
0.7354102730751036
1.0
0.6836331486701965
0.189556822180748
0.06099166348576546
0.0026327336672693487
0.07985958456993103
0.12593242526054382
0.14041246473789215
0.151382178068161
0.1526985466480255
0.14436155557632446
0.17770951986312866
0.16454584896564484
0.2018429189920425
0.20140412449836728
0.19657744467258453
0.0
0.0
0.0
0.0
0.0
0.0
0.0
0.0
0.0
0.0
0.0
0.0
0.0
0.0
0.0
0.0
0.0
0.0
0.0
0.0
0.0
0.0
0.0
0.0
0.0
