1.0
0.5247293114662169
0.24904887378215787
0.13110916316509247
0.13901083171367645
0.11120866239070892
0.0910155102610588
0.08252853155136108
0.08340650051832198
0.08077260851860046
0.07901667803525923
0.07989464700222014
0.07960198819637297
0.08194322139024734
0.07901667803525923
0.08808896690607072
0.0872110053896904
0.08808896690607072
0.09774655848741533
0.096868596971035
0.11208662390708923
0.12291483581066132
0.13988879323005676
0.15861867368221283
0.1752999722957611
0.2054433673620224
0.2285630702972412
0.24670763313770291
0.2566578984260559
0.23968392610549927
0.2247585654258728
0.20485806465148923
0.17939713597297668
0.15774071216583252
0.13520632684230804
0.12759730219841003
0.122036874294281
0.11296458542346954
0.10769680887460709
0.10184372216463088
0.10564822703599928
0.10594088584184647
0.10155107080936432
0.10213637351989746
0.09745390713214874
0.10213637351989746
0.10184372216463088
0.1006731018424034
0.10330699384212493
0.09803921729326248
0.10359964519739152
0.10418495535850524
0.10184372216463088
0.1006731018424034
0.09452736377716064
0.0959906354546547
0.09833186864852904
0.09160082042217255
0.0959906354546547
0.08750365674495697
0.09160082042217255
0.09189347177743912
0.08633304387331009
0.08662569522857666
0.0813579186797142
0.08604038506746291
0.0872110053896904
0.08574773371219635
0.10125841200351716
0.11881767958402632
0.13110916316509247
0.12613403797149658
0.11735440790653227
0.12028095126152039
0.10038045048713684
0.09657594561576845
0.12028095126152039
0.09247878193855283
0.08779631555080412
0.0737489014863968
0.06613989174365997
0.0620427280664444
0.06116476282477378
0.05794556811451912
0.05706760287284851
0.06175007298588753
0.05970149114727974
0.02780216559767723
0.0
0.13345038890838623
0.3994732201099396
0.6148668527603148
0.9321041703224182
0.6669593453407288
0.30465319752693176
0.14691250026226044
0.12379279732704163
0.11208662390708923
0.08633304387331009
0.0734562501311302
0.07257828861474992
0.07023704797029495
0.06643254309892654
0.06994439661502838
0.06526192277669907
0.06877377629280089
0.07082235813140869
0.06848112493753433
0.0734562501311302
0.07082235813140869
0.0
0.0
0.0
0.0
0.0
0.0
0.0
0.0
0.0
0.0
0.0
0.0
0.0
0.0
0.0
0.0
0.0
0.0
0.0
0.0
0.0
0.0
