1.0
0.4800658524036408
0.18562546372413635
0.15051206946372983
0.1545354723930359
0.15764448046684265
0.16002194583415985
0.1591075360774994
0.15380394458770752
0.15490123629570007
0.1516093611717224
0.14264813065528867
0.14594002068042755
0.13386978209018707
0.14557425677776337
0.13734455406665802
0.13405266404151917
0.1377103179693222
0.1236283853650093
0.12289685755968092
0.12490855902433395
0.10076810419559477
0.11155815422534943
0.10588880628347395
0.09857352077960968
0.09473299235105513
0.08430870622396469
0.0819312334060669
0.07607900351285934
0.06620336323976517
0.05395025759935379
0.03840526565909386
0.027432333678007122
0.008961228653788567
0.00548646692186594
0.0
0.0025603510439395905
0.01353328488767147
0.020117044448852536
0.05815654620528221
0.09509875625371934
0.11960497498512268
0.14996342360973358
0.175384059548378
0.1931236237287521
0.2062911540269852
0.219458669424057
0.22000731527805328
0.22110460698604584
0.22348207235336304
0.23116312921047208
0.2238478362560272
0.22329919040203092
0.22201901674270627
0.21616679430007932
0.21305778622627256
0.2158010303974152
0.2158010303974152
0.2158010303974152
0.2150695025920868
0.22531090676784515
0.2167154401540756
0.2123262584209442
0.2145208418369293
0.22238478064537048
0.21836137771606445
0.21488660573959353
0.21964155137538907
0.22531090676784515
0.2256766706705093
0.2286027818918228
0.22823701798915863
0.2245793640613556
0.22037307918071744
0.23024871945381165
0.22549378871917725
0.236466720700264
0.23518654704093933
0.23683248460292816
0.23226042091846463
0.23463788628578183
0.23354059457778928
0.23500366508960724
0.23994147777557373
0.23098024725914
0.24085588753223416
0.23518654704093933
0.23994147777557373
0.24707388877868647
0.24707388877868647
0.23372347652912137
0.24433064460754397
0.23829554021358487
0.2428675889968872
0.2461594790220261
0.259875625371933
0.2595098614692688
0.27084857225418085
0.2809070944786072
0.27176299691200256
0.2682882249355316
0.2609729468822479
0.26316753029823303
0.2483540624380112
0.2501828968524933
0.24396488070487976
0.23756401240825653
0.23902706801891327
0.24268470704555511
0.2452450692653656
0.24670812487602237
0.2510972917079925
0.26024141907691956
0.2756035029888153
0.26792246103286743
0.17849305272102356
0.21360643208026883
0.4113021194934845
0.5755303502082825
0.9553767442703248
0.9992684721946716
0.4453182220458984
0.20482808351516724
0.18141916394233704
0.18196780979633329
0.18306510150432584
0.18471103906631467
0.19001463055610657
0.17520117759704587
0.1777615249156952
0.17666423320770264
0.17392098903656003
