0.9527472257614136
0.11538461595773696
0.0
0.18791209161281583
0.16153846681118011
0.11758241802453993
0.07692307978868483
0.0813186839222908
0.09120879322290419
0.10000000149011612
0.09450549632310867
0.10989011079072952
0.11538461595773696
0.11648351699113844
0.12637363374233243
0.10769230872392654
0.11868131905794144
0.12527473270893097
0.15054945647716522
0.17142857611179352
0.1626373678445816
0.16703297197818756
0.19340659677982328
0.20439560711383817
0.20439560711383817
0.26813188195228577
0.2560439705848694
0.3054945170879364
0.3681318759918213
0.4197802245616913
0.4395604431629181
0.4000000059604645
0.42307692766189575
0.4076923131942749
0.39010989665985113
0.32307693362236023
0.27912089228630066
0.29560440778732294
0.2846153974533081
0.29010990262031555
0.2648351788520813
0.25934067368507385
0.2747252881526947
0.3065934181213379
0.3131868243217468
0.29340660572052
0.3000000119209289
0.3153846263885498
0.31208792328834534
0.32197803258895874
0.30989012122154236
0.2846153974533081
0.2945055067539215
0.3274725377559662
0.4000000059604645
0.4604395627975464
0.4923076927661896
0.5263736248016356
0.6505494713783264
0.6428571343421936
0.6329670548439026
0.6362637281417847
0.6461538672447205
0.5769230723381041
0.4175824224948883
0.29560440778732294
0.2021978050470352
0.2032967060804367
0.19670329988002777
0.1813186854124069
0.16043956577777863
0.17582418024539948
0.19010989367961884
0.4813186824321746
1.0
0.24835164844989777
0.04505494609475136
0.21318681538105008
0.20879121124744413
0.1637362688779831
0.09670329838991165
0.08461538702249528
0.07362637668848036
0.08021978288888931
0.09670329838991165
0.06373626738786697
0.05824175849556922
0.0615384615957737
0.0
0.0
0.0
0.0
0.0
0.0
0.0
0.0
0.0
0.0
0.0
0.0
0.0
0.0
0.0
0.0
0.0
0.0
0.0
0.0
0.0
0.0
0.0
0.0
0.0
0.0
0.0
0.0
0.0
0.0
0.0
0.0
0.0
0.0
0.0
0.0
0.0
0.0
0.0
0.0
0.0
0.0
0.0
0.0
