0.9376237392425536
0.8970296978950499
0.2881188094615936
0.0
0.1326732635498047
0.124752476811409
0.0712871253490448
0.09306930750608444
0.05445544421672821
0.027722772210836407
0.0445544570684433
0.055445544421672814
0.08514851331710814
0.07920791953802109
0.04653465375304222
0.0623762384057045
0.05247524753212929
0.0900990068912506
0.07326732575893402
0.04554455354809761
0.08712871372699738
0.08118811994791031
0.10099010169506072
0.12277227640151976
0.13366337120532987
0.15544554591178894
0.15148514509201047
0.18811881542205808
0.19900989532470703
0.20198020339012143
0.23564356565475464
0.24257425963878632
0.23762376606464383
0.22970296442508695
0.20792078971862793
0.18712870776653287
0.16534653306007385
0.16732673346996307
0.13861386477947235
0.13366337120532987
0.15148514509201047
0.14851485192775726
0.124752476811409
0.12079207599163055
0.1079207956790924
0.13069306313991547
0.12079207599163055
0.1267326772212982
0.12277227640151976
0.1168316826224327
0.13960395753383636
0.13168317079544067
0.13366337120532987
0.13069306313991547
0.12178217619657516
0.13168317079544067
0.11287128925323486
0.1168316826224327
0.12079207599163055
0.11980198323726654
0.1168316826224327
0.12772276997566223
0.2059405893087387
0.26633661985397333
0.2574257552623749
0.3841584026813507
0.3574257493019104
0.40693068504333496
0.3920792043209076
0.303960382938385
0.2415841519832611
0.2118811905384064
0.1524752527475357
0.10396039485931396
0.09306930750608444
0.07425742596387862
0.07227722555398941
0.06930693238973618
0.06534653156995773
0.06534653156995773
0.058415841311216354
0.04752475395798683
0.2594059407711029
0.5346534848213196
0.6366336345672609
1.0
0.7683168053627014
0.10990098863840105
0.08415841311216353
0.16336633265018463
0.09207920730113985
0.05940594151616096
0.07029703259468079
0.03366336598992348
0.022772276774048805
0.04257425665855408
0.02475247532129288
0.04257425665855408
0.037623763084411614
0.05940594151616096
0.055445544421672814
0.025742573663592335
0.0
0.0
0.0
0.0
0.0
0.0
0.0
0.0
0.0
0.0
0.0
0.0
0.0
0.0
0.0
0.0
0.0
0.0
0.0
0.0
0.0
0.0
0.0
0.0
0.0
0.0
0.0
0.0
0.0
0.0
