1.0
0.5487805008888245
0.0
0.37926828861236567
0.504878044128418
0.5268292427062988
0.30365854501724243
0.33170732855796814
0.3268292546272278
0.34634146094322205
0.3134146332740784
0.2829268276691437
0.30243903398513794
0.31829267740249634
0.23170731961727145
0.3378048837184906
0.28780487179756165
0.2341463416814804
0.23780487477779388
0.30487805604934687
0.26219511032104487
0.1560975611209869
0.18414634466171265
0.2231707274913788
0.19878049194812772
0.19878049194812772
0.16951219737529755
0.1963414698839188
0.2146341502666473
0.19878049194812772
0.1329268366098404
0.178048774600029
0.1609756052494049
0.2182926833629608
0.23536585271358487
0.22926829755306244
0.2219512164592743
0.19512194395065308
0.33170732855796814
0.35853657126426697
0.42195123434066767
0.4402438998222351
0.4634146392345429
0.5219511985778809
0.4865853786468506
0.4573170840740204
0.37073171138763433
0.45121949911117554
0.4304878115653992
0.2939024269580841
0.3658536672592163
0.30365854501724243
0.34878048300743103
0.23658536374568936
0.2817073166370392
0.23780487477779388
0.15121951699256897
0.26219511032104487
0.31463414430618286
0.22804878652095795
0.23536585271358487
0.1963414698839188
0.28414633870124817
0.2231707274913788
0.21585366129875183
0.32073169946670527
0.19512194395065308
0.21707317233085632
0.2341463416814804
0.21951219439506528
0.2390243858098984
0.2024390250444412
0.22439023852348328
0.31707316637039185
0.26829269528388977
0.28780487179756165
0.23780487477779388
0.27804878354072565
0.19756098091602323
0.2390243858098984
0.28658536076545715
0.25
0.22560974955558777
0.29512193799018854
0.21341463923454285
0.29512193799018854
0.28658536076545715
0.26951220631599426
0.29512193799018854
0.24146340787410736
0.2926829159259796
0.3414634168148041
0.28902438282966614
0.28658536076545715
0.2073170691728592
0.23780487477779388
0.1170731708407402
0.21097561717033383
0.2634146213531494
0.28414633870124817
0.3073170781135559
0.28536584973335266
0.3378048837184906
0.37317073345184326
0.2634146213531494
0.3134146332740784
0.26951220631599426
0.27804878354072565
0.35121950507164
0.22682927548885343
0.3121951222419739
0.39756098389625544
0.745121955871582
0.8304877877235411
0.3353658616542816
0.3853658437728882
0.795121967792511
0.5243902206420897
0.6304877996444702
0.4256097674369812
0.30365854501724243
0.29878050088882446
0.43170732259750366
0.33658537268638605
0.3134146332740784
0.3719512224197388
0.3719512224197388
0.3695122003555298
0.30121952295303345
0.3256097435951233
0.4280487895011902
0.2609755992889404
