1.0
0.8825681805610656
0.29773786664009094
0.1816367208957672
0.11576846241950987
0.09647371619939805
0.06886227428913116
0.05156353861093521
0.060212906450033195
0.053892213851213455
0.04890219494700432
0.06254158169031143
0.053559549152851105
0.06353958696126938
0.049900200217962265
0.056220892816782
0.06420492380857468
0.05555555596947669
0.073186956346035
0.06786426901817322
0.06886227428913116
0.07485029846429823
0.06487026065587997
0.08183632791042326
0.07551563531160353
0.08216899633407591
0.0894876942038536
0.0778443142771721
0.09414504468441008
0.0921490341424942
0.08316700160503387
0.10013306885957717
0.09580838680267333
0.11610113084316252
0.10745176672935484
0.1071190983057022
0.11876247823238371
0.1071190983057022
0.10944776982069016
0.09580838680267333
0.08782435208559036
0.08549567312002182
0.07751164585351944
0.08749168366193771
0.0894876942038536
0.08982036262750626
0.10013306885957717
0.08649367839097977
0.1091151013970375
0.10778442770242692
0.09647371619939805
0.10645376145839693
0.08782435208559036
0.10013306885957717
0.09115102887153624
0.08383233845233917
0.09314703941345216
0.07950764894485474
0.08416500687599182
0.07950764894485474
0.07152362167835236
0.08316700160503387
0.06719893217086792
0.08349967002868652
0.06686626374721527
0.06353958696126938
0.0745176300406456
0.06753160059452057
0.07418496161699295
0.06287425011396408
0.05655356124043465
0.06719893217086792
0.05854956805706024
0.07950764894485474
0.07751164585351944
0.07684630900621414
0.0968063846230507
0.073186956346035
0.0968063846230507
0.10246174037456512
0.08682634681463242
0.08216899633407591
0.07119095325469971
0.0725216269493103
0.06686626374721527
0.06620093435049057
0.05555555596947669
0.027278775349259377
0.02162341959774494
0.017631404101848602
0.0196274109184742
0.03393213450908661
0.019960079342126846
0.035262808203697205
0.02994011901319027
0.01230871584266424
0.027278775349259377
0.17498336732387543
0.4444444477558136
0.7351962924003601
0.9298070669174193
0.9121756553649902
0.3339986801147461
0.15934796631336212
0.10046573728322981
0.05455755069851875
0.038256820291280746
0.01230871584266424
0.019960079342126846
0.01230871584266424
0.0
0.013639387674629688
0.0016633400227874515
0.010978044010698795
0.013639387674629688
0.011976048350334167
0.027944112196564674
0.017298735678195953
0.026946106925606728
0.019960079342126846
0.0
0.0
0.0
0.0
0.0
0.0
0.0
0.0
0.0
0.0
0.0
0.0
