0.95794278383255
0.6524873971939087
0.2718096673488617
0.1023792326450348
0.10958904027938841
0.09204518049955368
0.06200432404875755
0.05359288677573204
0.04782504215836525
0.05191059783101082
0.05359288677573204
0.05191059783101082
0.05407353863120079
0.05407353863120079
0.05287190526723862
0.05719779059290886
0.06080269068479537
0.06681086122989655
0.07354001700878142
0.07690458744764328
0.07570295780897139
0.08483537286520003
0.08916126191616057
0.09685172140598296
0.09589041024446487
0.10838740319013596
0.12160538136959076
0.12569093704223633
0.13987022638320923
0.14852198958396912
0.162701278924942
0.17495794594287872
0.1790435016155243
0.17375630140304563
0.16606585681438446
0.14924296736717224
0.13314107060432434
0.1240086480975151
0.11511655896902084
0.1059841364622116
0.09973563998937607
0.09396779537200928
0.08940158784389494
0.09156452864408493
0.08483537286520003
0.08988223969936371
0.08819995075464249
0.09444844722747801
0.10189858078956604
0.09492910653352736
0.1002162918448448
0.09829367697238922
0.09637106209993361
0.09901466220617294
0.09709204733371735
0.0985340029001236
0.09949531406164168
0.08747897297143936
0.0956500843167305
0.09108387678861618
0.09084355086088179
0.08363374322652815
0.08868060261011124
0.08868060261011124
0.08411439508199692
0.08363374322652815
0.09180485457181929
0.11103100329637527
0.11079067736864089
0.10838740319013596
0.12160538136959076
0.12641191482543945
0.12929584085941315
0.13554434478282928
0.13001681864261627
0.1268925666809082
0.10382119566202164
0.07882720232009886
0.07642393559217453
0.06753184646368027
0.05936073139309883
0.060562364757061005
0.062244653701782234
0.057918768376111984
0.04662340879440308
0.04950733110308647
0.055755827575922005
0.05094929039478303
0.03388608619570732
0.0
0.04566210135817528
0.25618842244148254
0.5094929337501526
0.7368420958518982
1.0
0.5606825351715088
0.22278298437595367
0.1307377964258194
0.12545061111450195
0.09757269918918608
0.0785868763923645
0.0663302093744278
0.06753184646368027
0.07714491337537764
0.0653688982129097
0.06464792042970657
0.07666426151990889
0.07233837991952896
0.07738524675369263
0.077625572681427
0.08123047649860382
0.08651766180992126
0.08916126191616057
0.0
0.0
0.0
0.0
0.0
0.0
0.0
0.0
0.0
0.0
0.0
0.0
0.0
0.0
0.0
0.0
0.0
0.0
0.0
