1.0
0.7953311800956726
0.4473398625850677
0.3132464587688446
0.3393051028251648
0.2519001066684723
0.15580891072750092
0.22964169085025787
0.23941367864608765
0.2019543945789337
0.23289902508258817
0.2508143186569214
0.25407165288925165
0.2692725360393524
0.25841477513313293
0.3094462454319
0.28664496541023254
0.3040173649787903
0.2904451787471771
0.3094462454319
0.3371335566043854
0.28827360272407526
0.31270357966423035
0.294788271188736
0.2681867480278015
0.26438653469085693
0.24321389198303223
0.21009771525859833
0.25624319911003113
0.2068403959274292
0.22258414328098297
0.20358306169509888
0.23941367864608765
0.22964169085025787
0.19163952767848969
0.2024972885847092
0.20358306169509888
0.196525514125824
0.1878392994403839
0.16992399096488953
0.20304016768932345
0.17318132519721985
0.1867535263299942
0.16123779118061063
0.16612377762794495
0.22855591773986816
0.21986970305442807
0.248642772436142
0.2801302969455719
0.2719869613647461
0.2258414775133133
0.25135722756385803
0.21986970305442807
0.17752443253993988
0.17589576542377472
0.20575460791587827
0.13572204113006592
0.1346362680196762
0.14495113492012024
0.13572204113006592
0.16286644339561462
0.11943539977073668
0.07057546079158783
0.07709012180566788
0.03637350723147392
0.0
0.19109663367271423
0.6959826350212097
0.9191096425056456
0.7595005631446838
0.4060803353786469
0.21606948971748352
0.294788271188736
0.13952225446701047
0.10423452407121658
0.14440825581550598
0.100434310734272
0.14386536180973053
0.14495113492012024
0.13735070824623108
0.1737242192029953
0.0
0.0
0.0
0.0
0.0
0.0
0.0
0.0
0.0
0.0
0.0
0.0
0.0
0.0
0.0
0.0
0.0
0.0
0.0
0.0
0.0
0.0
0.0
0.0
0.0
0.0
0.0
0.0
0.0
0.0
0.0
0.0
0.0
0.0
0.0
0.0
0.0
0.0
0.0
0.0
0.0
0.0
0.0
0.0
0.0
0.0
0.0
0.0
0.0
0.0
0.0
