0.9222614765167235
0.6961130499839783
0.6230859756469728
0.14369846880435944
0.14369846880435944
0.10365135222673416
0.0
0.08833922445774078
0.0742049440741539
0.061248525977134705
0.0753828063607216
0.08833922445774078
0.09422850608825684
0.07067137956619263
0.0989399328827858
0.11307420581579208
0.1095406338572502
0.09069493412971497
0.12485276907682417
0.14252060651779175
0.13191990554332733
0.16254417598247528
0.20965842902660367
0.17550058662891388
0.2391048222780228
0.26383981108665466
0.2579505443572998
0.31330978870391846
0.27679622173309326
0.26266196370124817
0.22261483967304227
0.24146054685115811
0.23674911260604856
0.2049469947814941
0.22497054934501648
0.1990577131509781
0.15429916977882385
0.16489988565444946
0.17667844891548157
0.15076561272144315
0.11660777032375336
0.133097767829895
0.15429916977882385
0.12485276907682417
0.1849234402179718
0.1601884514093399
0.17078916728496552
0.16372202336788175
0.1825677305459976
0.2049469947814941
0.17078916728496552
0.1590106040239334
0.22850412130355835
0.1613663136959076
0.17903415858745575
0.2143698483705521
0.17903415858745575
0.1825677305459976
0.15783274173736572
0.18963485956192017
0.1613663136959076
0.1590106040239334
0.19434629380702967
0.18963485956192017
0.17550058662891388
0.24734982848167417
0.22261483967304227
0.20965842902660367
0.20023557543754575
0.1825677305459976
0.2391048222780228
0.24028268456459043
0.3309776186943054
0.3639575839042664
0.3356890380382538
0.4157832860946655
0.5029446482658385
0.5441696047782898
0.4369846880435944
0.3510011732578277
0.299175500869751
0.30506476759910583
0.30153122544288635
0.25441697239875793
0.2332155406475067
0.21790342032909396
0.26501765847206116
0.3180212080478668
0.29328620433807373
0.2591283917427063
0.4640753865242004
0.7714958786964417
0.9316843152046205
1.0
0.7762073278427123
0.6007066965103148
0.23674911260604856
0.2697291076183319
0.25441697239875793
0.21201413869857788
0.18374557793140409
0.22732625901699063
0.2131919860839844
0.20259128510951996
0.2756183743476868
0.23674911260604856
0.2697291076183319
0.26619553565979004
0.28857478499412537
0.29210835695266724
0.26383981108665466
0.0
0.0
0.0
0.0
0.0
0.0
0.0
0.0
0.0
0.0
0.0
0.0
0.0
0.0
0.0
0.0
0.0
0.0
0.0
0.0
0.0
