0.9977142810821533
0.671999990940094
0.41142857074737543
0.09657143056392668
0.04800000041723251
0.06057142838835716
0.08399999886751176
0.09600000083446503
0.09142857044935225
0.08228571712970732
0.10171428322792052
0.10000000149011612
0.08285713940858841
0.10057143121957778
0.08971428871154785
0.11085714399814604
0.1080000028014183
0.12114285677671432
0.10685714334249496
0.1022857129573822
0.1234285682439804
0.1331428587436676
0.13199999928474426
0.13428571820259094
0.1445714235305786
0.13714285194873807
0.17599999904632568
0.18000000715255737
0.1914285719394684
0.19028571248054504
0.2160000056028366
0.2217142879962921
0.2251428514719009
0.22342857718467712
0.2011428624391556
0.18114285171031952
0.1914285719394684
0.15142856538295743
0.1537142843008041
0.1508571356534958
0.13828571140766144
0.15542857348918915
0.13257142901420593
0.1445714235305786
0.13257142901420593
0.13085713982582092
0.1662857085466385
0.1411428600549698
0.16114285588264465
0.14571428298950195
0.14800000190734863
0.1662857085466385
0.15885713696479797
0.13542857766151428
0.1428571492433548
0.14000000059604645
0.1565714329481125
0.13542857766151428
0.14914286136627197
0.11999999731779099
0.14057143032550812
0.1502857208251953
0.14000000059604645
0.14800000190734863
0.13428571820259094
0.1314285695552826
0.14971429109573364
0.13828571140766144
0.1508571356534958
0.14971429109573364
0.1445714235305786
0.1560000032186508
0.11999999731779099
0.15314285457134247
0.13371428847312927
0.11999999731779099
0.14000000059604645
0.1388571411371231
0.16857142746448517
0.19771428406238556
0.23199999332427976
0.23771429061889648
0.24114285409450528
0.2525714337825775
0.2102857083082199
0.19942857325077057
0.18628571927547452
0.13428571820259094
0.12285714596509932
0.11485714465379714
0.09714286029338835
0.10000000149011612
0.09657143056392668
0.08399999886751176
0.0
0.017714286223053932
0.4120000004768372
1.0
0.859428584575653
0.4577142894268036
0.14399999380111694
0.10057143121957778
0.0754285678267479
0.10857142508029936
0.09428571164608
0.09485714137554167
0.10914285480976103
0.1120000034570694
0.11485714465379714
0.1154285743832588
0.1120000034570694
0.1234285682439804
0.11142857372760771
0.13942857086658475
0.0
0.0
0.0
0.0
0.0
0.0
0.0
0.0
0.0
0.0
0.0
0.0
0.0
0.0
0.0
0.0
0.0
0.0
