1.0
0.892307698726654
0.5958974361419678
0.32769230008125305
0.2348717898130417
0.15794871747493744
0.11179487407207488
0.09487179666757584
0.07999999821186066
0.07487179338932037
0.07897435873746872
0.08666666597127913
0.08153846114873886
0.09487179666757584
0.09743589907884595
0.1066666692495346
0.11589743942022324
0.1271794885396957
0.14461538195610046
0.14974358677864075
0.15641026198863983
0.17743590474128723
0.17692308127880096
0.20615383982658383
0.2148717939853668
0.2230769246816635
0.24102564156055448
0.24666666984558103
0.2579487264156341
0.25128206610679626
0.22461538016796112
0.2097435891628265
0.17384615540504456
0.16102564334869385
0.13589744269847867
0.11743589490652084
0.11076922714710236
0.09076923131942749
0.10153846442699432
0.1082051247358322
0.11230769008398056
0.10923077166080473
0.10410256683826447
0.11282051354646681
0.10923077166080473
0.1164102554321289
0.11076922714710236
0.10871794819831848
0.11333333700895308
0.10923077166080473
0.11384615302085876
0.12153846025466918
0.1082051247358322
0.1148717924952507
0.10461538285017012
0.1035897433757782
0.10461538285017012
0.10000000149011612
0.10564102232456209
0.09743589907884595
0.10410256683826447
0.11948718130588531
0.14769230782985687
0.17384615540504456
0.1892307698726654
0.20615383982658383
0.22564102709293363
0.22615385055541992
0.199487179517746
0.15333333611488342
0.13230769336223602
0.09897436201572418
0.08461538702249528
0.08153846114873886
0.06923077255487442
0.06512820720672607
0.021025640890002247
0.0
0.17897436022758484
0.39487180113792414
0.834871768951416
0.9902564287185669
0.8769230842590333
0.5123077034950256
0.30974358320236206
0.2287179529666901
0.17282050848007202
0.13538461923599243
0.12512820959091187
0.11589743942022324
0.11692307889461516
0.1148717924952507
0.1292307674884796
0.127692312002182
0.1374358981847763
0.1466666609048843
0.15282051265239716
0.0
0.0
0.0
0.0
0.0
0.0
0.0
0.0
0.0
0.0
0.0
0.0
0.0
0.0
0.0
0.0
0.0
0.0
0.0
0.0
0.0
0.0
0.0
0.0
0.0
0.0
0.0
0.0
0.0
0.0
0.0
0.0
0.0
0.0
0.0
