0.8625546097755432
1.0
0.5871782302856445
0.425449252128601
0.0655658096075058
0.06265177577733994
0.05536668375134468
0.06119475513696671
0.1583292931318283
0.17678484320640564
0.2156386524438858
0.2316658645868301
0.23895095288753507
0.24137930572032928
0.2520641088485718
0.2564351558685303
0.2447790205478668
0.2540068030357361
0.2695483267307281
0.3103448152542114
0.31520155072212214
0.3084021508693695
0.32054394483566284
0.31520155072212214
0.30985915660858154
0.31568723917007446
0.31811559200286865
0.30111703276634216
0.282661497592926
0.27149102091789246
0.27731907367706293
0.26809132099151606
0.2734337151050568
0.2884895503520965
0.2938319444656372
0.2875182032585144
0.3093734681606293
0.3113161623477936
0.3190869390964508
0.3759106397628784
0.40359398722648626
0.46527439355850214
0.5109276175498961
0.5356969237327576
0.523069441318512
0.46867412328720087
0.4273919463157654
0.40990772843360895
0.4808159172534943
0.7168528437614441
0.8766391277313232
0.5259835124015808
0.3292860686779022
0.026711996644735336
0.0
0.014570179395377636
0.029140358790755272
0.15055851638317108
0.20786789059638977
0.2200097143650055
0.23603691160678864
0.24526469409465787
0.23215152323246
0.2520641088485718
0.2608062028884888
0.2472073882818222
0.254492461681366
0.275376409292221
0.28703254461288447
0.29966002702713007
0.3050024211406708
0.3419135510921478
0.3409422039985657
0.0
0.0
0.0
0.0
0.0
0.0
0.0
0.0
0.0
0.0
0.0
0.0
0.0
0.0
0.0
0.0
0.0
0.0
0.0
0.0
0.0
0.0
0.0
0.0
0.0
0.0
0.0
0.0
0.0
0.0
0.0
0.0
0.0
0.0
0.0
0.0
0.0
0.0
0.0
0.0
0.0
0.0
0.0
0.0
0.0
0.0
0.0
0.0
0.0
0.0
0.0
0.0
0.0
0.0
0.0
0.0
0.0
0.0
0.0
