0.9051775932312013
1.0
0.6068633198738098
0.21974714100360873
0.19385911524295807
0.1592414230108261
0.12462372332811356
0.11198073625564577
0.1005418449640274
0.10144491493701933
0.09783262759447096
0.08970499783754349
0.09963877499103546
0.09813365340232848
0.09933774918317795
0.09933774918317795
0.09090909361839294
0.10776640474796297
0.09873570501804352
0.11077664047479628
0.10746537894010544
0.106863334774971
0.12010836601257324
0.1089705005288124
0.11589404195547104
0.11649608612060545
0.10987357050180437
0.13064418733119965
0.12071041762828826
0.1339554488658905
0.13546057045459747
0.14328718185424805
0.15201686322689056
0.14960867166519165
0.16225165128707883
0.15803731977939603
0.16014449298381803
0.17218543589115143
0.16676700115203855
0.1803130656480789
0.1842263638973236
0.1884406954050064
0.19084888696670527
0.1839253455400467
0.19446116685867307
0.17700180411338806
0.16285370290279388
0.15322095155715942
0.1384707987308502
0.1387718170881271
0.125827819108963
0.11709813028573988
0.11830222606658936
0.11619506031274796
0.13064418733119965
0.12492474168539049
0.12522576749324799
0.13666465878486633
0.12071041762828826
0.13485851883888245
0.1336544305086136
0.12522576749324799
0.1315472573041916
0.11980734765529633
0.12462372332811356
0.11709813028573988
0.10776640474796297
0.11800120770931244
0.10295002907514572
0.11499097198247908
0.106863334774971
0.09963877499103546
0.10806743055582047
0.09452137351036072
0.10505719482898712
0.09572546929121016
0.09391932934522627
0.10234798491001128
0.08699578791856764
0.0942203477025032
0.08699578791856764
0.08729680627584457
0.08970499783754349
0.08187838643789291
0.08910295367240906
0.08729680627584457
0.0839855521917343
0.08338350057601927
0.08157736063003539
0.08549066632986067
0.08217941224575041
0.07826610654592514
0.0794702023267746
0.07344973087310791
0.08097531646490097
0.08428657799959183
0.07645996659994125
0.08127634227275848
0.07405177503824234
0.08007224649190903
0.07736303657293318
0.06803130358457565
0.07736303657293318
0.06953642517328262
0.07284767925739288
0.0794702023267746
0.06321492791175842
0.06773028522729874
0.05900060385465621
0.06261288374662399
0.06652618944644928
0.05900060385465621
0.07224563509225845
0.04756170883774757
0.05568934231996536
0.062010835856199265
0.04846477881073952
0.0565924160182476
0.044250451028347015
0.05057194456458092
0.06231186166405678
0.0523780845105648
0.05478627234697342
0.040036123245954514
0.049066826701164246
0.05900060385465621
0.05930162593722344
0.06351595371961594
0.05809753015637398
0.06923539936542511
0.07405177503824234
0.06803130358457565
