0.9669387936592102
0.7706122398376464
0.5685714483261108
0.3436734676361084
0.127346932888031
0.12489795684814452
0.047755103558301926
0.03224489837884903
0.03510203957557678
0.008163264952600002
0.016326529905200005
0.04122449085116386
0.030204081907868385
0.03183673322200775
0.015102040953934193
0.033877551555633545
0.0424489788711071
0.019999999552965164
0.05714285746216773
0.04163265228271484
0.052653059363365166
0.07061224430799484
0.05714285746216773
0.09428571164608
0.08734694123268126
0.10530611872673035
0.1351020336151123
0.140816330909729
0.17428570985794067
0.1604081690311432
0.17632652819156647
0.19836734235286713
0.17673470079898834
0.1967346966266632
0.1542857140302658
0.16081632673740387
0.1485714316368103
0.11877550929784773
0.11714285612106325
0.09102040529251097
0.08204081654548645
0.08204081654548645
0.059183672070503235
0.07469388097524643
0.06734693795442581
0.07265306264162062
0.06857142597436905
0.04734693840146065
0.0657142847776413
0.062040816992521286
0.062040816992521286
0.06163265183568001
0.059183672070503235
0.06857142597436905
0.05714285746216773
0.0636734664440155
0.059183672070503235
0.04897959157824516
0.06326530873775482
0.040408164262771606
0.040408164262771606
0.059183672070503235
0.02530612237751484
0.04408163204789162
0.020408162847161293
0.05306122452020645
0.044897958636283875
0.014693877659738064
0.0502040833234787
0.029795918613672256
0.03795918449759483
0.04204081743955612
0.02204081602394581
0.04653061181306839
0.026530612260103226
0.048571430146694176
0.046938776969909675
0.029795918613672256
0.03918367251753807
0.014285714365541933
0.02816326543688774
0.03591836616396904
0.01551020424813032
0.044489797204732895
0.034285712987184525
0.04979591816663742
0.04938775673508644
0.03795918449759483
0.047755103558301926
0.03591836616396904
0.0636734664440155
0.040816325694322586
0.04734693840146065
0.04530612379312515
0.03346938639879227
0.04938775673508644
0.044897958636283875
0.02530612237751484
0.046938776969909675
0.023265305906534195
0.04530612379312515
0.047755103558301926
0.02448979578912258
0.04897959157824516
0.058775510638952255
0.11306122690439224
0.12204081565141676
0.11795918643474577
0.15306122601032257
0.11632653325796127
0.15714286267757416
0.13469387590885162
0.08408163487911224
0.08326530456542967
0.045714285224676125
0.04897959157824516
0.04367347061634064
0.028571428731083866
0.052653059363365166
0.011428571306169031
0.02122448943555355
0.0
0.07551020383834839
0.3987755179405213
0.8551020622253419
1.0
0.6461224555969238
0.46163263916969294
0.24367347359657288
0.1718367338180542
0.10489796102046967
0.0693877562880516
