1.0
0.7817281484603882
0.27632763981819153
0.218721866607666
0.10396039485931396
0.10441043972969057
0.17281727492809296
0.1503150314092636
0.17731773853302
0.1674167364835739
0.16606660187244415
0.18811881542205808
0.16921691596508026
0.18811881542205808
0.18226823210716248
0.17956796288490295
0.18316832184791565
0.1777677834033966
0.1908190846443176
0.18316832184791565
0.18001800775527954
0.184968501329422
0.17011700570583344
0.18991899490356445
0.1710170954465866
0.16201619803905487
0.16561655700206757
0.14176417887210843
0.14446444809436798
0.10846084356307983
0.08640863746404646
0.06255625933408737
0.02970297075808048
0.0274527445435524
0.008550855331122875
0.0
0.018001800402998924
0.026552654802799225
0.07110711187124252
0.09000900387763977
0.11161115765571594
0.1372637301683426
0.14041404426097867
0.18046805262565607
0.1678667813539505
0.16516651213169095
0.16606660187244415
0.1543654352426529
0.184968501329422
0.1840684115886688
0.1710170954465866
0.192619264125824
0.16606660187244415
0.2007200717926025
0.19531953334808347
0.19666966795921323
0.19486948847770688
0.18091809749603271
0.21062105894088745
0.20027002692222595
0.19441944360733032
0.19621962308883664
0.17956796288490295
0.2025202512741089
0.20027002692222595
0.1908190846443176
0.18991899490356445
0.17596760392189023
0.1984698474407196
0.19666966795921323
0.18136814236640927
0.19621962308883664
0.17956796288490295
0.2007200717926025
0.18811881542205808
0.1840684115886688
0.19441944360733032
0.16921691596508026
0.1917191743850708
0.19756975769996643
0.18226823210716248
0.18631863594055173
0.16291628777980804
0.19621962308883664
0.18361836671829224
0.18001800775527954
0.18811881542205808
0.17011700570583344
0.20297029614448547
0.21602159738540647
0.23537354171276087
0.26822683215141296
0.2569757103919983
0.2830783128738404
0.30018001794815063
0.2938793897628784
0.2938793897628784
0.26507651805877686
0.2524752616882324
0.21467146277427676
0.1818181872367859
0.1638163775205612
0.14446444809436798
0.1683168262243271
0.15121512115001678
0.16156615316867828
0.15886588394641876
0.14581458270549774
0.14986498653888702
0.06705670803785324
0.05355535447597504
0.19216921925544736
0.64536452293396
0.9657965898513794
0.7371737360954285
0.30648064613342285
0.26732674241065973
0.1323132365942001
0.1399639993906021
0.1818181872367859
0.15886588394641876
0.16876687109470367
0.1570657044649124
0.17866787314414978
0.17506751418113708
0.1777677834033966
0.18901890516281128
0.17506751418113708
0.1845184564590454
0.19441944360733032
0.18721872568130493
0.1885688602924347
