0.9915682673454285
0.7504215836524963
0.14333894848823547
0.1526138335466385
0.0
0.09021922200918195
0.12647554278373718
0.18128162622451785
0.19139966368675232
0.2150084376335144
0.209949404001236
0.1880269795656204
0.1964586824178696
0.19983136653900144
0.209949404001236
0.18212479352951047
0.2015177011489868
0.1880269795656204
0.20320405066013336
0.22428330779075625
0.20741990208625796
0.2082630693912506
0.18381112813949585
0.19139966368675232
0.19730184972286224
0.18043844401836395
0.17622259259223935
0.1880269795656204
0.18381112813949585
0.1854974776506424
0.15008431673049927
0.1357504278421402
0.1585160195827484
0.13827992975711823
0.15092748403549194
0.14165261387825012
0.145025297999382
0.1720067411661148
0.19139966368675232
0.21669477224349973
0.26981449127197266
0.2748735249042511
0.307757169008255
0.31365936994552607
0.30354130268096924
0.34907251596450806
0.3288364112377167
0.34654301404953
0.3549747169017792
0.366779088973999
0.3482293486595154
0.33895447850227356
0.3634064197540283
0.3448566496372223
0.34991568326950073
0.3575042188167572
0.3549747169017792
0.3634064197540283
0.36509275436401367
0.381956160068512
0.36424958705902094
0.37774029374122614
0.366779088973999
0.3659359216690064
0.366779088973999
0.3608768880367279
0.36509275436401367
0.35328835248947144
0.3145025372505188
0.32715007662773127
0.2908937633037567
0.3119730055332184
0.3086003363132477
0.34064081311225886
0.3161888718605041
0.3119730055332184
0.3178752064704895
0.3119730055332184
0.3288364112377167
0.33895447850227356
0.3119730055332184
0.3145025372505188
0.3187183737754822
0.32040470838546753
0.3145025372505188
0.3440134823322296
0.33473861217498774
0.3549747169017792
0.3507588505744934
0.3448566496372223
0.3448566496372223
0.3507588505744934
0.3507588505744934
0.3448566496372223
0.36424958705902094
0.3482293486595154
0.34907251596450806
0.34317031502723694
0.34232714772224426
0.3414839804172516
0.3338954448699951
0.33558177947998047
0.34317031502723694
0.3288364112377167
0.33305227756500244
0.3372681140899658
0.33558177947998047
0.34569981694221497
0.3381113111972809
0.32715007662773127
0.34654301404953
0.3338954448699951
0.325463742017746
0.3338954448699951
0.3549747169017792
0.387015163898468
0.4333895444869995
0.4966273307800293
0.5354131460189819
0.597807765007019
0.7015177011489868
0.618043839931488
0.5733557939529419
0.49578413367271423
0.428330510854721
0.40219223499298096
0.3634064197540283
0.28583472967147827
0.26728498935699463
0.26981449127197266
0.2580101191997528
0.26897132396698
