1.0
0.3954869210720062
0.07284244149923325
0.003562945406883955
0.020585905760526657
0.029295329004526135
0.058986540883779526
0.06254948675632477
0.07125891000032425
0.07798891514539719
0.07442597299814224
0.08313538879156113
0.09184481203556061
0.0942201092839241
0.0965954065322876
0.08709421753883363
0.09778305888175964
0.10965953767299652
0.12034837901592255
0.13064132630825043
0.14449723064899445
0.15993665158748627
0.18131433427333832
0.1836896240711212
0.2102137804031372
0.23713380098342893
0.2695961892604828
0.28463974595069885
0.2961203455924988
0.31908154487609863
0.32304036617279047
0.32185274362564087
0.3258115649223328
0.3099762499332428
0.27830561995506287
0.2406967580318451
0.18883609771728516
0.1587490141391754
0.12707838416099548
0.11480601876974104
0.10095012187957764
0.09936659038066864
0.0894695147871971
0.08907363563776016
0.08234362304210663
0.07719714939594269
0.07600950449705125
0.08234362304210663
0.07798891514539719
0.07798891514539719
0.09936659038066864
0.09817893803119661
0.10055423527956008
0.08234362304210663
0.10649247467517851
0.10451306402683258
0.1191607266664505
0.12628662586212158
0.11005542427301405
0.12034837901592255
0.11480601876974104
0.10134600102901457
0.10926365852355956
0.10095012187957764
0.09224069863557816
0.08907363563776016
0.08076009154319763
0.0965954065322876
0.07442597299814224
0.08273950964212418
0.07284244149923325
0.07205067574977875
0.06492478400468825
0.0700712576508522
0.07561361789703369
0.09065716713666916
0.13103722035884857
0.15162311494350433
0.15201900899410248
0.1448931097984314
0.15201900899410248
0.13974663615226743
0.13103722035884857
0.10965953767299652
0.09817893803119661
0.08194774389266966
0.04354710876941681
0.04354710876941681
0.03840063512325287
0.03998416289687157
0.03285827487707138
0.042359460145235055
0.03840063512325287
0.03285827487707138
0.042359460145235055
0.04869358614087105
0.04433887451887131
0.045526523143053055
0.22882026433944705
0.3855898678302765
0.7216943502426147
0.9390340447425841
0.6421219110488892
0.21060965955257413
0.06057007238268852
0.0
0.019398258998990055
0.045526523143053055
0.054631829261779785
0.06730008125305176
0.07046714425086975
0.06611242890357971
0.07561361789703369
0.07640538364648819
0.0740300863981247
0.07878068089485168
0.0
0.0
0.0
0.0
0.0
0.0
0.0
0.0
0.0
0.0
0.0
0.0
0.0
0.0
0.0
0.0
