0.8647435903549193
0.3237179517745972
0.12628205120563507
0.0
0.032692309468984604
0.15000000596046448
0.16987179219722748
0.17820513248443604
0.18974359333515167
0.1794871836900711
0.20000000298023224
0.19935896992683408
0.21282051503658292
0.19615384936332703
0.23141025006771088
0.21153846383094788
0.22948718070983887
0.233974352478981
0.2371794879436493
0.2647435963153839
0.27051281929016113
0.3378205001354217
0.3583333194255829
0.3480769097805023
0.38717949390411377
0.4294871687889099
0.44038462638854975
0.48205128312110895
0.47756409645080566
0.5006410479545593
0.4749999940395355
0.45320513844490046
0.464102566242218
0.41538462042808527
0.389102578163147
0.36602562665939326
0.34487178921699524
0.3057692348957062
0.30192306637763977
0.2756410241127014
0.26025640964508057
0.27115383744239807
0.2628205120563507
0.2807692289352417
0.28846153616905207
0.26025640964508057
0.3006410300731659
0.28717949986457825
0.29487180709838867
0.3025641143321991
0.31217947602272034
0.3006410300731659
0.30705127120018005
0.29487180709838867
0.30320513248443604
0.2839743494987488
0.28846153616905207
0.285897433757782
0.2897436022758484
0.285897433757782
0.28653845191001887
0.28653845191001887
0.2756410241127014
0.29102563858032227
0.32307693362236023
0.34294870495796204
0.3653846085071564
0.3743589818477631
0.3705128133296967
0.3801282048225402
0.446153849363327
0.4166666567325592
0.36858972907066345
0.32307693362236023
0.2897436022758484
0.2769230902194977
0.2576923072338104
0.2730769217014313
0.25448718667030334
0.26217949390411377
0.27179488539695734
0.3461538553237915
0.42500001192092896
0.6519230604171753
1.0
0.35256409645080566
0.1737179458141327
0.09487179666757584
0.15448717772960663
0.25448718667030334
0.25
0.2557692229747772
0.27051281929016113
0.26730769872665405
0.2775641083717346
0.2564102709293365
0.26346153020858765
0.25833332538604736
0.2647435963153839
0.26987180113792414
0.2756410241127014
0.0
0.0
0.0
0.0
0.0
0.0
0.0
0.0
0.0
0.0
0.0
0.0
0.0
0.0
0.0
0.0
0.0
0.0
0.0
0.0
0.0
0.0
0.0
0.0
0.0
0.0
0.0
0.0
0.0
0.0
0.0
