1.0
0.7627564668655396
0.6612309217453003
0.6033666729927063
0.583377182483673
0.4834297597408295
0.49973699450492853
0.49342450499534607
0.470278799533844
0.4529195129871368
0.4502893090248108
0.4681746363639832
0.4723829627037048
0.4597580134868622
0.4834297597408295
0.4560757577419281
0.4687006771564484
0.450815349817276
0.4429247677326202
0.4487112164497376
0.41557076573371887
0.4318779706954956
0.39821147918701166
0.4008416533470154
0.3729616105556488
0.35139399766922
0.3682272434234619
0.3771699070930481
0.373487651348114
0.38663861155509943
0.37874802947044367
0.4297738075256348
0.44555497169494634
0.41767489910125727
0.4560757577419281
0.4408206343650818
0.46712255477905273
0.461862176656723
0.45449763536453247
0.4360862672328949
0.42188322544097906
0.4234613478183746
0.41977906227111816
0.41977906227111816
0.42872172594070435
0.4329300224781036
0.44555497169494634
0.42872172594070435
0.41504472494125366
0.4334560632705688
0.41557076573371887
0.4366123080253601
0.4492372572422028
0.44239872694015503
0.4302998483181
0.4234613478183746
0.4665965139865875
0.4560757577419281
0.450815349817276
0.4408206343650818
0.450815349817276
0.47816938161849976
0.46291425824165344
0.4502893090248108
0.4692267179489136
0.489742249250412
0.5539190173149109
0.5702261924743652
0.5591793656349182
0.6117832660675049
0.568648099899292
0.5765386819839478
0.5428721904754639
0.49552866816520685
0.4881641268730164
0.46501842141151434
0.4445028901100159
0.4318779706954956
0.4318779706954956
0.4229353070259094
0.4229353070259094
0.40820619463920593
0.18200947344303128
0.0
0.1825355142354965
0.7101525664329529
0.986849009990692
0.7290899753570557
0.6070489287376404
0.6459758281707764
0.5491846203804016
0.557601273059845
0.5139400362968445
0.5134139657020569
0.49289846420288086
0.49973699450492853
0.49342450499534607
0.4729090034961701
0.47816938161849976
0.4560757577419281
0.48027354478836054
0.4918463826179504
0.4744871258735657
0.47343504428863525
0.0
0.0
0.0
0.0
0.0
0.0
0.0
0.0
0.0
0.0
0.0
0.0
0.0
0.0
0.0
0.0
0.0
0.0
0.0
0.0
0.0
0.0
0.0
0.0
0.0
0.0
0.0
0.0
