1.0
0.4237918257713318
0.05669144913554192
0.0706319734454155
0.23884758353233335
0.2072490751743317
0.10130111873149872
0.07342007756233214
0.048327136784791946
0.06691449880599976
0.06970260292291641
0.05204461142420769
0.09107806533575058
0.08085501939058304
0.08828996121883392
0.11431226879358292
0.09386616945266724
0.13289962708950043
0.1282527893781662
0.1663568764925003
0.18959107995033264
0.178438663482666
0.2444237917661667
0.26672860980033875
0.30576208233833313
0.3605948090553284
0.4079925715923309
0.49442380666732794
0.5446096658706665
0.6384758353233337
0.7230483293533325
0.7881041169166565
0.8801115155220031
0.9014869928359984
0.8968401551246643
0.8271375298500061
0.6793680191040039
0.5334572196006775
0.395910769701004
0.26672860980033875
0.18401487171649927
0.11152416467666625
0.09665427356958387
0.0446096658706665
0.0446096658706665
0.05018587410449982
0.01858736015856266
0.04368029907345772
0.0074349441565573215
0.03624535351991653
0.040892194956541054
0.0
0.027881041169166565
0.017657993361353874
0.03159851208329201
0.03531598672270775
0.01672862470149994
0.0511152409017086
0.015799256041646004
0.03345724940299988
0.05297397822141647
0.010223048739135264
0.04646840319037437
0.03624535351991653
0.03903345763683319
0.04275092855095863
0.01301115285605192
0.04368029907345772
0.02509293705224991
0.02509293705224991
0.04275092855095863
0.00836431235074997
0.026022305712103844
0.010223048739135264
0.015799256041646004
0.0
0.0
0.0
0.0
0.0
0.0
0.0
0.0
0.0
0.0
0.0
0.0
0.0
0.0
0.0
0.0
0.0
0.0
0.0
0.0
0.0
0.0
0.0
0.0
0.0
0.0
0.0
0.0
0.0
0.0
0.0
0.0
0.0
0.0
0.0
0.0
0.0
0.0
0.0
0.0
0.0
0.0
0.0
0.0
0.0
0.0
0.0
0.0
0.0
0.0
0.0
0.0
0.0
0.0
0.0
0.0
0.0
