1.0
0.8101430535316467
0.25617685914039606
0.0
0.16775032877922058
0.18725617229938507
0.17295189201831815
0.2249674946069717
0.23146943747997284
0.1859557926654816
0.2548764646053314
0.21196359395980835
0.22106632590293884
0.241872563958168
0.25617685914039606
0.25617685914039606
0.2626788020133972
0.2808842658996582
0.24837450683116913
0.3289986848831177
0.3589076697826385
0.2938881516456604
0.3589076697826385
0.36020806431770325
0.40052014589309687
0.39271780848503113
0.4291287362575531
0.37321195006370544
0.42522758245468134
0.33159947395324707
0.3875162601470947
0.3654096126556397
0.3355006575584412
0.3914174139499664
0.33159947395324707
0.270481139421463
0.2847854495048523
0.3094928562641144
0.2938881516456604
0.2925877869129181
0.29648894071578974
0.2938881516456604
0.3003901243209839
0.32769832015037537
0.32769832015037537
0.368010401725769
0.3055916726589203
0.3094928562641144
0.33159947395324707
0.4187256097793579
0.3966189920902252
0.3211963474750519
0.3407022058963776
0.3654096126556397
0.35630688071250916
0.36671000719070435
0.3185955882072449
0.3159947991371155
0.3797139227390289
0.35110533237457275
0.34590378403663635
0.3042912781238556
0.33159947395324707
0.3654096126556397
0.4278283417224884
0.495448648929596
0.5136541128158569
0.5227568149566649
0.5292587876319885
0.5123537182807921
0.4902470707893372
0.41092327237129206
0.41092327237129206
0.3003901243209839
0.29648894071578974
0.2639791965484619
0.241872563958168
0.252275675535202
0.2301690578460693
0.18465539813041687
0.21326397359371185
0.25617685914039606
0.18335500359535217
0.2925877869129181
0.3537061214447021
0.4330299198627472
0.6644993424415588
0.8816645145416259
0.9960988163948061
0.361508458852768
0.015604681335389614
0.23407022655010223
0.27698308229446406
0.241872563958168
0.2899869978427887
0.2730819284915924
0.3055916726589203
0.2782834768295288
0.35240572690963745
0.3224967420101166
0.3146944046020508
0.34460338950157166
0.3433029949665069
0.3146944046020508
0.0
0.0
0.0
0.0
0.0
0.0
0.0
0.0
0.0
0.0
0.0
0.0
0.0
0.0
0.0
0.0
0.0
0.0
0.0
0.0
0.0
0.0
0.0
0.0
0.0
0.0
0.0
0.0
