0.9418374300003053
1.0
0.8268340826034547
0.5247852206230164
0.392597496509552
0.29015201330184937
0.3086583018302917
0.31394580006599426
0.31725049018859863
0.31857237219810486
0.31262391805648804
0.3113020360469818
0.3265036344528198
0.3159286081790924
0.3502974212169647
0.3681427538394928
0.3793787062168121
0.3800396621227264
0.37541308999061584
0.3833443522453308
0.3873099684715271
0.384666234254837
0.3807005882263184
0.3985459208488464
0.411103755235672
0.4130865931510925
0.4296100437641144
0.4296100437641144
0.4705882370471954
0.46265697479248047
0.47389292716979986
0.4686054289340973
0.4699273109436035
0.4547257125377655
0.45869132876396174
0.4428288042545319
0.43159285187721247
0.40449437499046326
0.3939193785190582
0.35624587535858154
0.3496364951133728
0.34765365719795227
0.32253801822662354
0.3430270850658417
0.3350958228111267
0.33245208859443665
0.3251817524433136
0.34567084908485407
0.3403833508491516
0.34633180499076843
0.3450099229812622
0.3588896095752716
0.34633180499076843
0.35228022933006287
0.3430270850658417
0.3502974212169647
0.35558491945266724
0.35228022933006287
0.35095834732055664
0.3430270850658417
0.3192332983016968
0.3265036344528198
0.328486442565918
0.33707866072654724
0.3152676820755005
0.3304692804813385
0.33840054273605347
0.3238598704338074
0.3218770623207092
0.3152676820755005
0.32716456055641174
0.3106411099433899
0.33641770482063293
0.33179113268852234
0.33311301469802856
0.3397223949432373
0.320555180311203
0.32980832457542414
0.35558491945266724
0.3390614688396454
0.3390614688396454
0.3403833508491516
0.3430270850658417
0.343688040971756
0.33707866072654724
0.33377397060394287
0.33179113268852234
0.3443489670753479
0.3734302818775177
0.4230006635189056
0.47191011905670166
0.4884335696697235
0.5353602170944214
0.5346992611885071
0.4877726435661316
0.45869132876396174
0.3813615441322327
0.3450099229812622
0.3198942542076111
0.31196299195289606
0.3066754937171936
0.3000660836696625
0.28420355916023254
0.2385988086462021
0.08526106923818588
0.0
0.36417713761329645
0.8407137989997863
0.9669530987739563
0.842035710811615
0.609385311603546
0.46133509278297424
0.3291473984718323
0.31791144609451294
0.31394580006599426
0.32782551646232605
0.3106411099433899
0.31394580006599426
0.31857237219810486
0.2974223494529724
0.31791144609451294
0.3198942542076111
0.32716456055641174
0.3350958228111267
0.3258427083492279
0.3502974212169647
0.0
0.0
0.0
0.0
0.0
0.0
