0.9028077721595763
0.9006479382514954
0.8840892910957336
0.894888401031494
0.8279337882995604
0.8185744881629943
0.7746580243110656
0.727861762046814
0.700503945350647
0.6904247403144836
0.6745860576629639
0.6861051321029663
0.6817854642868042
0.6868250370025635
0.6810654997825624
0.7098631858825684
0.8466522693634033
1.0
0.8718502521514893
0.34125271439552307
0.035277176648378365
0.0
0.04607631266117096
0.16846652328968048
0.3520518243312836
0.3945284485816956
0.4773218035697937
0.49604031443595886
0.4542836546897888
0.5327574014663696
0.6630669832229614
0.6666666865348816
0.6882649660110474
0.70698344707489
0.7422606348991394
0.7422606348991394
0.7343412637710571
0.75665944814682
0.7206623554229736
0.7631389498710632
0.7717782855033873
0.7667386531829835
0.8070554137229918
0.7616990804672241
0.7732181549072266
0.7508999109268188
0.7206623554229736
0.7365010976791383
0.7062634825706482
0.6702663898468018
0.6637868881225586
0.6349892020225525
0.6551476120948792
0.6580273509025574
0.6349892020225525
0.5910727381706238
0.6004319787025452
0.0
0.0
0.0
0.0
0.0
0.0
0.0
0.0
0.0
0.0
0.0
0.0
0.0
0.0
0.0
0.0
0.0
0.0
0.0
0.0
0.0
0.0
0.0
0.0
0.0
0.0
0.0
0.0
0.0
0.0
0.0
0.0
0.0
0.0
0.0
0.0
0.0
0.0
0.0
0.0
0.0
0.0
0.0
0.0
0.0
0.0
0.0
0.0
0.0
0.0
0.0
0.0
0.0
0.0
0.0
0.0
0.0
0.0
0.0
0.0
0.0
0.0
0.0
0.0
0.0
0.0
0.0
0.0
0.0
0.0
0.0
0.0
0.0
0.0
0.0
