1.0
0.49202263355255127
0.1976325213909149
0.027792073786258698
0.08955223858356477
0.17035512626171112
0.16314977407455444
0.12454966455698012
0.1507977396249771
0.11888831853866576
0.12815234065055847
0.14307771623134613
0.1209469884634018
0.14822439849376678
0.13329902291297913
0.13484302163124084
0.13896037638187408
0.11477097123861311
0.1513124108314514
0.13329902291297913
0.14565105736255643
0.12918168306350708
0.09881626069545744
0.1296963393688202
0.10138960182666779
0.10396294295787813
0.09778692573308943
0.0761708691716194
0.11785898357629776
0.09675759077072144
0.10499227792024612
0.14822439849376678
0.12403500080108643
0.16675244271755219
0.1513124108314514
0.13793103396892548
0.13896037638187408
0.11888831853866576
0.14616572856903076
0.1209469884634018
0.13021101057529447
0.14770972728729248
0.14204837381839752
0.1775604784488678
0.14204837381839752
0.1343283653259277
0.15748842060565948
0.12763766944408417
0.15645907819271088
0.15491507947444916
0.14256304502487183
0.13690169155597687
0.11785898357629776
0.1507977396249771
0.1317550241947174
0.13329902291297913
0.11940298229455948
0.12454966455698012
0.14668038487434387
0.1410190463066101
0.13226968050003052
0.16314977407455444
0.1713844537734985
0.23211528360843656
0.17344312369823456
0.1888831704854965
0.1878538280725479
0.18425115942955017
0.2223365902900696
0.1878538280725479
0.16160576045513153
0.15337108075618744
0.13587236404418945
0.1713844537734985
0.09984560310840607
0.11528564244508745
0.13484302163124084
0.12918168306350708
0.1317550241947174
0.1600617617368698
0.4194544553756714
0.6196603178977966
0.8692743182182312
0.34997427463531494
0.25836336612701416
0.0
0.018013380467891693
0.08286155760288239
0.13690169155597687
0.09212557971477507
0.11013896018266676
0.11013896018266676
0.10910962522029875
0.1296963393688202
0.10396294295787813
0.11785898357629776
0.11168296635150908
0.09418424963951111
0.12352032959461212
0.0
0.0
0.0
0.0
0.0
0.0
0.0
0.0
0.0
0.0
0.0
0.0
0.0
0.0
0.0
0.0
0.0
0.0
0.0
0.0
0.0
0.0
0.0
0.0
0.0
0.0
0.0
0.0
0.0
0.0
0.0
0.0
0.0
