1.0
0.31128403544425964
0.09260700643062592
0.0
0.09649805724620819
0.14941634237766263
0.2778210043907165
0.2809338569641113
0.30817121267318726
0.31906613707542414
0.3151750862598419
0.329182893037796
0.34630349278450007
0.34863814711570734
0.3540855944156647
0.33151751756668085
0.36342412233352656
0.38132295012474066
0.3626459240913391
0.3766537010669708
0.37431907653808594
0.4124513566493988
0.41400778293609614
0.42023345828056335
0.4295719861984253
0.4303501844406128
0.46692606806755066
0.4575875401496887
0.5019454956054688
0.4996109008789063
0.5175096988677979
0.5642023086547852
0.5610895156860352
0.5673151612281799
0.5929961204528809
0.5875486135482788
0.5891050696372986
0.5968871712684631
0.5906614661216736
0.5463035106658936
0.5221790075302124
0.5066148042678833
0.46381321549415594
0.4482490420341492
0.4217898845672608
0.4210116863250733
0.40233463048934937
0.38677042722702026
0.3844358026981354
0.3665369749069214
0.36420232057571406
0.37509727478027344
0.37042802572250366
0.3665369749069214
0.35953307151794434
0.3517509698867798
0.37431907653808594
0.32451361417770386
0.3346303403377533
0.3361867666244507
0.34630349278450007
0.35953307151794434
0.3509727716445923
0.3346303403377533
0.3478599190711975
0.32607004046440125
0.34863814711570734
0.3501945436000824
0.4062256813049317
0.39377433061599726
0.4101167321205139
0.43268483877182007
0.4856031239032745
0.495719850063324
0.48326846957206726
0.4801556468009949
0.4428015649318695
0.4466926157474518
0.3968871533870697
0.35486382246017456
0.3182879388332367
0.33696499466896057
0.3151750862598419
0.29883268475532526
0.2980544865131378
0.29571983218193054
0.32295718789100647
0.3198443651199341
0.3198443651199341
0.29494163393974304
0.25992217659950256
0.3330739438533783
0.44357976317405695
0.4996109008789063
0.6793774366378784
0.964202344417572
0.5003890991210938
0.2435797601938248
0.034241244196891785
0.1424124538898468
0.19844357669353485
0.2894941568374634
0.32529184222221375
0.3354085683822632
0.34630349278450007
0.35875487327575684
0.3579766452312469
0.3727626502513885
0.373540848493576
0.3696497976779938
0.3883268535137177
0.39844357967376715
0.38988327980041504
0.407782107591629
0.4062256813049317
0.41400778293609614
0.4334630370140076
0.43735408782958973
0.4529182910919189
0.47392997145652765
0.0
0.0
0.0
0.0
0.0
0.0
0.0
0.0
0.0
0.0
0.0
0.0
