1.0
0.4185121953487396
0.44065871834754944
0.0
0.02782509848475456
0.15672913193702695
0.14139693975448608
0.1635434478521347
0.13798977434635162
0.1686541736125946
0.15956842899322507
0.13685406744480133
0.17206132411956787
0.16127200424671173
0.15502555668354034
0.16638273000717163
0.14196479320526123
0.1726291924715042
0.1555934101343155
0.17319704592227936
0.18114706873893735
0.15502555668354034
0.22089721262454984
0.23055082559585569
0.2651902437210083
0.27597954869270325
0.2918796241283417
0.3265190124511719
0.293015331029892
0.31345826387405396
0.2844974398612976
0.2509937584400177
0.2674616575241089
0.24417944252491
0.24645088613033292
0.2424758672714233
0.22714367508888245
0.24190801382064817
0.21465076506137848
0.22430437803268433
0.2072685956954956
0.2061328738927841
0.23225440084934235
0.21465076506137848
0.22316865622997284
0.21351504325866696
0.20499716699123385
0.23225440084934235
0.203293576836586
0.2163543403148651
0.223736509680748
0.19818285107612607
0.23055082559585569
0.21237933635711667
0.27370813488960266
0.2935831844806671
0.28109028935432434
0.3038046658039093
0.2538330554962158
0.252129465341568
0.23850084841251373
0.21237933635711667
0.2424758672714233
0.21408291161060333
0.20386144518852237
0.21067574620246887
0.16013628244400024
0.17944349348545074
0.15729698538780212
0.1726291924715042
0.2748438417911529
0.48665529489517206
0.7825099229812622
0.8949460387229918
0.4724588394165039
0.13231118023395538
0.0965360626578331
0.1652470231056213
0.15616127848625183
0.16127200424671173
0.16411130130290985
0.16581487655639648
0.1942078322172165
0.16297557950019836
0.18057921528816223
0.17660419642925262
0.16297557950019836
0.1942078322172165
0.174900621175766
0.18852923810482025
0.1942078322172165
0.1788756400346756
0.20272572338581085
0.18398636579513547
0.21010789275169367
0.22430437803268433
0.22827938199043277
0.27995458245277405
0.2816581428050995
0.3174332678318024
0.3214083015918732
0.29528677463531494
0.29812607169151306
0.26064735651016235
0.2651902437210083
0.2458830177783966
0.22998295724391937
0.25440090894699097
0.22827938199043277
0.2407722920179367
0.23509369790554047
0.23509369790554047
0.2680295407772064
0.23622941970825195
0.25156161189079285
0.25553661584854126
0.25440090894699097
0.2782509922981262
0.25667235255241394
0.2651902437210083
0.2646223604679108
0.26178306341171265
0.2754116952419281
0.2509937584400177
0.27200454473495483
0.2674616575241089
0.28506529331207275
0.3549119830131531
0.3174332678318024
0.33617264032363886
0.0
0.0
