0.9848389029502868
1.0
0.9955779910087584
0.9722046852111816
0.9380922317504883
0.8875553011894226
0.8363866209983826
0.792166769504547
0.743524968624115
0.7176247835159302
0.6904611587524414
0.6702463626861572
0.6614024043083191
0.6500315666198729
0.6342387795448303
0.6190776824951172
0.6096020340919496
0.611497163772583
0.5969677567481995
0.5994946360588074
0.5982311964035033
0.5963360667228699
0.6020214557647705
0.6032848954200745
0.5969677567481995
0.611497163772583
0.6329753398895264
0.6184459924697876
0.616550862789154
0.6190776824951172
0.621604561805725
0.6121288537979126
0.6058117747306824
0.6032848954200745
0.5950726270675659
0.5849652290344238
0.5900189280509949
0.5818067193031311
0.5957043766975403
0.5824384093284607
0.5767530202865601
0.5660138726234436
0.5672773122787476
0.5628553628921509
0.5559065341949463
0.5439040064811707
0.560328483581543
0.5596967935562134
0.5710675716400145
0.5761212706565857
0.5748578906059265
0.5685407519340515
0.5546430945396423
0.5565382242202759
0.571699321269989
0.5963360667228699
0.6702463626861572
0.6778268814086914
0.6771951913833617
0.6993051171302795
0.6696146726608276
0.639924168586731
0.6197094321250916
0.6386607885360718
0.6203411221504211
0.5767530202865601
0.5129501223564148
0.5097915530204773
0.5047378540039064
0.49273532629013056
0.5072646737098694
0.5091598033905029
0.5135818123817444
0.5660138726234436
0.6797220706939697
0.6392924785614014
0.5464308261871338
0.9121920466423034
0.5249526500701904
0.0
0.014529374428093432
0.19962097704410553
0.4895767569541931
0.5110549330711365
0.5874921083450316
0.617814302444458
0.6392924785614014
0.6601389646530151
0.0
0.0
0.0
0.0
0.0
0.0
0.0
0.0
0.0
0.0
0.0
0.0
0.0
0.0
0.0
0.0
0.0
0.0
0.0
0.0
0.0
0.0
0.0
0.0
0.0
0.0
0.0
0.0
0.0
0.0
0.0
0.0
0.0
0.0
0.0
0.0
0.0
0.0
0.0
0.0
0.0
0.0
0.0
0.0
