0.9005917310714722
0.8260354995727539
0.7136094570159912
0.6497041583061217
0.46627217531204224
0.29822486639022827
0.32899409532547
0.3479290008544922
0.3443787097930908
0.38816568255424494
0.32307693362236023
0.33136093616485596
0.35976332426071167
0.38224852085113525
0.42603549361228943
0.3337278068065644
0.36804732680320734
0.39408284425735474
0.3585798740386963
0.3810651004314423
0.34201183915138245
0.364497035741806
0.4094674587249756
0.3976331353187561
0.4650887548923493
0.3798816502094269
0.40828403830528254
0.471005916595459
0.4591715931892395
0.5242603421211243
0.44260355830192566
0.4899408221244812
0.4970414340496063
0.4923076927661896
0.5242603421211243
0.41538462042808527
0.4201183319091797
0.3964497148990631
0.3692307770252228
0.44852072000503534
0.3491124212741852
0.38224852085113525
0.39881655573844904
0.38224852085113525
0.4248520731925964
0.38343194127082814
0.3798816502094269
0.3952662646770477
0.3715976476669312
0.4213017821311951
0.3562130033969879
0.40355029702186573
0.411834329366684
0.39289939403533936
0.41301774978637695
0.3491124212741852
0.3857988119125366
0.3846153914928436
0.44142010807991033
0.48639053106307983
0.46272188425064087
0.4958579838275909
0.5798816680908203
0.5857987999916077
0.67100590467453
0.6177514791488647
0.6023668646812439
0.5431952476501465
0.41538462042808527
0.3964497148990631
0.3242603540420532
0.306508868932724
0.305325448513031
0.2674556076526642
0.3609467446804047
0.3041419982910156
0.2355029582977295
0.2887573838233948
0.222485214471817
0.2449704110622406
0.07573964446783066
0.0
0.08047337085008621
0.24260355532169345
0.7704141736030578
1.0
0.9301775097846986
0.692307710647583
0.7337278127670288
0.5455621480941772
0.36804732680320734
0.3159763216972351
0.3266272246837616
0.2556213140487671
0.305325448513031
0.2485207170248032
0.2863905429840088
0.3242603540420532
0.2887573838233948
0.34319525957107544
0.28047338128089905
0.305325448513031
0.305325448513031
0.0
0.0
0.0
0.0
0.0
0.0
0.0
0.0
0.0
0.0
0.0
0.0
0.0
0.0
0.0
0.0
0.0
0.0
0.0
0.0
0.0
0.0
0.0
0.0
0.0
0.0
0.0
0.0
0.0
