1.0
0.7401960492134094
0.4125817120075226
0.09395425021648408
0.0
0.1388888955116272
0.16993464529514313
0.17320261895656583
0.19117647409439087
0.1666666716337204
0.19526143372058868
0.1805555522441864
0.1756535917520523
0.19771242141723633
0.17320261895656583
0.2026143819093704
0.18300653994083405
0.20588235557079315
0.20669934153556824
0.19035947322845456
0.2124183028936386
0.2034313678741455
0.18382352590560916
0.2124183028936386
0.21078431606292725
0.2352941185235977
0.2352941185235977
0.24591502547264096
0.26062092185020447
0.25326797366142273
0.2957516312599182
0.30473855137825007
0.31699347496032715
0.3415032625198364
0.3251633942127228
0.35457515716552734
0.35947713255882263
0.361928105354309
0.36029410362243647
0.3480392098426819
0.33006536960601807
0.31535947322845453
0.29330065846443176
0.2785947620868683
0.2589869201183319
0.258169949054718
0.2401960790157318
0.25245097279548645
0.24673202633857727
0.22875817120075223
0.24754901230335236
0.21732026338577273
0.24673202633857727
0.25653594732284546
0.23447711765766144
0.2638888955116272
0.24509803950786593
0.2442810386419296
0.25245097279548645
0.23692810535430908
0.2589869201183319
0.24264705181121823
0.24673202633857727
0.23284313082695007
0.22467319667339325
0.2214052230119705
0.23366013169288635
0.22467319667339325
0.23937907814979556
0.22385621070861816
0.2312091439962387
0.227941170334816
0.21323528885841367
0.22467319667339325
0.2034313678741455
0.23937907814979556
0.22385621070861816
0.22385621070861816
0.22549019753932953
0.22303920984268188
0.254084974527359
0.2671568691730499
0.2875817120075226
0.33496731519699097
0.32107841968536377
0.35375815629959106
0.4093137383460999
0.41013070940971375
0.42973855137825007
0.38807189464569086
0.37663400173187256
0.31781044602394104
0.2728758156299591
0.25
0.21160130202770236
0.18954248726367953
0.1707516312599182
0.1805555522441864
0.1846405267715454
0.1348039209842682
0.1715686321258545
0.1617647111415863
0.1666666716337204
0.16993464529514313
0.30800652503967285
0.3872548937797546
0.723856210708618
0.963235318660736
0.7467319965362548
0.4084967374801636
0.10947712510824203
0.023692810907959935
0.14950980246067047
0.19035947322845456
0.1936274468898773
0.2075163424015045
0.20669934153556824
0.20915032923221588
0.20506535470485687
0.21323528885841367
0.21813724935054776
0.22957515716552732
0.2214052230119705
0.23692810535430908
0.19607843458652496
0.23856209218502045
0.0
0.0
0.0
0.0
0.0
0.0
