1.0
0.563182532787323
0.3416536748409271
0.34789392352104187
0.13104523718357086
0.08580343425273894
0.1045241802930832
0.0686427429318428
0.09984399378299712
0.09360374510288239
0.08424337208271025
0.12168486416339874
0.08424337208271025
0.12324492633342742
0.12012480199337004
0.14040561020374298
0.1965678632259369
0.16692668199539185
0.2168486714363098
0.22776910662651065
0.24336972832679749
0.3354134261608124
0.3135725557804108
0.37753510475158686
0.3931357264518738
0.4134165346622467
0.4664586484432221
0.4414976537227631
0.48673945665359497
0.4414976537227631
0.4165366590023041
0.4243369698524475
0.3307332396507263
0.3463338613510132
0.29485177993774414
0.28861153125762934
0.3182527422904968
0.2761310338973999
0.3338533639907837
0.3182527422904968
0.3244929909706116
0.3447737991809845
0.31513261795043945
0.3463338613510132
0.332293301820755
0.30265212059021
0.32137286663055414
0.2527301013469696
0.2917316555976868
0.29485177993774414
0.2636505365371704
0.285491406917572
0.23712947964668277
0.26833072304725647
0.23556941747665405
0.22932916879653928
0.26833072304725647
0.1981279253959656
0.24492979049682617
0.2168486714363098
0.2199687957763672
0.23400935530662537
0.15600624680519104
0.2745709717273712
0.3650546073913574
0.4570982754230499
0.5163806676864624
0.491419643163681
0.6115444898605347
0.5444617867469788
0.570982813835144
0.6739469766616821
0.5865834355354309
0.5553821921348572
0.3385335505008697
0.19032761454582212
0.13572542369365692
0.04836193472146988
0.08424337208271025
0.07020280510187149
0.08892355859279633
0.2199687957763672
0.014040561392903328
0.31513261795043945
0.6599063873291016
0.7441497445106505
0.3244929909706116
0.27145084738731384
0.23712947964668277
0.042121686041355126
0.028081122785806652
0.05460218340158463
0.03120124712586403
0.08424337208271025
0.049921996891498566
0.037441495805978775
0.04680187255144119
0.0
0.059282369911670685
0.04836193472146988
0.07176286727190018
0.1029641181230545
0.09828393161296844
0.16536661982536316
0.17628705501556396
0.1981279253959656
0.24024960398674008
0.23556941747665405
0.30577224493026733
0.31669268012046814
0.3307332396507263
0.3790951669216156
0.37753510475158686
0.4227769076824188
0.3681747317314148
0.32605305314064026
0.3088923692703247
0.230889230966568
0.24960997700691223
0.1825273036956787
0.1950078010559082
0.20748829841613767
0.15600624680519104
0.21840873360633847
0.18564742803573608
0.1965678632259369
0.19968798756599423
0.16068643331527707
0.205928236246109
0.1700468063354492
0.16536661982536316
0.18408736586570737
