1.0
0.8452174067497252
0.7486956715583801
0.6373913288116455
0.5678260922431946
0.4904347956180573
0.40260869264602656
0.36695653200149536
0.3243478238582611
0.29391303658485407
0.25913044810295105
0.25217390060424805
0.25913044810295105
0.2269565165042877
0.18956521153450007
0.21913044154644007
0.19130434095859528
0.1121739149093628
0.11652173846960068
0.09913043677806854
0.08347826451063155
0.1156521737575531
0.2321739196777344
0.33826085925102234
0.41043478250503534
0.48347824811935425
0.4843478202819824
0.47913044691085815
0.45217391848564154
0.4321739077568054
0.417391300201416
0.40695652365684504
0.3573912978172302
0.35652172565460205
0.34173911809921265
0.37913042306900013
0.29739129543304443
0.2782608568668365
0.2365217357873917
0.26869565248489374
0.22521738708019257
0.4086956381797791
0.3643478155136108
0.16347825527191162
0.0
0.21913044154644007
0.8104347586631776
0.9634782671928404
0.852173924446106
0.6860869526863098
0.6365217566490173
0.5330435037612915
0.4930434823036194
0.37304347753524786
0.2904347777366638
0.26695650815963745
0.24434782564640045
0.2243478298187256
0.20000000298023224
0.19826087355613708
0.20608696341514587
0.18782608211040497
0.1417391300201416
0.10695651918649672
0.0
0.0
0.0
0.0
0.0
0.0
0.0
0.0
0.0
0.0
0.0
0.0
0.0
0.0
0.0
0.0
0.0
0.0
0.0
0.0
0.0
0.0
0.0
0.0
0.0
0.0
0.0
0.0
0.0
0.0
0.0
0.0
0.0
0.0
0.0
0.0
0.0
0.0
0.0
0.0
0.0
0.0
0.0
0.0
0.0
0.0
0.0
0.0
0.0
0.0
0.0
0.0
0.0
0.0
0.0
0.0
0.0
0.0
0.0
0.0
0.0
0.0
0.0
0.0
0.0
0.0
0.0
0.0
