0.9992163181304932
0.630094051361084
0.6253918409347534
0.818965494632721
0.8542319536209105
0.6896551847457886
0.6426331996917725
0.667711615562439
0.6159874796867371
0.6794670820236206
0.6622257232666016
0.6786834001541138
0.7170846462249756
0.7084639668464661
0.7641065716743469
0.773510992527008
0.746865212917328
0.7844827771186829
0.7445141077041627
0.7868338823318481
0.8150470256805421
0.8048589229583741
0.7985893487930298
0.7594043612480164
0.8126959204673766
0.777429461479187
0.6982758641242981
0.7311912178993225
0.6857366561889648
0.6967084407806396
0.67476487159729
0.6637930870056152
0.7045454382896423
0.6371473073959352
0.6716300845146179
0.6755486130714417
0.6246081590652466
0.6520376205444336
0.6512539386749268
0.6661441922187805
0.6449843049049377
0.6653605103492737
0.7076802253723145
0.6285266280174255
0.6457680463790894
0.6865203976631165
0.6888715028762816
0.6684952974319458
0.6316614151000977
0.6857366561889648
0.6700627207756041
0.6152037382125854
0.6763322949409485
0.6324451565742493
0.6528213024139404
0.6285266280174255
0.6159874796867371
0.6810345053672792
0.6457680463790894
0.7648902535438538
0.7343260049819945
0.7115987539291382
0.8228840231895447
0.7594043612480164
0.695141077041626
0.6645768284797668
0.6222570538520813
0.6293103694915771
0.554858922958374
0.6034482717514038
0.5485893487930298
0.5188087821006775
0.5768024921417236
0.5054858922958374
0.5329153537750244
0.5595611333847046
0.5133228898048401
0.5838558077812195
0.4992162883281708
0.5611284971237184
0.5525078177452089
0.4757053256034851
0.25
0.0
0.5540752410888672
1.0
0.6167711615562439
0.5658307075500488
0.8173981308937072
0.8307210206985474
0.695141077041626
0.6583071947097777
0.6426331996917725
0.0
0.0
0.0
0.0
0.0
0.0
0.0
0.0
0.0
0.0
0.0
0.0
0.0
0.0
0.0
0.0
0.0
0.0
0.0
0.0
0.0
0.0
0.0
0.0
0.0
0.0
0.0
0.0
0.0
0.0
0.0
0.0
0.0
0.0
0.0
0.0
0.0
0.0
0.0
