1.0
0.5744349360466003
0.34762275218963623
0.2455183118581772
0.24941542744636533
0.38737335801124567
0.3936087191104889
0.33047544956207275
0.37490257620811457
0.34684333205223083
0.3803585469722748
0.36944660544395447
0.33437255024909973
0.39516758918762207
0.3546375632286072
0.4029618203639984
0.4318004548549652
0.42946219444274897
0.4349181652069092
0.4084177613258362
0.48713952302932734
0.4816835522651672
0.486360102891922
0.5479345321655273
0.5549493432044983
0.5931410789489746
0.6336711049079895
0.6188620328903198
0.7147310972213745
0.6679657101631165
0.7334372401237487
0.697583794593811
0.6445829868316649
0.705377995967865
0.6305533647537231
0.677318811416626
0.6282151341438292
0.5572876334190369
0.6126266717910768
0.516757607460022
0.590802788734436
0.5604053139686584
0.5557287335395813
0.5853468179702759
0.56352299451828
0.6500389575958252
0.6336711049079895
0.5658612847328186
0.5993764400482178
0.5198752880096436
0.6250974535942078
0.5549493432044983
0.5050662755966187
0.5853468179702759
0.5113016366958617
0.5557287335395813
0.5190958976745604
0.5190958976745604
0.5689789652824402
0.4894777834415436
0.5806702971458435
0.5830085873603821
0.5736554861068726
0.677318811416626
0.6017147302627563
0.7381138205528259
0.6617303490638733
0.6071707010269165
0.6165237426757812
0.5198752880096436
0.5448168516159058
0.45050662755966187
0.4528448879718781
0.4380358457565308
0.3117692768573761
0.3764614164829254
0.3538581430912018
0.3109898567199707
0.36321121454238886
0.2821512222290039
0.3515198826789856
0.28916600346565247
0.27825409173965454
0.2992985248565674
0.22603273391723633
0.18004676699638367
0.08885424584150313
0.13873733580112457
0.5268900990486145
0.7685112953186035
0.8215121030807494
0.45128604769706726
0.2821512222290039
0.11223694682121275
0.0
0.14029617607593536
0.17147311568260193
0.18160560727119443
0.20498831570148468
0.2439594715833664
0.3016367852687836
0.28994545340538025
0.2860483229160309
0.3242400586605072
0.26188620924949646
0.33047544956207275
0.25175368785858154
0.27747467160224915
0.29228371381759644
0.0
0.0
0.0
0.0
0.0
0.0
0.0
0.0
0.0
0.0
0.0
0.0
0.0
0.0
0.0
0.0
0.0
0.0
0.0
0.0
0.0
0.0
0.0
