1.0
0.9864382743835448
0.597430408000946
0.36473947763442993
0.35546037554740906
0.37544611096382147
0.3997144997119904
0.37544611096382147
0.3683083653450012
0.3633119165897369
0.34832262992858887
0.35546037554740906
0.3319057822227478
0.35117772221565247
0.31977158784866333
0.3211991488933563
0.35403284430503845
0.3311920166015625
0.3361884355545044
0.31977158784866333
0.3297644555568695
0.3383297622203827
0.3247680366039276
0.3333333432674408
0.3576017022132873
0.3476088643074036
0.36473947763442993
0.3533190488815308
0.38758030533790583
0.3790149986743927
0.36402568221092224
0.35546037554740906
0.3319057822227478
0.3261955678462982
0.2847965657711029
0.2962169945240021
0.27908638119697565
0.22412562370300287
0.229122057557106
0.21341899037361145
0.25339043140411377
0.24839399755001068
0.21556031703948972
0.26695218682289124
0.24482512474060056
0.26124197244644165
0.2876516878604889
0.2541041970252991
0.26623839139938354
0.26766595244407654
0.27194860577583313
0.2833690345287323
0.2512491047382355
0.2805139124393463
0.2862241268157959
0.25981441140174866
0.26552462577819824
0.25553175806999207
0.25339043140411377
0.2690935134887696
0.30620986223220825
0.2776588201522827
0.2541041970252991
0.2819414734840393
0.25981441140174866
0.28551036119461054
0.27623125910758967
0.2548179924488068
0.26481086015701294
0.25267666578292847
0.26695218682289124
0.26124197244644165
0.2541041970252991
0.279800146818161
0.2541041970252991
0.25838688015937805
0.2805139124393463
0.2512491047382355
0.2847965657711029
0.2548179924488068
0.26552462577819824
0.2712348401546478
0.2305496037006378
0.25267666578292847
0.2184154242277145
0.2441113442182541
0.31763026118278503
0.30192720890045166
0.3654532432556152
0.3654532432556152
0.417558878660202
0.45681655406951904
0.46038544178009033
0.4689507484436035
0.44825124740600586
0.42398285865783686
0.3968593776226044
0.2940756678581238
0.27194860577583313
0.22840827703475952
0.2212705165147781
0.27480369806289673
0.17773018777370453
0.044254105538129807
0.0
0.2847965657711029
0.5531762838363647
0.7173447608947754
0.873661696910858
0.9407566189765929
0.5745895504951477
0.36902213096618647
0.30478230118751526
0.30763739347457886
0.30763739347457886
0.3269093632698059
0.3247680366039276
0.2969307601451874
0.2969307601451874
0.2940756678581238
0.3083511888980865
0.2969307601451874
0.27623125910758967
0.0
0.0
0.0
0.0
0.0
0.0
0.0
0.0
0.0
