1.0
0.9641148447990416
0.9234449863433837
0.8540669679641724
0.7559808492660521
0.6447368264198303
0.5789473652839661
0.46052631735801697
0.490430623292923
0.41267943382263184
0.429425835609436
0.41985645890235906
0.4342105388641357
0.43899521231651306
0.3887559771537781
0.4270334839820862
0.4354066848754882
0.4270334839820862
0.4449760913848877
0.41626793146133423
0.410287082195282
0.41148325800895685
0.4461722373962402
0.4473684132099152
0.40071770548820496
0.44976076483726496
0.43181818723678583
0.3971291780471802
0.4688995182514191
0.5119616985321045
0.5466507077217102
0.5502392053604126
0.5765550136566162
0.6507176756858826
0.589712917804718
0.5083732008934021
0.4629186689853668
0.470095694065094
0.4545454680919647
0.40550237894058233
0.40191388130187994
0.4031100571155548
0.40071770548820496
0.40550237894058233
0.4090909063816071
0.3851674497127533
0.31937798857688904
0.2739234566688537
0.3313397169113159
0.5011961460113524
0.9258373379707336
0.8995215296745299
0.42583730816841125
0.11244019120931624
0.0
0.2165071815252304
0.2834928333759308
0.3528708219528198
0.4569377899169922
0.4425837397575378
0.45215311646461487
0.42583730816841125
0.42583730816841125
0.5095694065093994
0.5071770548820496
0.5454545617103577
0.5203348994255066
0.46531099081039434
0.5478469133377075
0.5657894611358643
0.5837320685386658
0.6160287261009216
0.5933014154434204
0.6172248721122742
0.6614832282066345
0.7344497442245483
0.8050239086151123
0.8516746163368225
0.9162679314613342
0.9306219816207885
0.0
0.0
0.0
0.0
0.0
0.0
0.0
0.0
0.0
0.0
0.0
0.0
0.0
0.0
0.0
0.0
0.0
0.0
0.0
0.0
0.0
0.0
0.0
0.0
0.0
0.0
0.0
0.0
0.0
0.0
0.0
0.0
0.0
0.0
0.0
0.0
0.0
0.0
0.0
0.0
0.0
0.0
0.0
0.0
0.0
0.0
0.0
0.0
0.0
0.0
0.0
0.0
