0.9198830127716064
0.8391813039779662
0.5842105150222777
0.32456141710281367
0.2438596487045288
0.15614035725593567
0.10818713158369064
0.08362573385238646
0.0760233923792839
0.08362573385238646
0.06959064304828644
0.08304093778133392
0.09824561327695847
0.10292397439479828
0.09005848318338394
0.0964912250638008
0.1087719276547432
0.11169590801000596
0.1304093599319458
0.13216374814510343
0.14269006252288818
0.15906432271003723
0.17660818994045255
0.19649122655391693
0.22807016968727112
0.25906431674957275
0.28596490621566767
0.3263157904148102
0.3678362667560577
0.4035087823867798
0.4339181184768677
0.4631578922271729
0.48362573981285095
0.476023405790329
0.4602339267730713
0.39766082167625433
0.35321637988090515
0.3040935695171356
0.2532163858413696
0.21052631735801697
0.183625727891922
0.16140350699424744
0.15263158082962036
0.15497076511383057
0.1520467847585678
0.14561402797698975
0.14210526645183563
0.13684210181236267
0.1304093599319458
0.14269006252288818
0.1450292468070984
0.14152047038078308
0.13567250967025757
0.13859649002552032
0.14678362011909485
0.14035087823867795
0.13742689788341522
0.1485380083322525
0.14678362011909485
0.1497076004743576
0.14561402797698975
0.14152047038078308
0.14678362011909485
0.14210526645183563
0.1473684161901474
0.13859649002552032
0.14152047038078308
0.1280701756477356
0.13742689788341522
0.13625730574131012
0.13391812145709991
0.13450291752815247
0.13333334028720856
0.13625730574131012
0.132748544216156
0.13567250967025757
0.13216374814510343
0.1304093599319458
0.12514619529247284
0.1280701756477356
0.12514619529247284
0.13742689788341522
0.1602339148521423
0.17836257815361023
0.18011696636676788
0.2070175409317017
0.22397661209106445
0.2456140369176865
0.24093566834926605
0.2485380172729492
0.26783624291419983
0.27134501934051514
0.205263152718544
0.17251461744308472
0.14678362011909485
0.1111111119389534
0.10760233551263808
0.10058479756116868
0.0941520482301712
0.08070175349712372
0.0
0.045614033937454224
0.2081871330738068
0.37134504318237294
0.7023391723632812
1.0
0.9257310032844543
0.6602339148521423
0.35380116105079645
0.26900583505630493
0.1900584846735001
0.13333334028720856
0.1122807040810585
0.1122807040810585
0.11169590801000596
0.10292397439479828
0.1087719276547432
0.10935672372579575
0.11695906519889832
0.12280701845884325
0.13099415600299835
0.12865497171878815
0.14912280440330505
0.15146198868751523
0.1625730991363525
0.1666666716337204
0.0
0.0
0.0
0.0
0.0
0.0
