0.9663865566253662
0.61654132604599
0.1419725716114044
0.0
0.1322423666715622
0.10039805620908736
0.09774436056613922
0.1039363145828247
0.05793896690011024
0.07607253640890121
0.07032286375761032
0.0712074339389801
0.10084033757448196
0.04909332096576691
0.06457319855690001
0.05263157933950424
0.04909332096576691
0.0716497153043747
0.03803626820445061
0.061919502913951874
0.0495356023311615
0.0712074339389801
0.1039363145828247
0.07739938050508499
0.1260504275560379
0.14153029024600983
0.1587793081998825
0.20654577016830444
0.1928350329399109
0.21450684964656827
0.19371959567070007
0.1928350329399109
0.20698805153369904
0.16674038767814636
0.18310482800006864
0.1866430789232254
0.18089340627193448
0.20566120743751523
0.16762495040893555
0.20168067514896393
0.1853162348270416
0.19239275157451627
0.21052631735801697
0.17868199944496155
0.2109685987234116
0.21760283410549164
0.23440955579280853
0.29057937860488886
0.25519680976867676
0.27244582772254944
0.26802298426628113
0.3020787239074707
0.31844317913055414
0.2100840359926224
0.21760283410549164
0.18133568763732913
0.1539141982793808
0.17425917088985443
0.12870411574840543
0.15568332374095917
0.1419725716114044
0.16850951313972473
0.17956656217575073
0.06899601966142654
0.0716497153043747
0.29942503571510315
0.573639988899231
1.0
0.634674906730652
0.1862007975578308
0.016364440321922302
0.131357803940773
0.15037593245506287
0.10570544004440308
0.1154356449842453
0.09907120466232301
0.0933215394616127
0.11676249653100967
0.09111012518405913
0.10659000277519226
0.0
0.0
0.0
0.0
0.0
0.0
0.0
0.0
0.0
0.0
0.0
0.0
0.0
0.0
0.0
0.0
0.0
0.0
0.0
0.0
0.0
0.0
0.0
0.0
0.0
0.0
0.0
0.0
0.0
0.0
0.0
0.0
0.0
0.0
0.0
0.0
0.0
0.0
0.0
0.0
0.0
0.0
0.0
0.0
0.0
0.0
0.0
0.0
0.0
0.0
0.0
0.0
