0.9120974540710448
0.8703220486640929
0.7302001714706419
0.6109660863876343
0.4917319416999817
0.3933855593204498
0.34464752674102783
0.2793733775615692
0.21671018004417417
0.21932114660739896
0.2045256793498993
0.17580504715442655
0.15752828121185303
0.12358572334051132
0.1383811980485916
0.073107048869133
0.02697998285293579
0.01653611846268177
0.03916449099779129
0.04960835352540016
0.14447344839572906
0.24456048011779785
0.2645778954029083
0.34725847840309143
0.35422107577323914
0.3968668282032013
0.3942558765411377
0.355091392993927
0.3307223618030548
0.3350739777088165
0.295039176940918
0.2750217616558075
0.30026111006736755
0.292428195476532
0.28546562790870667
0.2358572632074356
0.21758051216602323
0.1653611809015274
0.13489991426467896
0.1140121817588806
0.0365535244345665
0.08181027323007582
0.30026111006736755
0.3742384612560272
0.2845953106880188
0.0
0.23150566220283508
0.5604873895645142
0.9625761508941649
1.0
0.7310705184936523
0.6187989711761475
0.47867712378501887
0.3698868453502655
0.33420366048812866
0.28111401200294495
0.22019146382808685
0.0
0.0
0.0
0.0
0.0
0.0
0.0
0.0
0.0
0.0
0.0
0.0
0.0
0.0
0.0
0.0
0.0
0.0
0.0
0.0
0.0
0.0
0.0
0.0
0.0
0.0
0.0
0.0
0.0
0.0
0.0
0.0
0.0
0.0
0.0
0.0
0.0
0.0
0.0
0.0
0.0
0.0
0.0
0.0
0.0
0.0
0.0
0.0
0.0
0.0
0.0
0.0
0.0
0.0
0.0
0.0
0.0
0.0
0.0
0.0
0.0
0.0
0.0
0.0
0.0
0.0
0.0
0.0
0.0
0.0
0.0
0.0
0.0
0.0
0.0
