1.0
0.5670050978660583
0.40456852316856384
0.42385786771774286
0.37208122014999384
0.32487308979034424
0.2730964422225952
0.2736040651798248
0.2700507640838623
0.2807106673717499
0.2979695498943329
0.26598984003067017
0.29390862584114075
0.2817258834838867
0.29137057065963745
0.29695430397987366
0.2730964422225952
0.2959390878677368
0.27614212036132807
0.30253806710243225
0.3289340138435364
0.312182754278183
0.3269035518169403
0.3096446692943573
0.31065988540649414
0.29949238896369934
0.26802030205726624
0.29746192693710327
0.28274112939834595
0.2690355181694031
0.27969542145729065
0.2360406070947647
0.2335025370121002
0.22994923591613767
0.22131979465484616
0.22436548769474027
0.2035533040761948
0.22081218659877777
0.21218274533748624
0.26243653893470764
0.27106598019599915
0.21472081542015076
0.2700507640838623
0.2502537965774536
0.2274111658334732
0.24517767131328583
0.26345178484916687
0.25380709767341614
0.22588832676410675
0.2507614195346832
0.2609136998653412
0.17461928725242615
0.20964467525482175
0.23654823005199432
0.25329950451850886
0.21827411651611328
0.20101523399353027
0.22944162786006927
0.21116751432418823
0.23401014506816864
0.2355329990386963
0.21878172457218167
0.22233502566814425
0.19543147087097168
0.22994923591613767
0.23959390819072723
0.21776649355888367
0.24670051038265228
0.2162436544895172
0.21472081542015076
0.23451776802539823
0.20000000298023224
0.24060913920402527
0.22131979465484616
0.24365481734275815
0.2335025370121002
0.20203045010566711
0.2751269042491913
0.22385786473751068
0.2411167472600937
0.2360406070947647
0.20609137415885925
0.22944162786006927
0.24568527936935425
0.2502537965774536
0.23096446692943573
0.2152284234762192
0.26700508594512934
0.2583756446838379
0.30507615208625793
0.2786802053451538
0.27817258238792414
0.3045685291290283
0.29137057065963745
0.3045685291290283
0.32538071274757385
0.2817258834838867
0.25532993674278254
0.25482234358787537
0.24314720928668973
0.22335025668144223
0.20253807306289673
0.24517767131328583
0.2071066051721573
0.2360406070947647
0.22131979465484616
0.10456852614879608
0.0
0.15126903355121613
0.5583756566047668
0.9126903414726256
0.596446692943573
0.4020304679870605
0.3954314589500427
0.36954313516616816
0.2837563455104828
0.2446700483560562
0.2375634461641312
0.23197969794273376
0.25685280561447144
0.24771574139595032
0.24162437021732328
0.2604060769081116
0.2578680217266083
0.2664974629878998
0.2527918815612793
0.23451776802539823
0.2492385804653168
0.25736039876937866
0.27817258238792414
0.25989848375320435
0.2157360464334488
