0.9847368597984314
0.7368420958518982
0.4663157761096954
0.21210525929927823
0.13789473474025726
0.12894736230373383
0.13684210181236267
0.13263158500194547
0.1299999952316284
0.12578947842121124
0.12947368621826172
0.13947369158267975
0.12842105329036713
0.15052631497383115
0.1605263203382492
0.16789473593235016
0.1752631515264511
0.1810526251792908
0.18631578981876373
0.19368420541286469
0.21052631735801697
0.2342105209827423
0.22894737124443051
0.254736840724945
0.2668420970439911
0.2952631711959839
0.32421052455902094
0.3410526216030121
0.3657894730567932
0.37052631378173834
0.3857894837856293
0.3889473676681519
0.4089473783969879
0.3994736969470978
0.3947368562221527
0.3921052515506744
0.37421053647995
0.35473683476448054
0.33368420600891113
0.2905263304710388
0.26157894730567927
0.24052631855010984
0.22789473831653595
0.22105263173580167
0.20368421077728271
0.20210526883602145
0.1926315724849701
0.1889473646879196
0.19368420541286469
0.18421052396297452
0.18210525810718536
0.1752631515264511
0.1636842042207718
0.1631578952074051
0.1594736874103546
0.15368421375751495
0.1557894796133041
0.15263158082962036
0.15368421375751495
0.14000000059604645
0.13842105865478516
0.1347368359565735
0.13578946888446808
0.14105263352394104
0.12789474427700043
0.12631578743457794
0.11315789818763732
0.12421052902936935
0.13842105865478516
0.11999999731779099
0.11842105537652968
0.11526315659284592
0.10526315867900848
0.102631576359272
0.10526315867900848
0.10789473354816435
0.1331578940153122
0.14947368204593658
0.16842105984687805
0.1784210503101349
0.18789473176002505
0.19631579518318176
0.22263157367706296
0.22842104732990265
0.22736841440200803
0.18368421494960785
0.14000000059604645
0.12210526317358016
0.101578950881958
0.08105263113975525
0.06368421018123627
0.06105263158679008
0.05210526287555695
0.06789473444223404
0.05421052500605583
0.04842105135321617
0.05473684147000313
0.05421052500605583
0.04842105135321617
0.0
0.03842105343937874
0.10789473354816435
0.203157901763916
0.6968421339988708
1.0
0.7352631688117982
0.4636842012405396
0.1810526251792908
0.10578947514295578
0.09105262905359267
0.10736842453479765
0.1005263179540634
0.08105263113975525
0.09789473563432691
0.09578947722911833
0.10000000149011612
0.1021052598953247
0.10000000149011612
0.11473684012889862
0.10789473354816435
0.11368420720100401
0.1299999952316284
0.13631579279899597
0.1463157832622528
0.15157894790172577
0.16421052813529968
0.0
0.0
0.0
0.0
0.0
0.0
