0.9816849827766417
1.0
0.9963369965553284
0.9538461565971375
0.9347985386848447
0.8681318759918211
0.8388278484344481
0.7736263871192931
0.7252747416496276
0.6871795058250427
0.6329670548439026
0.6175824403762816
0.5926740169525145
0.5963370203971863
0.5860806107521057
0.593406617641449
0.5838828086853027
0.5948718190193176
0.5794872045516968
0.6000000238418579
0.6161172389984131
0.6102564334869385
0.6065934300422668
0.6109890341758728
0.6366300582885742
0.629304051399231
0.6373626589775084
0.627106249332428
0.622710645198822
0.6329670548439026
0.6139194369316101
0.622710645198822
0.6717948913574219
0.7172161340713501
0.7260073423385619
0.7304029464721679
0.7142857313156128
0.7128205299377441
0.7164835333824158
0.7025641202926636
0.7267399430274963
0.6652014851570128
0.6410256624221802
0.5838828086853027
0.5641025900840759
0.5465201735496521
0.5274725556373596
0.5311355590820312
0.5362637639045715
0.5472527742385864
0.5296703577041626
0.542124569416046
0.7413919568061828
0.7084249258041382
0.5941392183303833
0.7194139361381531
0.4769230782985687
0.0
0.09597069770097731
0.1941391974687576
0.31575092673301697
0.5172161459922792
0.5846154093742371
0.6102564334869385
0.0
0.0
0.0
0.0
0.0
0.0
0.0
0.0
0.0
0.0
0.0
0.0
0.0
0.0
0.0
0.0
0.0
0.0
0.0
0.0
0.0
0.0
0.0
0.0
0.0
0.0
0.0
0.0
0.0
0.0
0.0
0.0
0.0
0.0
0.0
0.0
0.0
0.0
0.0
0.0
0.0
0.0
0.0
0.0
0.0
0.0
0.0
0.0
0.0
0.0
0.0
0.0
0.0
0.0
0.0
0.0
0.0
0.0
0.0
0.0
0.0
0.0
0.0
0.0
0.0
0.0
0.0
0.0
