1.0
0.6143791079521179
0.2156862765550613
0.0
0.06753812730312347
0.13333334028720856
0.06187363713979721
0.08366013318300246
0.057952068746089935
0.05533768981695175
0.07581699639558792
0.05272331088781357
0.07363834232091902
0.06623093783855438
0.0631808266043663
0.07058823853731155
0.05533768981695175
0.07625272125005722
0.053594771772623055
0.05446623265743256
0.04923747107386589
0.05010893195867538
0.04488017410039902
0.03834422677755356
0.037472765892744064
0.05315904319286346
0.039215687662363045
0.07363834232091902
0.06971677392721176
0.09978213161230089
0.11459694802761076
0.10762527585029602
0.13725490868091583
0.1263616532087326
0.11416122317314148
0.15381263196468353
0.12026143819093704
0.13202615082263947
0.13638344407081604
0.11677560210227966
0.12374727427959442
0.0971677526831627
0.11633986979722977
0.11633986979722977
0.11851851642131804
0.12941177189350128
0.11633986979722977
0.1272331178188324
0.12069717049598692
0.12374727427959442
0.1437908560037613
0.1102396547794342
0.12984749674797058
0.11372549086809158
0.12200435996055604
0.12679739296436307
0.1106753796339035
0.12418300658464432
0.10675381124019621
0.1420479267835617
0.19651415944099423
0.16949890553951263
0.17037037014961243
0.1599128544330597
0.1729847490787506
0.1734204739332199
0.16949890553951263
0.16339869797229767
0.14509804546833038
0.13551197946071625
0.16209150850772855
0.10021786391735076
0.1102396547794342
0.0962962955236435
0.10762527585029602
0.09847494214773178
0.1093681901693344
0.32766884565353394
0.5159041285514832
1.0
0.7154684066772461
0.3986928164958954
0.05315904319286346
0.07320261746644972
0.09803921729326248
0.08496732264757155
0.07886710017919539
0.07015250623226166
0.0636165589094162
0.0631808266043663
0.07145969569683075
0.06710239499807358
0.07494553178548813
0.07407407462596893
0.05969499051570892
0.08976034820079803
0.05533768981695175
0.06187363713979721
0.05751634016633034
0.056209150701761246
0.05838780105113983
0.043572984635829926
0.07233115285634993
0.06753812730312347
0.08845315873622894
0.10239651054143904
0.0949891060590744
0.1289760321378708
0.13071896135807037
0.15468409657478333
0.14945533871650696
0.14684095978736875
0.15163399279117584
0.11808279156684875
0.13638344407081604
0.13856209814548492
0.11851851642131804
0.12679739296436307
0.11982570588588715
0.10631808638572691
0.11328975856304167
0.10283224284648897
0.1250544637441635
0.1084967330098152
0.1119825690984726
0.12331154942512512
0.11851851642131804
0.14553377032279968
0.11982570588588715
0.0
0.0
0.0
