0.9827486872673034
0.5192639231681824
0.2556066811084748
0.12995974719524384
0.12190914154052734
0.10293272137641905
0.0784933865070343
0.07188039273023605
0.06958021968603134
0.0655549168586731
0.06411731243133545
0.06354226917028427
0.0707303062081337
0.0681426078081131
0.06181713566184044
0.0759056955575943
0.07360552251338959
0.07561817020177841
0.0790684297680855
0.09028176963329315
0.10379528254270552
0.11012075841426848
0.13197240233421323
0.1541115641593933
0.17538815736770627
0.20356526970863345
0.2285796403884888
0.2538815438747406
0.25531914830207825
0.2455434203147888
0.22656698524951932
0.20500287413597104
0.17395055294036865
0.14836113154888153
0.1411730945110321
0.13456009328365323
0.12104658037424088
0.11443357914686204
0.11414606124162673
0.10523289442062377
0.10782058537006378
0.10235767811536788
0.10897067189216612
0.09976997971534728
0.10178263485431673
0.10810811072587966
0.09948246181011201
0.10149510949850082
0.10063254833221436
0.10897067189216612
0.10782058537006378
0.10552041232585906
0.10523289442062377
0.10408280789852142
0.10092006623744965
0.10638298094272612
0.09861989319324493
0.10092006623744965
0.10092006623744965
0.09286946803331377
0.10149510949850082
0.09229442477226256
0.08136860281229019
0.09085681289434433
0.09315698593854904
0.11644623428583144
0.14002300798892975
0.13801035284996033
0.13484761118888855
0.15928694605827332
0.15842437744140625
0.1569867730140686
0.1673375517129898
0.15267394483089447
0.1411730945110321
0.11845888197422028
0.10092006623744965
0.08539390563964844
0.07389304041862486
0.07015526294708252
0.07561817020177841
0.06843013316392899
0.06325474381446838
0.06756756454706192
0.06670500338077545
0.04600344970822334
0.0
0.13484761118888855
0.41748130321502686
0.676250696182251
1.0
0.7668200135231018
0.37636572122573847
0.180276021361351
0.13197240233421323
0.1334100067615509
0.09861989319324493
0.08970672637224197
0.08769407868385315
0.08050604164600371
0.0790684297680855
0.07101782411336899
0.0759056955575943
0.07820586860179901
0.07533065229654312
0.083381250500679
0.0839562937617302
0.08280620723962784
0.0
0.0
0.0
0.0
0.0
0.0
0.0
0.0
0.0
0.0
0.0
0.0
0.0
0.0
0.0
0.0
0.0
0.0
0.0
0.0
0.0
0.0
0.0
0.0
