1.0
0.6359854340553284
0.1794071793556213
0.06656266003847122
0.12220488488674164
0.1144045740365982
0.16068643331527707
0.15860635042190552
0.15808632969856262
0.13000519573688507
0.08840353786945343
0.07748310267925262
0.11908476054668427
0.12012480199337004
0.14144565165042877
0.09932397305965424
0.12428496778011322
0.15132606029510498
0.1482059210538864
0.13468538224697113
0.14456577599048615
0.16068643331527707
0.1622464954853058
0.16536661982536316
0.1830473244190216
0.19240769743919367
0.1846073865890503
0.250650018453598
0.24128964543342593
0.2672906816005707
0.29589182138443
0.2979719042778015
0.35049402713775635
0.3650546073913574
0.3385335505008697
0.36037442088127136
0.37129485607147217
0.3900156021118164
0.3442537784576416
0.32917317748069763
0.2990119457244873
0.28861153125762934
0.2329693138599396
0.24752989411354065
0.215808629989624
0.16484659910202026
0.15184608101844788
0.15808632969856262
0.171086847782135
0.1700468063354492
0.18044722080230713
0.17420697212219238
0.16796672344207764
0.14352573454380035
0.16900676488876343
0.17628705501556396
0.1482059210538864
0.14040561020374298
0.20176807045936584
0.13312532007694244
0.16328653693199155
0.17264690995216367
0.1487259417772293
0.17992720007896423
0.17680707573890686
0.1596463918685913
0.1596463918685913
0.16068643331527707
0.13000519573688507
0.12896515429019928
0.14144565165042877
0.1383255273103714
0.13260529935359955
0.13156525790691376
0.11960478127002716
0.1487259417772293
0.14404575526714325
0.125325009226799
0.16536661982536316
0.24752989411354065
0.24284970760345456
0.23920956254005432
0.23348933458328247
0.23660945892333984
0.23868954181671145
0.23608943819999692
0.21164846420288083
0.20748829841613767
0.19032761454582212
0.1383255273103714
0.10504420101642609
0.08788351714611053
0.05408216267824173
0.07332292944192886
0.06032241135835648
0.1045241802930832
0.09464378654956816
0.07176286727190018
0.08060322701930998
0.0228809155523777
0.0171606857329607
0.13260529935359955
0.39989599585533137
0.778991162776947
0.923556923866272
0.3811752498149872
0.0
0.06396255642175673
0.10660426318645476
0.09724389016628264
0.10556422173976898
0.09880395233631134
0.08216328918933868
0.11596463620662688
0.0915236622095108
0.07540301978588104
0.07800312340259552
0.1492459625005722
0.11232449114322662
0.12948517501354215
0.11752469837665556
0.1014040559530258
0.08580343425273894
0.14404575526714325
0.0
0.0
0.0
0.0
0.0
0.0
0.0
0.0
