0.9830278158187865
1.0
0.9667345285415648
0.9368635416030883
0.8927358984947203
0.8207739591598511
0.7739307284355164
0.7080787420272827
0.6524100303649902
0.6198235154151917
0.5994569063186646
0.5947046875953673
0.5716225504875183
0.5675492286682129
0.5702647566795349
0.5661914348602295
0.5648337006568909
0.5641548037528992
0.5587236881256104
0.5546503663063049
0.5478615164756775
0.5505770444869995
0.5173116326332092
0.5519348382949829
0.5668703317642212
0.5648337006568909
0.5675492286682129
0.5458248257637024
0.5553292632102966
0.539035975933075
0.5458248257637024
0.5492192506790161
0.5397148728370667
0.5139171481132507
0.510522723197937
0.5016972422599792
0.5173116326332092
0.510522723197937
0.5139171481132507
0.5308893322944641
0.5621181130409241
0.5845214128494263
0.5689069628715515
0.593346893787384
0.5790902972221376
0.5913102626800537
0.6849966049194336
0.6653088927268982
0.689069926738739
0.7182620763778688
0.7012898921966553
0.6571622490882874
0.606245756149292
0.5634759068489075
0.5247793793678284
0.4976238906383514
0.4677528738975525
0.46503734588623047
0.4616428911685944
0.459606260061264
0.4568907022476196
0.4602851271629333
0.46232178807258606
0.4867617189884186
0.5634759068489075
0.6306856870651245
0.8608282208442688
0.8635438084602357
0.38221317529678334
0.0
0.1894093751907349
0.2593346834182739
0.3387644290924072
0.42566192150115967
0.45281738042831426
0.45281738042831426
0.46843177080154413
0.4854039251804352
0.4962661266326904
0.0
0.0
0.0
0.0
0.0
0.0
0.0
0.0
0.0
0.0
0.0
0.0
0.0
0.0
0.0
0.0
0.0
0.0
0.0
0.0
0.0
0.0
0.0
0.0
0.0
0.0
0.0
0.0
0.0
0.0
0.0
0.0
0.0
0.0
0.0
0.0
0.0
0.0
0.0
0.0
0.0
0.0
0.0
0.0
0.0
0.0
0.0
0.0
0.0
0.0
0.0
0.0
0.0
