0.9843534231185912
0.8789691925048829
0.38610216975212097
0.1900598257780075
0.03267372399568558
0.0
0.06718821823596953
0.08283478766679764
0.07915324717760086
0.08053382486104965
0.0874367207288742
0.08375518023967744
0.0855959504842758
0.08881730586290358
0.09664058685302734
0.09618039429187775
0.10952600091695784
0.11182696372270584
0.09940174967050552
0.10676483809947968
0.10400368273258208
0.10768523067235947
0.10400368273258208
0.09526000916957857
0.10354349017143248
0.10768523067235947
0.09710077941417694
0.10308329761028288
0.0855959504842758
0.07823285460472107
0.06948918849229813
0.055223193019628525
0.06396686285734177
0.03497469052672386
0.0446387492120266
0.049240682274103165
0.06580764055252075
0.08835711330175398
0.09433962404727936
0.1173492893576622
0.1316152811050415
0.13667739927768707
0.15048320591449735
0.13759778439998627
0.1454210728406906
0.15094339847564697
0.1445006877183914
0.1481822431087494
0.1458812654018402
0.14173953235149384
0.13943856954574585
0.13897837698459625
0.15140359103679657
0.13253566622734067
0.14404049515724182
0.14081914722919464
0.14956282079219818
0.1633686125278473
0.13529682159423828
0.1477220505475998
0.15554532408714294
0.13529682159423828
0.14358030259609222
0.13759778439998627
0.13621720671653748
0.13897837698459625
0.12931431829929352
0.14173953235149384
0.12885412573814392
0.1458812654018402
0.13621720671653748
0.13667739927768707
0.14173953235149384
0.1316152811050415
0.13805797696113586
0.14265991747379303
0.12931431829929352
0.14265991747379303
0.13621720671653748
0.15416474640369415
0.13897837698459625
0.1334560513496399
0.1477220505475998
0.13667739927768707
0.144960880279541
0.14035895466804504
0.1445006877183914
0.1463414579629898
0.13253566622734067
0.14265991747379303
0.13989876210689545
0.1311550885438919
0.16428899765014648
0.15186378359794617
0.20708698034286496
0.231477215886116
0.2379199266433716
0.24988494813442233
0.26092958450317383
0.26553151011466974
0.27473539113998413
0.2531062960624695
0.24160146713256836
0.1923607885837555
0.15738610923290253
0.13529682159423828
0.1164288967847824
0.13253566622734067
0.1173492893576622
0.12241141498088837
0.1164288967847824
0.10032213479280472
0.024390242993831635
0.005062126088887453
0.20616659522056577
0.7229636311531066
1.0
0.7459732890129089
0.34330418705940247
0.2365393489599228
0.07869305461645126
0.05154164880514145
0.11458812654018402
0.10768523067235947
0.11412793397903442
0.11274735629558565
0.10630464553833008
0.12885412573814392
0.12655314803123474
0.12931431829929352
0.12471237778663637
0.12425218522548676
