1.0
0.9647058844566344
0.6063348650932312
0.3855203688144684
0.31447964906692505
0.2497737556695938
0.21900452673435208
0.204524889588356
0.197285071015358
0.19366516172885892
0.19502262771129608
0.1891402751207352
0.19095022976398468
0.19909502565860748
0.2049773782491684
0.21402715146541595
0.22036199271678925
0.23122172057628632
0.23981900513172147
0.24932126700878143
0.2624434530735016
0.2723982036113739
0.2823529541492462
0.30045250058174133
0.3049773871898651
0.323981910943985
0.32533937692642206
0.3375565707683563
0.34298643469810486
0.3262443542480469
0.3117647171020508
0.2660633623600006
0.2542986571788788
0.2289592772722244
0.2149321287870407
0.18733032047748563
0.1886877864599228
0.1882352977991104
0.1809954792261124
0.18325792253017423
0.18733032047748563
0.1805429905653
0.17918552458286283
0.18506787717342377
0.1805429905653
0.17692308127880096
0.17737556993961334
0.18280543386936188
0.17239819467067719
0.1719457060098648
0.17466063797473907
0.16651584208011627
0.16244344413280487
0.15656109154224396
0.1529411822557449
0.15656109154224396
0.14841629564762115
0.1429864317178726
0.1452488750219345
0.14660634100437164
0.17420814931392667
0.1882352977991104
0.21085973083972928
0.2375565618276596
0.2253393679857254
0.25158372521400446
0.23122172057628632
0.18461538851261136
0.15520362555980682
0.12805430591106415
0.1208144798874855
0.10316742211580276
0.09230769425630568
0.08190045505762099
0.05701357498764992
0.0
0.09638009220361708
0.3343891501426697
0.6190045475959778
0.9357466101646424
0.8529411554336547
0.5538461804389954
0.3095022737979889
0.23303167521953583
0.15113122761249542
0.122624434530735
0.0981900468468666
0.10090497881174088
0.09230769425630568
0.08642534166574478
0.08733031898736954
0.08461538702249528
0.08325792104005812
0.08914027363061905
0.0
0.0
0.0
0.0
0.0
0.0
0.0
0.0
0.0
0.0
0.0
0.0
0.0
0.0
0.0
0.0
0.0
0.0
0.0
0.0
0.0
0.0
0.0
0.0
0.0
0.0
0.0
0.0
0.0
0.0
0.0
0.0
0.0
0.0
0.0
0.0
0.0
0.0
