1.0
0.6822840571403505
0.42752560973167414
0.23645681142807007
0.16837482154369354
0.1478770077228546
0.14128842949867249
0.18081991374492645
0.14714494347572327
0.12664714455604553
0.1676427572965622
0.1354319155216217
0.16983895003795624
0.13030746579170227
0.13909223675727844
0.16983895003795624
0.11273792386054993
0.1522693932056427
0.11054173111915588
0.15153732895851135
0.16398243606090543
0.13030746579170227
0.15666179358959198
0.12884333729743955
0.14202049374580383
0.15959005057811737
0.12811127305030823
0.16032211482524872
0.14568081498146057
0.11420205235481262
0.14421668648719788
0.12518301606178284
0.15959005057811737
0.13909223675727844
0.1632503718137741
0.20058564841747284
0.21742312610149384
0.2467057108879089
0.21156661212444303
0.2467057108879089
0.26866763830184937
0.2306002974510193
0.24084919691085813
0.20717422664165497
0.21083454787731168
0.2445095181465149
0.21303074061870572
0.24377745389938357
0.21156661212444303
0.23572474718093872
0.2181551903486252
0.22767204046249387
0.23352855443954468
0.2232796549797058
0.20497803390026087
0.2122986763715744
0.2203513979911804
0.22181552648544312
0.18081991374492645
0.19765739142894745
0.20790629088878632
0.17789165675640106
0.19765739142894745
0.175695464015007
0.17496339976787567
0.16983895003795624
0.1398243010044098
0.15446558594703674
0.12664714455604553
0.14860907196998596
0.16105417907238007
0.09809663146734236
0.1537335216999054
0.13469985127449036
0.12079063057899476
0.1647145003080368
0.19692532718181607
0.21961933374404907
0.2379209399223328
0.3294290006160736
0.38945826888084406
0.3601756989955902
0.3645680844783783
0.33748170733451843
0.29282575845718384
0.2401171326637268
0.15666179358959198
0.15666179358959198
0.09882869571447372
0.09590043872594832
0.08491947501897812
0.04392386600375176
0.08199121803045274
0.13177159428596497
0.27159589529037476
0.48755490779876715
0.7320644259452819
0.9253294467926024
0.60322105884552
0.31771597266197205
0.17715959250926971
0.05636896193027496
0.060029283165931695
0.026354318484663963
0.038799412548542016
0.04099560901522637
0.01317715924233198
0.04831625148653984
0.026354318484663963
0.03587115556001663
0.028550513088703156
0.012445094995200634
0.05490483343601226
0.0
0.014641288667917252
0.026354318484663963
0.0
0.0
0.0
0.0
0.0
0.0
0.0
0.0
0.0
0.0
0.0
0.0
0.0
0.0
0.0
0.0
