1.0
0.4986571073532104
0.22381378710269928
0.0
0.178155779838562
0.3455684781074524
0.37779766321182245
0.39749327301979054
0.38943597674369806
0.4324082434177399
0.4404655396938324
0.43688452243804926
0.44673231244087214
0.4324082434177399
0.46463742852211
0.49239033460617065
0.477171003818512
0.4986571073532104
0.5004476308822632
0.5416293740272522
0.5631154775619507
0.5416293740272522
0.589077889919281
0.602506697177887
0.6633840799331665
0.6974037885665894
0.712623119354248
0.7493285536766051
0.7645478844642638
0.8325873017311096
0.8701879978179932
0.8827216029167174
0.879140555858612
0.8361682891845702
0.808415412902832
0.7439570426940918
0.6401074528694153
0.5801253318786621
0.5147716999053955
0.5174574851989746
0.5004476308822632
0.47269472479820246
0.4547896087169647
0.42076992988586426
0.4431512951850891
0.4601611495018005
0.44673231244087214
0.4538943469524384
0.43688452243804926
0.4440465569496154
0.4655326902866364
0.4538943469524384
0.4440465569496154
0.4341987371444702
0.4431512951850891
0.4547896087169647
0.44583705067634577
0.4440465569496154
0.41987466812133784
0.44583705067634577
0.4494180977344513
0.439570277929306
0.439570277929306
0.4216651618480682
0.5013428926467896
0.5470008850097656
0.5577439665794373
0.5568487048149109
0.5765443444252014
0.5532676577568054
0.4986571073532104
0.48254251480102534
0.45926588773727417
0.4341987371444702
0.4341987371444702
0.43061771988868713
0.4189794063568115
0.40913161635398865
0.3939122557640076
0.4288272261619568
0.4279319643974304
0.37511190772056574
0.3339301645755768
0.39480751752853394
0.63025963306427
0.9883616566658019
0.6911369562149048
0.24529990553855896
0.053715307265520096
0.1871083229780197
0.356311559677124
0.4145031273365021
0.4243509471416473
0.4404655396938324
0.46732318401336664
0.4709042012691498
0.45837062597274786
0.46821844577789307
0.4574753940105438
0.5058191418647766
0.5058191418647766
0.4986571073532104
0.0
0.0
0.0
0.0
0.0
0.0
0.0
0.0
0.0
0.0
0.0
0.0
0.0
0.0
0.0
0.0
0.0
0.0
0.0
0.0
0.0
0.0
0.0
0.0
0.0
0.0
0.0
0.0
0.0
0.0
