0.992681324481964
0.7757817506790161
0.21922820806503293
0.09447771310806273
0.0861610099673271
0.043579507619142525
0.026946106925606728
0.011976048350334167
0.010978044010698795
0.009980039671063423
0.017631404101848602
0.008649367839097977
0.006986028049141169
0.007984031923115253
0.007651363965123891
0.0
0.0063206921331584445
0.005322687793523073
0.011310711503028868
0.011310711503028868
0.02361942827701569
0.01896207593381405
0.016966067254543304
0.022621423006057736
0.03359946608543396
0.03692614659667015
0.03892215713858605
0.0385894887149334
0.04457751289010048
0.057218894362449646
0.04823685809969903
0.06919494271278381
0.05156353861093521
0.06487026065587997
0.07651364058256149
0.06220891699194908
0.071856290102005
0.06586826592683792
0.08316700160503387
0.08848968893289566
0.09846972674131392
0.1274118423461914
0.11876247823238371
0.1091151013970375
0.10146374255418776
0.08782435208559036
0.08150365948677064
0.06520292907953262
0.06487026065587997
0.06187624856829643
0.056220892816782
0.05988023802638054
0.05755156278610229
0.05289421230554581
0.06719893217086792
0.06520292907953262
0.07152362167835236
0.06520292907953262
0.06919494271278381
0.07085828483104706
0.05888223648071289
0.07618097215890883
0.06287425011396408
0.06187624856829643
0.05156353861093521
0.053226880729198456
0.06919494271278381
0.053892213851213455
0.05156353861093521
0.05655356124043465
0.047238856554031365
0.05655356124043465
0.05555555596947669
0.049900200217962265
0.05056553706526756
0.049567531794309616
0.053559549152851105
0.05156353861093521
0.060212906450033195
0.053226880729198456
0.05189620703458785
0.06054557487368584
0.05123087018728256
0.05888223648071289
0.060878243297338486
0.04790419340133666
0.056886225938797
0.0522288754582405
0.04424484446644783
0.053892213851213455
0.04823685809969903
0.05954757332801818
0.05256154388189316
0.056220892816782
0.08183632791042326
0.06353958696126938
0.08349967002868652
0.08050565421581267
0.07984031736850737
0.10345974564552309
0.09813705831766129
0.10345974564552309
0.08117099106311798
0.08150365948677064
0.08715901523828505
0.07119095325469971
0.08117099106311798
0.05921490490436553
0.043579507619142525
0.053892213851213455
0.04923486337065697
0.056220892816782
0.04324683919548988
0.06320691853761673
0.0725216269493103
0.01796407252550125
0.047238856554031365
0.19427810609340668
0.5003326535224915
0.809048593044281
1.0
0.980039894580841
0.45542249083518976
0.17365269362926483
0.15369261801242828
0.11643379926681519
0.09813705831766129
0.07418496161699295
0.06852960586547852
0.06453759223222733
0.06719893217086792
0.071856290102005
