1.0
0.3037848472595215
0.06772908568382263
0.0
0.30179283022880554
0.4372510015964508
0.47310757637023926
0.48904383182525635
0.4970119595527649
0.5019920468330383
0.47709164023399353
0.525896430015564
0.5249003767967224
0.5468127727508545
0.538844645023346
0.5527888536453247
0.5348605513572693
0.5348605513572693
0.557768940925598
0.554780900478363
0.538844645023346
0.557768940925598
0.5607569813728333
0.56175297498703
0.5597609281539917
0.5786852836608887
0.5936254858970642
0.5946215391159058
0.5866534113883972
0.5717131495475769
0.5647410154342651
0.5308765172958374
0.4990039765834808
0.5049800872802734
0.4900398552417755
0.5119521617889404
0.5159362554550171
0.5517928004264832
0.5796812772750854
0.5637450218200684
0.5836653113365173
0.5697211027145386
0.5498008131980896
0.5507968068122864
0.5428286790847777
0.5587649345397949
0.5657370686531067
0.5507968068122864
0.5398406386375427
0.548804759979248
0.554780900478363
0.5717131495475769
0.5996015667915344
0.6025896668434143
0.5956175327301024
0.600597620010376
0.5946215391159058
0.6225099563598633
0.5956175327301024
0.6035856604576111
0.6195219159126282
0.6215139627456665
0.6254979968070984
0.6334661245346069
0.62649405002594
0.6404382586479187
0.6235059499740601
0.6254979968070984
0.6314740777015686
0.6274900436401367
0.6344621777534485
0.620517909526825
0.620517909526825
0.636454164981842
0.6344621777534485
0.6125497817993164
0.6225099563598633
0.636454164981842
0.6225099563598633
0.6145418286323547
0.6095617413520813
0.6324701309204102
0.6842629313468933
0.6962151527404785
0.7141434550285339
0.724103569984436
0.765936255455017
0.7649402618408203
0.7978087663650512
0.8316733241081237
0.8007968068122863
0.7221115827560426
0.6573705077171326
0.6195219159126282
0.5996015667915344
0.6065737009048462
0.5766932368278505
0.5776892304420471
0.5886453986167908
0.6523904204368591
0.39541831612586975
0.11752988398075104
0.5996015667915344
0.8027888536453246
0.2848605513572693
0.1932270973920822
0.21613545715808868
0.47908365726470953
0.5776892304420471
0.6145418286323547
0.5836653113365173
0.6065737009048462
0.6105577945709229
0.6424303054809569
0.6503984332084656
0.6434262990951538
0.6414342522621155
0.662350594997406
0.645418345928192
0.6693227291107178
0.6474103331565857
0.6862549781799316
0.6902390718460083
0.0
0.0
0.0
0.0
0.0
0.0
0.0
0.0
0.0
