0.9669688940048216
0.5945596098899841
0.06217616423964501
0.0
0.2603626847267151
0.4909326434135437
0.5712435245513916
0.5984455943107605
0.6139896512031555
0.5971502661705017
0.6301813721656799
0.606217622756958
0.6288859844207764
0.6431347131729126
0.6334196925163269
0.6373056769371033
0.640544056892395
0.6483160853385925
0.6612694263458252
0.6664507985115051
0.6988341808319092
0.6729274392127991
0.7033678889274597
0.6884714961051941
0.6794041395187378
0.7072538733482361
0.7111399173736572
0.7111399173736572
0.7266839146614074
0.7299222946166992
0.7234455943107605
0.722797930240631
0.7163212299346924
0.6832901835441588
0.6761658191680908
0.7169688940048218
0.6761658191680908
0.6891191601753235
0.674870491027832
0.6897668242454529
0.6949481964111328
0.659326434135437
0.6755181550979614
0.6761658191680908
0.6554403901100159
0.6696891188621521
0.6761658191680908
0.6677461266517639
0.6787564754486084
0.6502590775489807
0.6871761679649353
0.7111399173736572
0.7551813721656798
0.7882124185562133
0.8886010646820067
1.0
0.9915803074836731
0.9663212299346925
0.8788859844207764
0.816709816455841
0.7467616796493529
0.6606217622756958
0.6826424598693848
0.6606217622756958
0.647020697593689
0.6541450619697571
0.0
0.0
0.0
0.0
0.0
0.0
0.0
0.0
0.0
0.0
0.0
0.0
0.0
0.0
0.0
0.0
0.0
0.0
0.0
0.0
0.0
0.0
0.0
0.0
0.0
0.0
0.0
0.0
0.0
0.0
0.0
0.0
0.0
0.0
0.0
0.0
0.0
0.0
0.0
0.0
0.0
0.0
0.0
0.0
0.0
0.0
0.0
0.0
0.0
0.0
0.0
0.0
0.0
0.0
0.0
0.0
0.0
0.0
0.0
0.0
0.0
0.0
0.0
0.0
0.0
0.0
