0.9487338066101073
1.0
0.7486102581024171
0.3928350806236267
0.3625694811344146
0.40024706721305847
0.3020382821559906
0.2890673279762268
0.2828906774520874
0.27486103773117065
0.2909203171730041
0.2791846692562103
0.28721433877944946
0.2903026640415192
0.2890673279762268
0.2989499568939209
0.29709696769714355
0.3057442903518677
0.31439161300659174
0.3032736182212829
0.32242125272750854
0.30080297589302063
0.302655965089798
0.2983323037624359
0.30018529295921326
0.30697962641716003
0.2865966558456421
0.28721433877944946
0.29709696769714355
0.2909203171730041
0.30018529295921326
0.31933292746543884
0.32612723112106323
0.33292156457901
0.33292156457901
0.3341569006443024
0.3397158682346344
0.35021618008613586
0.3452748656272888
0.33353921771049494
0.34403952956199646
0.3341569006443024
0.34465718269348145
0.3403335511684418
0.3230389058589936
0.3137739300727844
0.3057442903518677
0.3057442903518677
0.2952439785003662
0.28412601351737976
0.2791846692562103
0.26868438720703125
0.2699196934700012
0.255713403224945
0.24150709807872767
0.2544780671596527
0.25015440583229065
0.24891908466815948
0.24830141663551328
0.24027177691459653
0.24088944494724276
0.250772088766098
0.2588017284870148
0.255713403224945
0.25386041402816767
0.23718345165252683
0.23162445425987244
0.24336010217666623
0.2649783790111542
0.2903026640415192
0.33539220690727234
0.3520691692829132
0.38727608323097223
0.3724521398544312
0.35948115587234497
0.3211859166622162
0.2915380001068115
0.29400864243507385
0.2674490511417389
0.27856701612472534
0.2699196934700012
0.1982705444097519
0.18653489649295807
0.17665225267410278
0.1729462593793869
0.17047560214996335
0.17665225267410278
0.17418159544467926
0.0722668319940567
0.08894379436969757
0.045089561492204666
0.0
0.32242125272750854
0.89746755361557
0.8777022957801818
0.528103768825531
0.24397777020931244
0.28165534138679504
0.27856701612472534
0.1537986397743225
0.14638665318489075
0.1414453387260437
0.1507103145122528
0.1445336639881134
0.1315626949071884
0.15503397583961487
0.1630636155605316
0.1575046330690384
0.1575046330690384
0.16738727688789368
0.17541691660881042
0.16924026608467102
0.0
0.0
0.0
0.0
0.0
0.0
0.0
0.0
0.0
0.0
0.0
0.0
0.0
0.0
0.0
0.0
0.0
0.0
0.0
0.0
