1.0
0.8300300240516663
0.41321322321891774
0.19519519805908203
0.3129129111766815
0.1783783733844757
0.13033032417297363
0.18378378450870517
0.14054054021835327
0.19339339435100555
0.14414414763450623
0.2132132202386856
0.20000000298023224
0.2012012004852295
0.2642642557621002
0.24204203486442563
0.2564564645290375
0.2726726830005646
0.25585585832595825
0.2966966927051544
0.2540540397167206
0.25105103850364685
0.2726726830005646
0.25045046210289
0.2570570707321167
0.2222222238779068
0.20720720291137693
0.23903903365135193
0.1975975930690765
0.23243242502212524
0.20000000298023224
0.22402402758598328
0.2456456422805786
0.2294294238090515
0.24504505097866056
0.23303303122520447
0.23603603243827817
0.23303303122520447
0.21921922266483304
0.24444444477558133
0.2162162214517593
0.18318317830562592
0.22522522509098047
0.2036036103963852
0.2888889014720917
0.30450451374053955
0.31171169877052307
0.35315313935279846
0.32072073221206665
0.28348347544670105
0.28168168663978577
0.2798798680305481
0.2594594657421112
0.26246246695518494
0.2642642557621002
0.22642642259597776
0.14654654264450073
0.143543541431427
0.13333334028720856
0.15675675868988037
0.16756756603717804
0.15615615248680115
0.08828828483819962
0.10150150209665298
0.0
0.016816817224025726
0.3879880011081696
0.964564561843872
0.9729729890823363
0.6828829050064087
0.22822822630405423
0.3003003001213074
0.3003003001213074
0.1507507562637329
0.19279278814792636
0.18318317830562592
0.17717717587947843
0.23663663864135745
0.19699700176715848
0.2474474459886551
0.24204203486442563
0.0
0.0
0.0
0.0
0.0
0.0
0.0
0.0
0.0
0.0
0.0
0.0
0.0
0.0
0.0
0.0
0.0
0.0
0.0
0.0
0.0
0.0
0.0
0.0
0.0
0.0
0.0
0.0
0.0
0.0
0.0
0.0
0.0
0.0
0.0
0.0
0.0
0.0
0.0
0.0
0.0
0.0
0.0
0.0
0.0
0.0
0.0
0.0
0.0
0.0
0.0
