1.0
0.6684948205947876
0.19744057953357697
0.04204753041267395
0.029250457882881165
0.07251676172018051
0.13528336584568024
0.1535649001598358
0.1578305959701538
0.1633150577545166
0.1706276684999466
0.1584399789571762
0.19683119654655457
0.18586227297782895
0.20658135414123532
0.19926874339580533
0.20231565833091733
0.2528945803642273
0.2199878096580505
0.2681291997432709
0.30103594064712524
0.30834856629371643
0.32358318567276
0.3479585647583008
0.3784277737140656
0.4125533103942871
0.4442413151264191
0.4747105538845062
0.48933577537536627
0.49847653508186335
0.48141378164291376
0.45581963658332814
0.4149908721446991
0.3503960967063904
0.28641071915626526
0.24070689082145688
0.2181596606969833
0.1779402792453766
0.13650213181972504
0.12736137211322784
0.13589274883270264
0.13589274883270264
0.14381474256515503
0.14442412555217743
0.14320535957813263
0.14929920434951782
0.13772089779376984
0.1578305959701538
0.1529555171728134
0.14137721061706543
0.14076782763004303
0.1529555171728134
0.13954906165599823
0.13345521688461304
0.12614259123802185
0.15051797032356262
0.11822059750556944
0.13954906165599823
0.13284581899642944
0.12370505928993224
0.13345521688461304
0.11822059750556944
0.13833028078079224
0.10542352497577669
0.12187690287828444
0.12370505928993224
0.14076782763004303
0.11151736974716187
0.11212675273418427
0.12126751989126204
0.12858013808727264
0.10115782916545868
0.12797075510025024
0.1730652004480362
0.2181596606969833
0.23156611621379847
0.24619135260581967
0.2742230296134949
0.29372334480285645
0.2663010358810425
0.23217549920082087
0.20780012011528012
0.1590493619441986
0.11090797930955885
0.12431444227695464
0.10359536856412888
0.09445460140705107
0.10237660259008408
0.09140767902135849
0.11822059750556944
0.11943936347961424
0.09689214080572128
0.10664229094982149
0.27483242750167847
0.39122486114501953
0.45703840255737294
0.7184643745422363
0.8927482962608337
0.3650213181972504
0.02071907371282577
0.0
0.04996953159570693
0.15051797032356262
0.1761121302843094
0.1761121302843094
0.1797684282064438
0.1748933643102646
0.19073735177516937
0.19500304758548737
0.20292504131793973
0.21389396488666532
0.23278488218784327
0.2583790421485901
0.24619135260581967
0.2632541060447693
0.27848872542381287
0.30103594064712524
0.3266301155090332
0.0
0.0
0.0
0.0
0.0
0.0
0.0
0.0
0.0
0.0
0.0
0.0
0.0
0.0
