1.0
0.6333084106445312
0.34540700912475586
0.07244212180376051
0.0
0.0705750584602356
0.149738609790802
0.16878266632556915
0.18409261107444763
0.17998506128787994
0.200522780418396
0.2046303153038025
0.2091112732887268
0.2147124707698822
0.20238983631134036
0.21396563947200772
0.2229275554418564
0.2188200205564499
0.22479462623596191
0.21732635796070096
0.22852875292301175
0.23375652730464933
0.23562359809875488
0.2528005838394165
0.25130695104599
0.26923078298568726
0.27744585275650024
0.2893950641155243
0.302091121673584
0.3151605725288391
0.34055265784263605
0.3693054616451264
0.39357730746269226
0.4241971671581268
0.4376400411128998
0.446601927280426
0.46601942181587214
0.4682599008083344
0.4749813377857208
0.4551904499530792
0.43166542053222656
0.4051530957221985
0.3633308410644531
0.3327109813690185
0.2849141061306
0.2684839367866516
0.2389843165874481
0.2229275554418564
0.21284539997577667
0.18857356905937195
0.18820014595985407
0.20238983631134036
0.19417475163936612
0.2031366676092148
0.19716206192970276
0.21135175228118896
0.20425690710544583
0.21545930206775665
0.2091112732887268
0.2120985835790634
0.22106049954891205
0.2169529497623444
0.2203136682510376
0.21135175228118896
0.20164301991462708
0.20425690710544583
0.21097834408283236
0.19828230142593384
0.1994025409221649
0.18969380855560303
0.20089618861675265
0.19753547012805936
0.20126959681510925
0.19380134344100952
0.1964152306318283
0.19753547012805936
0.19006721675395963
0.19006721675395963
0.18857356905937195
0.18185213208198547
0.18707990646362305
0.18894697725772855
0.18035846948623657
0.1855862587690353
0.17699776589870453
0.18185213208198547
0.18446601927280423
0.17737117409706116
0.18446601927280423
0.1848394274711609
0.1833457797765732
0.17998506128787994
0.17438386380672455
0.17849141359329224
0.16990290582180023
0.18707990646362305
0.18820014595985407
0.18110530078411105
0.19081403315067288
0.18707990646362305
0.19044062495231628
0.18259894847869876
0.18147870898246765
0.19118745625019076
0.18185213208198547
0.1893203854560852
0.18409261107444763
0.19006721675395963
0.19716206192970276
0.18857356905937195
0.20612397789955136
0.18446601927280423
0.1893203854560852
0.19417475163936612
0.185959666967392
0.1934279352426529
0.1964152306318283
0.191934272646904
0.19977594912052157
0.194548174738884
0.21060493588447568
0.23039582371711728
0.24159820377826688
0.24906647205352783
0.259522020816803
0.2781926691532135
0.2542942464351654
0.22479462623596191
0.22143390774726868
0.20089618861675265
0.19828230142593384
0.1867064982652664
