1.0
0.9024509787559507
0.6063725352287292
0.25980392098426813
0.2397058755159378
0.2151960730552673
0.136274516582489
0.084313727915287
0.07696078717708588
0.09705882519483566
0.0892156884074211
0.08627451211214066
0.09019608050584792
0.09166666865348817
0.10637255012989044
0.1200980395078659
0.10000000149011612
0.11862745136022568
0.10196078568696976
0.10245098173618317
0.10343137383460999
0.10000000149011612
0.07598039507865906
0.06372549384832382
0.05000000074505805
0.052450980991125114
0.06960784643888474
0.0941176488995552
0.09166666865348817
0.10637255012989044
0.12696078419685364
0.14460784196853635
0.13921569287776947
0.16127450764179227
0.13823530077934265
0.15931372344493863
0.1725490242242813
0.14803922176361084
0.1568627506494522
0.16225489974021912
0.16029411554336548
0.15980392694473267
0.16274510324001312
0.19019608199596405
0.1617647111415863
0.15196079015731812
0.18039216101169583
0.18529412150382996
0.2196078449487686
0.2269607782363892
0.2544117569923401
0.24754901230335236
0.249509796500206
0.1872549057006836
0.21323528885841367
0.19656862318515775
0.1818627417087555
0.1563725471496582
0.1715686321258545
0.14754901826381683
0.1049019619822502
0.08039215952157974
0.10245098173618317
0.10588235408067705
0.09852941334247588
0.07990196347236633
0.0
0.04901960864663124
0.03480392321944237
0.0789215713739395
0.37156862020492554
0.9063725471496582
0.8789215683937072
0.5975490212440491
0.2691176533699036
0.21029411256313324
0.2147058844566345
0.15000000596046448
0.0789215713739395
0.08529412001371382
0.08039215952157974
0.09950980544090272
0.09607843309640883
0.1039215698838234
0.12156862765550612
0.0
0.0
0.0
0.0
0.0
0.0
0.0
0.0
0.0
0.0
0.0
0.0
0.0
0.0
0.0
0.0
0.0
0.0
0.0
0.0
0.0
0.0
0.0
0.0
0.0
0.0
0.0
0.0
0.0
0.0
0.0
0.0
0.0
0.0
0.0
0.0
0.0
0.0
0.0
0.0
0.0
0.0
0.0
0.0
0.0
0.0
0.0
