1.0
0.9191394448280334
0.4918397665023804
0.2492581605911255
0.0897626131772995
0.08827893435955046
0.12017804384231567
0.15059347450733185
0.15281899273395538
0.15133531391620636
0.15801186859607697
0.13353115320205688
0.15801186859607697
0.14614243805408475
0.1483679562807083
0.1476261168718338
0.14317508041858673
0.15801186859607697
0.15875370800495148
0.15875370800495148
0.15578635036945343
0.1468842774629593
0.1787833869457245
0.16394658386707303
0.17581602931022644
0.16468842327594757
0.16246290504932404
0.19510385394096372
0.1802670657634735
0.19881305098533633
0.1869436204433441
0.1661721020936966
0.1854599416255951
0.14910979568958282
0.1275964379310608
0.09347181022167203
0.06083086133003234
0.05860534310340881
0.017804155126214027
0.007418397814035415
0.007418397814035415
0.002225519390776753
0.04154302552342415
0.05637982115149497
0.07715133577585219
0.07566765695810318
0.08234421163797377
0.1342729926109314
0.13278931379318237
0.1476261168718338
0.15281899273395538
0.1483679562807083
0.18397626280784607
0.17655786871910095
0.18471810221672055
0.1787833869457245
0.17804154753684995
0.20771513879299164
0.19510385394096372
0.1869436204433441
0.1787833869457245
0.16172106564044952
0.19065281748771667
0.1735905110836029
0.18323442339897156
0.17729970812797546
0.15875370800495148
0.18768545985221863
0.17507418990135193
0.1743323504924774
0.159495547413826
0.1468842774629593
0.18249258399009705
0.1661721020936966
0.1661721020936966
0.16839762032032013
0.1409495621919632
0.18471810221672055
0.15207715332508087
0.1669139415025711
0.15801186859607697
0.14391691982746124
0.1743323504924774
0.15652818977832794
0.1602373868227005
0.159495547413826
0.1468842774629593
0.1787833869457245
0.16543026268482208
0.1862017810344696
0.22774480283260343
0.22181008756160736
0.28486648201942444
0.3583086133003235
0.3531157374382019
0.3449555039405823
0.3375370800495148
0.3738872408866882
0.25964391231536865
0.18991097807884216
0.1409495621919632
0.0971810072660446
0.1350148320198059
0.11498516052961348
0.11127596348524092
0.11424332112073898
0.09347181022167203
0.13278931379318237
0.10089020431041716
0.0
0.12314540147781372
0.3672106862068176
0.9948071241378784
0.9413946866989136
0.4658753573894501
0.27151334285736084
0.09198813140392303
0.10756676644086836
0.12166172266006468
0.1290801167488098
0.12314540147781372
0.10459940880537032
0.14317508041858673
0.13204747438430786
0.13946586847305295
0.14317508041858673
0.11795252561569212
0.15356083214282987
0.14465875923633575
0.14317508041858673
0.1476261168718338
0.1350148320198059
