0.9477325081825256
0.42659491300582886
0.15757109224796295
0.0
0.007686395198106765
0.17448116838932037
0.22367410361766812
0.2344350516796112
0.27286702394485474
0.1837048381567001
0.2205995321273804
0.2244427353143692
0.21291314065456393
0.28132206201553345
0.24827055633068085
0.2621060609817505
0.31437355279922485
0.2744043171405792
0.32129132747650146
0.2920830249786377
0.35049962997436523
0.37048423290252686
0.3727901577949524
0.4504227638244629
0.4104534983634949
0.5026902556419373
0.564181387424469
0.5472713112831116
0.6518062949180603
0.6218293905258179
0.6479631066322327
0.6333589553833008
0.5703305006027222
0.5634127855300903
0.45196002721786493
0.41583397984504694
0.3712528944015503
0.3020753264427185
0.31206762790679926
0.2198309004306793
0.24135281145572665
0.2574942409992218
0.2221368104219437
0.29823213815689087
0.20522674918174744
0.20522674918174744
0.22982321679592127
0.20061491429805756
0.24673327803611755
0.18754804134368896
0.23827825486660004
0.2505764663219452
0.20676402747631076
0.2590315043926239
0.18216755986213684
0.2244427353143692
0.2305918484926224
0.18524211645126343
0.22905457019805908
0.16756340861320496
0.21752497553825376
0.198308989405632
0.17601844668388367
0.21368178725242612
0.1752498149871826
0.18524211645126343
0.1837048381567001
0.2767102122306824
0.3651037812232971
0.32129132747650146
0.34588778018951416
0.3528055250644684
0.29438892006874084
0.30130669474601746
0.21906225383281708
0.22905457019805908
0.21291314065456393
0.16064566373825073
0.218293622136116
0.15910838544368744
0.20522674918174744
0.20368947088718412
0.1752498149871826
0.23674096167087555
0.1783243715763092
0.2405841648578644
0.35818600654602045
0.2651806175708771
1.0
0.5426595211029053
0.11606456339359283
0.05149884521961212
0.057647962123155594
0.2405841648578644
0.23366640508174896
0.28823980689048767
0.24365872144699097
0.26133742928504944
0.31129899621009827
0.24289008975028992
0.29746347665786743
0.29823213815689087
0.28439661860466003
0.339738667011261
0.2790161371231079
0.0
0.0
0.0
0.0
0.0
0.0
0.0
0.0
0.0
0.0
0.0
0.0
0.0
0.0
0.0
0.0
0.0
0.0
0.0
0.0
0.0
0.0
0.0
0.0
0.0
0.0
0.0
