1.0
0.6115595698356628
0.28834354877471924
0.1453019082546234
0.08266063779592514
0.04811107367277145
0.04843396693468094
0.03293509781360626
0.04294478520751
0.03680981695652008
0.04036163911223412
0.03745560348033905
0.04197610542178153
0.030029060319066048
0.03874717652797698
0.0342266708612442
0.04617371782660484
0.038424283266067505
0.06038101390004159
0.05650629475712776
0.0813690647482872
0.1110752373933792
0.12948013842105863
0.16822731494903564
0.21407814323902127
0.25185662508010864
0.2906038165092468
0.3316112458705902
0.3293509781360626
0.2857604026794433
0.24443009495735168
0.21569260954856873
0.1837261915206909
0.1627381294965744
0.14820794761180875
0.1414271891117096
0.13367775082588196
0.13819825649261475
0.13884404301643372
0.12883435189723969
0.13012592494487762
0.13432353734970093
0.1178559884428978
0.1285114586353302
0.11624152213335036
0.1088149845600128
0.113335482776165
0.11236680299043655
0.11365837603807448
0.10074265301227568
0.09880529344081879
0.09945107996463776
0.09977397322654723
0.09751372039318083
0.10397158563137054
0.1004197597503662
0.0878269299864769
0.09396190196275712
0.10784630477428436
0.08621246367692947
0.1026800125837326
0.12237649410963058
0.14562480151653287
0.16144655644893646
0.17177914083003995
0.19954794645309448
0.19276718795299527
0.21246367692947388
0.15918630361557007
0.16790442168712616
0.15531158447265625
0.12334517389535904
0.08685825020074844
0.07943170517683029
0.08007749170064926
0.06457862257957457
0.08524378389120102
0.07200516760349274
0.06716176867485046
0.057152081280946725
0.06587019562721252
0.04455925151705742
0.0942847952246666
0.33742332458496094
0.5699063539505005
0.7507265210151672
0.9212141036987304
0.9722312092781066
0.5834679007530212
0.2973845601081848
0.13012592494487762
0.0642557293176651
0.04972553998231888
0.029060380533337597
0.018727801740169525
0.011624152772128582
0.0025831449311226606
0.008718114346265793
0.0
0.015175976790487766
0.0006457862327806652
0.006780755706131457
0.013561511412262917
0.0138844046741724
0.0
0.0
0.0
0.0
0.0
0.0
0.0
0.0
0.0
0.0
0.0
0.0
0.0
0.0
0.0
0.0
0.0
0.0
0.0
0.0
0.0
0.0
0.0
0.0
0.0
0.0
0.0
0.0
