1.0
0.773299753665924
0.3914357721805573
0.1909319907426834
0.2156171351671219
0.17581863701343536
0.057934507727622986
0.06750629842281342
0.08261964470148087
0.0639798492193222
0.07455919682979582
0.05843828618526459
0.04987405613064766
0.0931989923119545
0.10125944763422012
0.06700251996517181
0.0634760707616806
0.07858941704034805
0.09269521385431288
0.0937027707695961
0.08513853698968886
0.05843828618526459
0.051385391503572464
0.06801007688045502
0.05944584310054779
0.057934507727622986
0.05037783458828926
0.07758186757564545
0.10025189071893692
0.08614609390497206
0.08010075241327284
0.11788412928581236
0.10680101066827774
0.1294710338115692
0.14659950137138367
0.1274559199810028
0.14105793833732605
0.1219143569469452
0.13753148913383484
0.13602015376091003
0.17682619392871857
0.13551637530326843
0.13350126147270203
0.13551637530326843
0.12090680003166197
0.1581863909959793
0.15012595057487488
0.17481108009815216
0.188916876912117
0.20604534447193143
0.2826196551322937
0.2488664984703064
0.20000000298023224
0.20906801521778104
0.23022669553756717
0.2171284705400467
0.19395466148853305
0.18589420616626737
0.13501259684562683
0.11536523699760436
0.10478589683771132
0.09974811226129533
0.08261964470148087
0.07405541837215422
0.09672544151544571
0.0
0.06649874150753021
0.06700251996517181
0.07103274762630463
0.35415616631507874
0.9284634590148925
0.9279596805572509
0.6942065358161926
0.3410579264163971
0.21964734792709353
0.20705290138721463
0.11738035082817076
0.08161208778619766
0.08715365082025528
0.07204030454158783
0.07002519071102142
0.056926950812339776
0.07002519071102142
0.09118387848138808
0.07607053220272064
0.0
0.0
0.0
0.0
0.0
0.0
0.0
0.0
0.0
0.0
0.0
0.0
0.0
0.0
0.0
0.0
0.0
0.0
0.0
0.0
0.0
0.0
0.0
0.0
0.0
0.0
0.0
0.0
0.0
0.0
0.0
0.0
0.0
0.0
0.0
0.0
0.0
0.0
0.0
0.0
0.0
0.0
0.0
0.0
0.0
0.0
0.0
