0.8952959179878234
1.0
0.6105210185050964
0.32169952988624567
0.0
0.047546789050102234
0.14112290740013123
0.20283257961273196
0.3434496819972992
0.39251390099525446
0.39251390099525446
0.4253920018672943
0.42842692136764526
0.4157814979553223
0.42083966732025146
0.46889224648475647
0.4658573567867279
0.44865959882736206
0.4699038863182068
0.4845725893974304
0.4982296526432037
0.4977238178253174
0.525543749332428
0.5280728340148926
0.5169448852539064
0.5103692412376404
0.5285786390304564
0.49165400862693787
0.48912492394447327
0.4552352130413056
0.4339908957481384
0.4248861968517304
0.4046535193920136
0.414769858121872
0.3940313458442688
0.39807790517807007
0.414769858121872
0.42083966732025146
0.3945371806621552
0.4456246793270111
0.4607991874217987
0.4592817425727844
0.45017704367637634
0.4294385313987732
0.4552352130413056
0.48204350471496576
0.5058168768882751
0.5477997064590454
0.5594334602355957
0.5943348407745361
0.6100151538848877
0.5907941460609436
0.639352560043335
0.5933232307434082
0.5432473421096802
0.45725846290588373
0.4734446108341217
0.42286291718482966
0.414769858121872
0.3737986981868744
0.36671724915504456
0.3323217034339905
0.3576125502586365
0.3485078513622284
0.3515427410602569
0.3414264023303985
0.34901365637779236
0.2979261577129364
0.33282750844955444
0.3474962115287781
0.4567526578903198
0.7389984726905823
0.9382903575897216
0.588770866394043
0.2701062262058258
0.03338391333818436
0.03034901432693005
0.07991907000541687
0.14871016144752502
0.263024777173996
0.2969145178794861
0.30601921677589417
0.3297926187515259
0.3515427410602569
0.31664139032363886
0.3282751739025116
0.3727870583534241
0.33636823296546936
0.3631765246391296
0.3485078513622284
0.3646939694881439
0.3748103082180023
0.3839150369167328
0.4092058539390564
0.4011127948760986
0.38290339708328247
0.40768840909004206
0.39200809597969055
0.3798684775829315
0.37126961350440973
0.35558927059173584
0.33181586861610407
0.2827516496181488
0.3171471953392029
0.2852807343006134
0.2933737933635712
0.3029843270778656
0.3029843270778656
0.3323217034339905
0.3515427410602569
0.3646939694881439
0.3566009104251861
0.35558927059173584
0.39706626534461975
0.33839151263237
0.3702579736709594
0.42185127735137934
0.4552352130413056
0.4764795005321503
0.4987354576587677
0.525037944316864
0.5098634362220764
0.513404130935669
0.5407182574272156
0.4951947331428528
0.4542235732078552
0.4087000489234924
0.3737986981868744
0.36671724915504456
0.3222053647041321
0.28578653931617737
0.3237228095531464
