0.971204161643982
0.6034031510353088
0.13154450058937073
0.000654450268484652
0.1246727779507637
0.1776832491159439
0.2967931926250458
0.37729057669639593
0.4420811533927917
0.4515706896781921
0.4607329964637756
0.45942407846450806
0.4666230380535126
0.4643324613571167
0.4705497324466705
0.46825915575027466
0.47087696194648737
0.47513088583946234
0.4803664982318878
0.48527488112449646
0.49541884660720825
0.5029450058937073
0.5160340070724487
0.525850772857666
0.5353403091430664
0.5451570749282837
0.5546466112136841
0.5605366230010985
0.5615183115005493
0.548429310321808
0.5376309156417847
0.5232329964637756
0.5186518430709839
0.5101439952850342
0.5052356123924255
0.5078533887863159
0.5055628418922424
0.4986911118030548
0.5003272294998169
0.49672773480415344
0.49901831150054926
0.5
0.4996727705001831
0.49901831150054926
0.49705496430397034
0.4964005351066589
0.49770942330360407
0.518324613571167
0.5395942330360413
0.5461387634277344
0.5445026159286499
0.5317408442497252
0.5071989297866821
0.4820026159286499
0.4515706896781921
0.46400523185729986
0.4872382283210754
0.4842931926250458
0.4918193817138672
0.4914921522140503
0.48691099882125854
0.47774869203567505
0.47643980383872986
0.47382199764251703
0.474149227142334
0.47774869203567505
0.4790575802326202
0.5533376932144165
0.7126963138580321
0.7784686088562012
0.7601439952850341
1.0
0.6924083828926086
0.2221858650445938
0.0
0.09064136445522307
0.19371727108955383
0.2686518430709839
0.37074607610702515
0.44633507728576655
0.46564134955406183
0.4744764268398285
0.4731675386428833
0.47087696194648737
0.46956807374954224
0.0
0.0
0.0
0.0
0.0
0.0
0.0
0.0
0.0
0.0
0.0
0.0
0.0
0.0
0.0
0.0
0.0
0.0
0.0
0.0
0.0
0.0
0.0
0.0
0.0
0.0
0.0
0.0
0.0
0.0
0.0
0.0
0.0
0.0
0.0
0.0
0.0
0.0
0.0
0.0
0.0
0.0
0.0
0.0
0.0
0.0
0.0
