1.0
0.7231590747833253
0.154581218957901
0.10905002802610396
0.06211354583501816
0.03344575688242912
0.0146149517968297
0.01011804398149252
0.0
0.008150646463036537
0.006464305799454451
0.0120854414999485
0.016582349315285683
0.0129286115989089
0.003934795036911964
0.00927487388253212
0.01826868951320648
0.02276559919118881
0.01714446395635605
0.02023608796298504
0.03119730204343796
0.04356379806995392
0.048341765999794006
0.048622820526361465
0.06885890662670135
0.08263069391250609
0.08965711295604707
0.12450814992189407
0.13153457641601562
0.15430016815662384
0.1680719554424286
0.1880269795656204
0.2124789208173752
0.2068577855825424
0.22203485667705533
0.20039348304271695
0.18887014687061307
0.15907813608646393
0.13125351071357727
0.096683531999588
0.08178751915693283
0.06464305520057678
0.03344575688242912
0.03934794664382935
0.04468802735209465
0.036256324499845505
0.0342889279127121
0.032883644104003906
0.027262507006525997
0.0275435633957386
0.027824619784951207
0.03232152760028839
0.04356379806995392
0.04609331116080284
0.04946599155664444
0.046936482191085815
0.032883644104003906
0.0430016852915287
0.05705452337861061
0.061270374804735184
0.05255761742591858
0.05733558163046837
0.06661045551300049
0.06829679757356644
0.053681842982769006
0.0497470498085022
0.05677346885204315
0.04721753671765328
0.051152333617210395
0.05817875266075134
0.05143338814377785
0.04665542393922806
0.05958403646945953
0.03991006314754486
0.05733558163046837
0.05536818504333496
0.04075323045253754
0.0618324913084507
0.0652051717042923
0.07813378423452377
0.07110736519098282
0.09134345501661299
0.09078133851289748
0.08628442883491516
0.07616638392210007
0.0812254101037979
0.07785272598266602
0.08094435185194014
0.07476110011339188
0.05283867195248604
0.027262507006525997
0.03878583386540413
0.04328274354338646
0.04187745973467826
0.04721753671765328
0.04272063076496124
0.04496908560395241
0.025295110419392582
0.1739741414785385
0.43086004257202154
0.7698144912719727
0.96205735206604
0.9912872314453123
0.5444069504737854
0.19730184972286224
0.15430016815662384
0.11045531183481216
0.08234963566064833
0.06408094614744185
0.06155143305659294
0.05789769440889359
0.05874086543917656
0.05874086543917656
0.0531197302043438
0.06070826202630997
0.06492411345243454
0.06351882964372635
0.06801573932170868
0.06155143305659294
0.06632939726114273
0.07532321661710739
0.08375491946935652
0.08094435185194014
0.0
0.0
0.0
0.0
0.0
0.0
0.0
0.0
0.0
