0.8545283675193786
1.0
0.6499295830726624
0.48287189006805414
0.19709056615829468
0.135147824883461
0.10136086493730544
0.08869075775146483
0.16799624264240265
0.19052088260650635
0.19615204632282257
0.19849835336208344
0.2069450914859772
0.2271234095096588
0.21210698783397677
0.2449554204940796
0.20788362622261047
0.22383856773376465
0.2332238405942917
0.23557014763355252
0.26091036200523376
0.27780383825302124
0.2890661656856537
0.2740497291088104
0.2867198586463928
0.30549037456512446
0.2857813239097595
0.24073204398155207
0.26701077818870544
0.23369310796260837
0.22383856773376465
0.2412013113498688
0.24636320769786835
0.2449554204940796
0.26794931292533875
0.24824026226997373
0.25434067845344543
0.2839042842388153
0.27874237298965454
0.3303613364696502
0.3894884884357452
0.4378226101398468
0.4631628394126892
0.47958704829216
0.4594087302684784
0.3857344090938568
0.3477240800857544
0.3341154456138611
0.42702955007553106
0.7386203408241272
0.8564054369926452
0.48146408796310414
0.3693101704120636
0.04458000883460045
0.0
0.004692632704973221
0.034725479781627655
0.1008915975689888
0.17409667372703552
0.1947442442178726
0.19521351158618927
0.17315813899040222
0.16377288103103635
0.0
0.0
0.0
0.0
0.0
0.0
0.0
0.0
0.0
0.0
0.0
0.0
0.0
0.0
0.0
0.0
0.0
0.0
0.0
0.0
0.0
0.0
0.0
0.0
0.0
0.0
0.0
0.0
0.0
0.0
0.0
0.0
0.0
0.0
0.0
0.0
0.0
0.0
0.0
0.0
0.0
0.0
0.0
0.0
0.0
0.0
0.0
0.0
0.0
0.0
0.0
0.0
0.0
0.0
0.0
0.0
0.0
0.0
0.0
0.0
0.0
0.0
0.0
0.0
0.0
0.0
0.0
0.0
0.0
