0.8497237563133239
0.8729282021522523
0.8502762317657471
0.7226519584655762
0.5668508410453796
0.7110497355461121
0.7044199109077454
0.5022099614143372
0.16022099554538727
0.03480663150548935
0.028176795691251755
0.014917126856744288
0.0
0.0005524861626327038
0.007734806742519139
0.01104972418397665
0.009392265230417252
0.023756906390190125
0.024309393018484116
0.025966851040720936
0.03867403417825698
0.037569060921669006
0.037016574293375015
0.037569060921669006
0.04198895022273064
0.04364641010761261
0.041436463594436646
0.04198895022273064
0.05193370208144188
0.06685082614421844
0.0823204442858696
0.09005524963140486
0.08563535660505296
0.0928176790475845
0.09171270579099657
0.10331491380929946
0.11602210253477097
0.13038673996925354
0.15414364635944366
0.17292816936969757
0.19226519763469696
0.2016574591398239
0.18563535809516904
0.17127071321010587
0.1585635393857956
0.14419889450073242
0.13480663299560547
0.13480663299560547
0.1337016522884369
0.13425414264202115
0.14198894798755643
0.14696133136749268
0.14917127788066864
0.1513812094926834
0.15027624368667603
0.152486190199852
0.15635359287261963
0.152486190199852
0.152486190199852
0.1558011025190353
0.1640883982181549
0.16685083508491516
0.1701657474040985
0.17182320356369019
0.16850829124450684
0.16850829124450684
0.16850829124450684
0.16961325705051422
0.17182320356369019
0.17458564043045044
0.1751381158828735
0.17900551855564115
0.17955800890922546
0.1751381158828735
0.18453039228916168
0.1889502704143524
0.18674033880233765
0.1895027607679367
0.19281767308712003
0.19171270728111267
0.19447514414787287
0.19779005646705627
0.2022099494934082
0.22596685588359833
0.25745856761932373
0.2729281783103943
0.3000000119209289
0.33701658248901367
0.380110502243042
0.41049724817276
0.37292817234992975
0.38508287072181696
0.309944748878479
0.24475137889385223
0.2011049687862396
0.17624309659004211
0.20276242494583127
0.31933701038360596
0.39944750070571894
0.4861878454685211
0.5674033164978027
0.7513812184333801
0.9182320237159728
0.9856353402137756
1.0
0.9546961188316344
0.8375690579414367
0.7441989183425902
0.8745856285095216
0.8535911440849304
0.6519337296485901
0.314917117357254
0.18011049926280975
0.1651933640241623
0.14696133136749268
0.14419889450073242
0.1386740356683731
0.13480663299560547
0.14198894798755643
0.14696133136749268
0.0
0.0
0.0
0.0
0.0
0.0
0.0
0.0
0.0
0.0
0.0
0.0
