1.0
0.4896842241287232
0.12084210664033888
0.0
0.0833684206008911
0.10778947174549101
0.1178947389125824
0.11999999731779099
0.11368420720100401
0.12252631783485413
0.10357894748449324
0.12126316130161284
0.11663158237934113
0.10863158106803894
0.13094736635684967
0.1157894730567932
0.12126316130161284
0.10863158106803894
0.10821052640676498
0.12673684954643247
0.10568421334028244
0.11115789413452148
0.10568421334028244
0.11536841839551924
0.13600000739097595
0.12084210664033888
0.13515789806842804
0.13600000739097595
0.15031579136848447
0.1768421083688736
0.17642104625701904
0.20505262911319727
0.1983157843351364
0.2080000042915344
0.23915790021419525
0.2248421013355255
0.22905263304710388
0.20968420803546903
0.19663158059120175
0.18905262649059293
0.14947368204593658
0.15789473056793213
0.14105263352394104
0.13136842846870422
0.14273683726787567
0.11536841839551924
0.11747368425130844
0.11999999731779099
0.1216842085123062
0.1364210546016693
0.11747368425130844
0.1364210546016693
0.13894736766815183
0.13305263221263883
0.15536841750144958
0.13768421113491058
0.14694736897945404
0.14568421244621277
0.14399999380111694
0.15957894921302795
0.14021052420139313
0.1532631516456604
0.14063158631324768
0.14063158631324768
0.1599999964237213
0.14189474284648895
0.15957894921302795
0.14778947830200195
0.1452631652355194
0.15157894790172577
0.1275789439678192
0.14189474284648895
0.13389474153518677
0.14399999380111694
0.1541052609682083
0.13389474153518677
0.15536841750144958
0.16378948092460632
0.1844210475683212
0.21347367763519287
0.22357894480228424
0.27705264091491694
0.2433684170246124
0.18821053206920624
0.18610526621341705
0.15831579267978668
0.1414736807346344
0.1237894743680954
0.12715789675712583
0.14399999380111694
0.11536841839551924
0.12084210664033888
0.10821052640676498
0.10694736987352373
0.11368420720100401
0.10694736987352373
0.1120000034570694
0.09894736856222151
0.11242105066776276
0.1178947389125824
0.11873684078454971
0.192842110991478
0.45810526609420776
0.9848421216011048
0.7208421230316162
0.29136842489242554
0.09768421202898024
0.02526315860450268
0.08631578832864761
0.11536841839551924
0.10905262827873229
0.11915789544582366
0.10905262827873229
0.11326315999031066
0.12084210664033888
0.1002105250954628
0.0
0.0
0.0
0.0
0.0
0.0
0.0
0.0
0.0
0.0
0.0
0.0
0.0
0.0
0.0
0.0
