1.0
0.8861131668090819
0.42909625172615046
0.2747979462146759
0.15870682895183563
0.08817046135663986
0.11535635590553284
0.07714915275573729
0.0734753832221031
0.08082292228937149
0.0690668597817421
0.08743570744991302
0.053637031465768814
0.07788390666246414
0.10433504730463028
0.06686259806156158
0.10066127777099608
0.06392358243465424
0.06612784415483475
0.06098457053303719
0.05951506271958351
0.09331373870372771
0.07274062931537628
0.07200587540864944
0.10433504730463028
0.07567964494228363
0.11168258637189864
0.09478324651718141
0.0889052152633667
0.1028655394911766
0.06539309024810791
0.10433504730463028
0.09257898479700089
0.06539309024810791
0.11609110981225967
0.09992652386426924
0.15723732113838196
0.1425422430038452
0.16531962156295776
0.19177076220512393
0.17927993834018707
0.21087436378002167
0.18883174657821652
0.19617928564548487
0.21234387159347531
0.17560617625713348
0.21234387159347531
0.1822189539670944
0.17634092271327972
0.19030125439167023
0.15870682895183563
0.20058780908584595
0.1895664930343628
0.1778104305267334
0.19470977783203125
0.1697281450033188
0.20132255554199216
0.17487141489982605
0.13886848092079163
0.1800146996974945
0.1498897820711136
0.1638501137495041
0.16752387583255768
0.14548125863075256
0.15356355905532837
0.13519470393657684
0.15062454342842102
0.12343864887952805
0.13005143404006958
0.13078618049621582
0.11168258637189864
0.13372519612312317
0.12784716486930847
0.114621601998806
0.13299044966697693
0.09845701605081558
0.13519470393657684
0.10360029339790344
0.09331373870372771
0.11756061762571333
0.1227038949728012
0.2174871414899826
0.20132255554199216
0.25789859890937805
0.32476121187210083
0.30933138728141785
0.3438647985458374
0.3085966110229492
0.28581926226615906
0.24246877431869504
0.1498897820711136
0.1403379887342453
0.09037472307682035
0.0889052152633667
0.09478324651718141
0.06245407834649085
0.06465833634138107
0.07788390666246414
0.1822189539670944
0.3277002274990082
0.5525348782539368
0.8824393749237059
0.9125642776489258
0.49155032634735113
0.2512858211994171
0.09404849261045457
0.08229243010282515
0.041146215051412575
0.06024981662631034
0.06980161368846893
0.04188096895813941
0.06539309024810791
0.041146215051412575
0.01983835361897945
0.04628949239850044
0.030859662219882008
0.055841293185949326
0.018368845805525776
0.01983835361897945
0.04702424630522728
0.0
0.049963261932134635
0.0
0.0
0.0
0.0
0.0
0.0
0.0
0.0
0.0
0.0
