0.9719535708427427
0.8210831880569458
0.6411992311477661
0.23694390058517456
0.0
0.08510638028383255
0.10735009610652924
0.07833655923604965
0.09477756172418593
0.12282398343086243
0.07736943662166595
0.11411992460489272
0.09187620878219603
0.10348162800073624
0.14313346147537231
0.11411992460489272
0.13539652526378632
0.13249516487121582
0.1402321010828018
0.1711798906326294
0.1470019370317459
0.19535782933235168
0.20889748632907867
0.22823984920978543
0.26112186908721924
0.25822049379348755
0.30657640099525446
0.3510638177394867
0.37524178624153137
0.43907156586647034
0.4497098624706268
0.5077369213104248
0.5058026909828186
0.542553186416626
0.5570599436759949
0.5522243976593018
0.5087040662765503
0.4535783231258392
0.39458414912223816
0.38394585251808167
0.3413926362991333
0.31044486165046686
0.29013538360595703
0.27466151118278503
0.28626692295074463
0.26499032974243164
0.26885879039764404
0.23597678542137143
0.27369439601898193
0.2940038740634918
0.26982590556144714
0.28046420216560364
0.24081237614154813
0.25048357248306274
0.25048357248306274
0.22533848881721497
0.27176016569137573
0.20502901077270508
0.20116053521633148
0.23404255509376523
0.20309478044509888
0.22630560398101807
0.23597678542137143
0.2301740795373917
0.23984526097774503
0.19342359900474548
0.22147001326084137
0.20212766528129575
0.2079303711652756
0.24274662137031555
0.20889748632907867
0.23887814581394196
0.21083171665668488
0.21276596188545227
0.23404255509376523
0.19922630488872528
0.2234042584896088
0.2301740795373917
0.22437137365341184
0.2311411947011948
0.21083171665668488
0.24081237614154813
0.22533848881721497
0.2156673073768616
0.2156673073768616
0.23597678542137143
0.23984526097774503
0.2156673073768616
0.20116053521633148
0.24177949130535123
0.22050289809703824
0.22147001326084137
0.22147001326084137
0.2311411947011948
0.23887814581394196
0.22050289809703824
0.27272728085517883
0.3336557149887085
0.34429401159286493
0.38104447722435
0.3723404109477997
0.46711799502372736
0.44777563214302063
0.4893617033958435
0.5125725269317627
0.4013539552688599
0.34816247224807734
0.28046420216560364
0.21276596188545227
0.1924564838409424
0.16634429991245267
0.1605415791273117
0.13926498591899872
0.13926498591899872
0.18665377795696256
0.25241780281066895
0.44294002652168274
1.0
0.879110276699066
0.6450676918029785
0.2079303711652756
0.08800773322582243
0.1305609345436096
0.13926498591899872
0.1547388732433319
0.1537717580795288
0.1653771698474884
0.1305609345436096
0.11605415493249892
0.1624758243560791
0.13152804970741272
0.1402321010828018
