1.0
0.4857594966888428
0.2555379867553711
0.0
0.050632912665605545
0.1724683493375778
0.3014240562915802
0.24367088079452515
0.2737341821193695
0.29509493708610535
0.25870254635810846
0.32120254635810846
0.2832278609275818
0.3164556920528412
0.3291139304637909
0.3053797483444214
0.375
0.3441455662250519
0.3884493708610535
0.4074366986751556
0.4011076092720032
0.4738923907279968
0.4564873278141022
0.5316455960273743
0.5704113841056824
0.5767405033111572
0.6803797483444214
0.6661392450332642
0.7033227682113647
0.7254746556282043
0.6598101258277893
0.7278481125831603
0.6257911324501038
0.5941455960273743
0.5553797483444214
0.447784811258316
0.46281644701957697
0.36867088079452515
0.37262657284736633
0.3670886158943176
0.3132911324501037
0.36550632119178766
0.3219936788082123
0.3164556920528412
0.33386075496673584
0.28243669867515564
0.36392405629158014
0.30617088079452515
0.3401898741722107
0.32832279801368713
0.29113924503326416
0.3473101258277893
0.29509493708610535
0.31487342715263367
0.3180379867553711
0.2848101258277893
0.32990506291389465
0.27136075496673584
0.2887658178806305
0.28955695033073425
0.2539556920528412
0.35917720198631287
0.3694620132446289
0.4572784900665283
0.4541139304637909
0.4343354403972626
0.489715188741684
0.4643987417221069
0.43512657284736633
0.39794304966926575
0.28797468543052673
0.32357594370841974
0.2507911324501037
0.2531645596027374
0.25237342715263367
0.2143987268209457
0.29667720198631287
0.21202531456947327
0.22468353807926175
0.27136075496673584
0.3568038046360016
0.32436707615852356
0.9659810066223145
0.7365506291389465
0.1914556920528412
0.11550632864236832
0.1321202516555786
0.20490506291389465
0.3267405033111572
0.3156645596027374
0.24762658774852753
0.3125
0.27689874172210693
0.3125
0.33386075496673584
0.2816455662250519
0.35363924503326416
0.0
0.0
0.0
0.0
0.0
0.0
0.0
0.0
0.0
0.0
0.0
0.0
0.0
0.0
0.0
0.0
0.0
0.0
0.0
0.0
0.0
0.0
0.0
0.0
0.0
0.0
0.0
0.0
0.0
0.0
0.0
0.0
0.0
0.0
0.0
