1.0
0.8066774606704712
0.4254173338413239
0.33387184143066406
0.20893914997577667
0.18416801095008847
0.2224017232656479
0.20893914997577667
0.2084006518125534
0.20463111996650693
0.2040926218032837
0.22186322510242465
0.2164781838655472
0.21217016875743863
0.22294022142887115
0.2164781838655472
0.23694130778312683
0.23424878716468808
0.23532579839229584
0.24394184350967407
0.2417878359556198
0.2579429149627685
0.25632742047309875
0.26709747314453125
0.2740980088710785
0.26278945803642273
0.27625203132629395
0.2746365070343017
0.2735595107078552
0.28217554092407227
0.2746365070343017
0.284868061542511
0.2875605821609497
0.2956381142139435
0.29617664217948914
0.2956381142139435
0.28217554092407227
0.2584814131259918
0.24771136045455927
0.2299407720565796
0.20732364058494568
0.21217016875743863
0.1992460936307907
0.1873990297317505
0.1976305842399597
0.19063004851341248
0.19816909730434415
0.18470650911331177
0.1868605315685272
0.1884760409593582
0.17609046399593353
0.17878298461437225
0.176628977060318
0.176628977060318
0.17770597338676453
0.16478191316127777
0.17770597338676453
0.17285944521427155
0.170166939496994
0.1744749546051025
0.16478191316127777
0.16801291704177856
0.15616585314273834
0.15562735497951508
0.15185783803462982
0.14378029108047485
0.16316640377044675
0.14701130986213684
0.1475498080253601
0.14808832108974457
0.13462574779987335
0.14108777046203613
0.13247172534465787
0.13193322718143463
0.13031771779060364
0.12062466144561768
0.13570274412631989
0.13193322718143463
0.13301023840904236
0.13247172534465787
0.12277867645025252
0.15024232864379883
0.16316640377044675
0.16801291704177856
0.18524502217769623
0.1873990297317505
0.18793752789497373
0.16639742255210876
0.16208939254283905
0.1523963361978531
0.13193322718143463
0.14539580047130585
0.12870220839977264
0.11470112949609756
0.11631663888692856
0.10285406559705734
0.10716208815574646
0.08939149230718611
0.09800753742456435
0.1001615524291992
0.08292945474386214
0.0183091014623642
0.0
0.3290252983570099
0.9079160094261168
0.7167474627494812
0.35164242982864374
0.25632742047309875
0.11900915205478668
0.09369951486587523
0.11093161255121232
0.12116316705942153
0.10877759754657744
0.10446957498788832
0.10985460132360458
0.10231555998325348
0.11954765766859055
0.11523963510990141
0.11523963510990141
0.12439418584108353
0.12439418584108353
0.14108777046203613
0.13785675168037415
0.1351642459630966
0.0
0.0
0.0
0.0
0.0
0.0
0.0
0.0
