1.0
0.7242673039436339
0.5573270916938782
0.44478312134742737
0.3655334115028381
0.28581476211547846
0.25017586350440973
0.21641266345977783
0.21359905600547793
0.2098475992679596
0.2096131294965744
0.20445486903190607
0.1946072727441788
0.18757326900959012
0.17960140109062195
0.17584994435310364
0.17256741225719452
0.16694021224975583
0.16623681783676147
0.1648300141096115
0.16248534619808197
0.15404455363750455
0.15381008386611938
0.15404455363750455
0.15756154060363767
0.15873387455940247
0.15568581223487854
0.15029308199882507
0.16436107456684113
0.17069166898727417
0.1690504103899002
0.17842906713485715
0.18218053877353668
0.21195779740810397
0.23165298998355863
0.2424384504556656
0.24900351464748385
0.2511137127876282
0.2626025676727295
0.26002344489097595
0.2576787769794464
0.25322392582893366
0.24689331650733948
0.25556859374046326
0.24478311836719513
0.25134819746017456
0.25228604674339294
0.2407971918582916
0.2461899220943451
0.23845252394676208
0.23446658253669736
0.23610785603523252
0.22743259370326996
0.2330597937107086
0.2335287183523178
0.2410316467285156
0.24032825231552124
0.241500586271286
0.24712778627872467
0.2548651695251465
0.25978899002075195
0.257209837436676
0.2611957788467407
0.26330599188804626
0.2630715072154999
0.2616647183895111
0.2609613239765167
0.2576787769794464
0.25650644302368164
0.2576787769794464
0.25650644302368164
0.2581477165222168
0.26072683930397034
0.2581477165222168
0.26682296395301813
0.26635405421257013
0.2628370523452759
0.2822977602481842
0.3113716244697571
0.2930832505226135
0.28018757700920105
0.2778429090976715
0.27620163559913635
0.2529894411563873
0.23094959557056427
0.23563891649246213
0.2412661164999008
0.2393903881311417
0.23915591835975647
0.23985931277275083
0.2407971918582916
0.2302461862564087
0.17420867085456848
0.038686987012624734
0.0
0.047831185162067406
0.16014067828655243
0.30386871099472046
0.5167643427848816
0.6590855717658997
0.8949589729309082
0.989683449268341
0.8581477403640747
0.5718640089035033
0.4694021046161652
0.36436107754707336
0.29706916213035583
0.23962485790252683
0.2014068067073822
0.1932004690170288
0.1929659992456436
0.19179366528987885
0.18569754064083097
0.1770222783088684
0.1777256727218628
0.16998827457427979
0.1657678782939911
0.1606096178293228
0.153341144323349
0.15803048014640808
0.16014067828655243
0.0
0.0
0.0
0.0
0.0
0.0
0.0
0.0
0.0
0.0
0.0
