0.9751449823379517
0.7564208507537842
0.22162386775016785
0.05716652795672417
0.02444076165556908
0.05178127437829971
0.054681029170751565
0.04556752368807793
0.05592377856373786
0.03396851569414139
0.054681029170751565
0.053852528333663933
0.054681029170751565
0.06296603381633759
0.03852526843547821
0.0579950287938118
0.0687655359506607
0.060480531305074685
0.0712510347366333
0.06296603381633759
0.07580778747797011
0.0857497900724411
0.08616404235363007
0.1122618094086647
0.09444905072450636
0.11267605423927309
0.11681855469942092
0.12261806428432465
0.13463132083415985
0.10977630317211153
0.12344656139612196
0.1205468103289604
0.11309030652046204
0.11309030652046204
0.07829328626394272
0.08036454021930695
0.08409278839826582
0.06793703138828278
0.08077879250049591
0.05302402749657631
0.06420878320932388
0.06628002971410751
0.05882352963089943
0.07249378412961958
0.04971002414822578
0.06503728032112122
0.06959403306245804
0.06628002971410751
0.08202154189348221
0.05136702582240105
0.07415078580379486
0.08202154189348221
0.0712510347366333
0.08036454021930695
0.054681029170751565
0.07746478915214537
0.06669428199529648
0.06503728032112122
0.08077879250049591
0.0579950287938118
0.07456503808498383
0.06835128366947174
0.07083678245544434
0.08036454021930695
0.053438276052474976
0.06420878320932388
0.06006627902388573
0.05716652795672417
0.059237778186798096
0.04722452536225319
0.09362054616212845
0.11640430986881256
0.10563380271196364
0.11267605423927309
0.0977630466222763
0.12883181869983673
0.1425020694732666
0.14830157160758972
0.13131731748580933
0.08657829463481903
0.07166528701782227
0.06752278655767441
0.05136702582240105
0.0555095262825489
0.020712509751319885
0.036039769649505615
0.028169013559818268
0.01864125952124596
0.039768021553754807
0.01657000742852688
0.03769676759839058
0.03438276797533035
0.03272576630115509
0.02444076165556908
0.0
0.19386909902095795
0.4739022254943848
0.801159918308258
1.0
0.6574150919914246
0.20919635891914368
0.07622203975915907
0.08077879250049591
0.09817729890346528
0.06710853427648544
0.08077879250049591
0.07953604310750961
0.07663629204034805
0.0882352963089943
0.06959403306245804
0.08699254691600798
0.07829328626394272
0.07870753854513168
0.09444905072450636
0.07290803641080856
0.0857497900724411
0.08657829463481903
0.09403479844331741
0.0
0.0
0.0
0.0
0.0
0.0
0.0
0.0
0.0
0.0
0.0
0.0
0.0
0.0
