1.0
0.5456066727638245
0.3866108655929565
0.29121339321136475
0.246443510055542
0.18284519016742704
0.16192469000816345
0.14476987719535828
0.13598325848579407
0.14476987719535828
0.11966527253389359
0.11422593891620636
0.1154811680316925
0.10794979333877563
0.1163179948925972
0.11715481430292128
0.10711297392845152
0.10376568883657455
0.09916318207979202
0.1163179948925972
0.10794979333877563
0.12803347408771515
0.13305439054965973
0.13933055102825165
0.158159002661705
0.15941423177719116
0.17489539086818695
0.18493723869323728
0.18702928721904755
0.20083682239055636
0.197907954454422
0.19916318356990811
0.1987447738647461
0.190794974565506
0.1962343156337738
0.18953974545001984
0.19205020368099207
0.1841004192829132
0.175313800573349
0.18702928721904755
0.17949791252613068
0.1874476969242096
0.1857740581035614
0.191213384270668
0.20711296796798703
0.2117154747247696
0.20920501649379727
0.2292886972427368
0.230962336063385
0.24476987123489377
0.20251046121120447
0.2012552320957184
0.18786610662937164
0.14100418984889984
0.13347280025482175
0.11882845312356947
0.11589958518743516
0.12008368223905563
0.10878661274909972
0.11004184186458588
0.10376568883657455
0.0581589974462986
0.15732216835021973
0.37322175502777094
0.7050209045410156
0.7552301287651062
0.35188284516334534
0.22008368372917173
0.15648534893989563
0.1008368209004402
0.05564853549003601
0.04016736522316933
0.02510460279881954
0.0117154810577631
0.017991632223129272
0.002510460326448083
0.0
0.00041841005440801377
0.0
0.0
0.0
0.0
0.0
0.0
0.0
0.0
0.0
0.0
0.0
0.0
0.0
0.0
0.0
0.0
0.0
0.0
0.0
0.0
0.0
0.0
0.0
0.0
0.0
0.0
0.0
0.0
0.0
0.0
0.0
0.0
0.0
0.0
0.0
0.0
0.0
0.0
0.0
0.0
0.0
0.0
0.0
0.0
0.0
0.0
0.0
0.0
0.0
0.0
0.0
0.0
0.0
0.0
