1.0
0.7019328474998474
0.19498135149478912
0.0
0.1074940636754036
0.18107832968235013
0.265852838754654
0.35062733292579645
0.40895217657089233
0.42556798458099365
0.427263468503952
0.4204815328121185
0.44252288341522217
0.43743643164634705
0.42556798458099365
0.4337063431739807
0.43540182709693914
0.43743643164634705
0.43574091792106634
0.4418447017669678
0.4438792765140533
0.44150558114051813
0.4516785442829132
0.47202441096305847
0.4781281650066376
0.48321464657783514
0.4984740614891052
0.5076296925544739
0.5028823614120483
0.5022041201591492
0.48830112814903254
0.4916920959949493
0.47202441096305847
0.46354696154594416
0.46863344311714167
0.477110892534256
0.4730417132377625
0.4767718017101288
0.4754154086112976
0.46693795919418335
0.47202441096305847
0.4655815660953522
0.46049508452415466
0.46761614084243774
0.46354696154594416
0.4716853201389313
0.4754154086112976
0.501865029335022
0.5296710729598999
0.5279755592346193
0.5364530086517334
0.533740222454071
0.5116989016532898
0.48253646492958074
0.45574772357940674
0.4808409512042999
0.4893184006214142
0.48592743277549744
0.48524925112724304
0.48253646492958074
0.48660561442375183
0.4872838258743286
0.48864021897315973
0.48660561442375183
0.49237030744552607
0.48864021897315973
0.5157680511474608
0.6768395900726318
0.7829772830009459
0.757205843925476
0.8826720714569091
0.8033231496810913
0.4469311535358429
0.019328586757183075
0.11732790619134902
0.18446931242942807
0.22244828939437863
0.3618175685405731
0.41709053516387934
0.4571041166782379
0.46286877989768976
0.4618514776229858
0.4733808040618896
0.46795523166656494
0.46659883856773376
0.4706680178642273
0.4767718017101288
0.4788063764572144
0.4788063764572144
0.48796200752258306
0.49576127529144287
0.4994913637638092
0.5093252062797545
0.5181417465209961
0.5232282280921936
0.531705677509308
0.5462868809700012
0.5557816028594971
0.559850811958313
0.5554425120353699
0.5401831269264221
0.5272973775863647
0.52187180519104
0.5116989016532898
0.5106815695762633
0.5086470246315001
0.5106815695762633
0.5076296925544739
0.5038996338844299
0.5045778155326843
0.4994913637638092
0.5055950880050659
0.5079687833786011
0.5089861154556273
0.5093252062797545
0.5110206604003905
0.5116989016532898
0.5296710729598999
0.5591726303100586
0.5723974108695984
0.5673109292984009
0.5730755925178528
0.5520515441894531
0.5354357361793518
0.4977958500385285
0.4940657913684845
0.5113598108291626
0.0
0.0
0.0
0.0
0.0
