0.9577465057373047
0.9241001605987549
1.0
0.910798132419586
0.6150234937667847
0.31690141558647156
0.23787167668342593
0.20344288647174835
0.21439749002456665
0.19014084339141843
0.14710484445095062
0.11189358681440352
0.10954616218805312
0.1111111119389534
0.13693270087242126
0.13615024089813232
0.11424100399017333
0.13223786652088165
0.1330203413963318
0.12206573039293288
0.12754303216934204
0.11189358681440352
0.10406886041164398
0.10563380271196364
0.08920187503099442
0.09624413400888443
0.05712050199508666
0.11658842116594315
0.04538341239094734
0.041471049189567566
0.05086072161793709
0.0
0.0031298904214054346
0.021909233182668682
0.02269170619547367
0.01877934299409389
0.006259780842810869
0.017214396968483925
0.020344287157058716
0.05320813879370689
0.08137714862823486
0.082159623503685
0.11267605423927309
0.09937401860952376
0.115805946290493
0.15492957830429077
0.13693270087242126
0.1353677660226822
0.12128325551748276
0.13145539164543152
0.12050078064203262
0.11424100399017333
0.12832550704479215
0.11502347141504288
0.1291079819202423
0.10172144323587416
0.11893583834171297
0.1111111119389534
0.11267605423927309
0.10406886041164398
0.13928012549877167
0.17214398086071014
0.19640062749385837
0.18231612443923953
0.19014084339141843
0.27151799201965326
0.19170579314231873
0.21439749002456665
0.2026604115962982
0.1979655772447586
0.16823160648345947
0.15258215367794037
0.13928012549877167
0.1408450752496719
0.1267605572938919
0.15101721882820127
0.15884193778038025
0.1690140813589096
0.13849765062332153
0.22065727412700653
0.3090766966342926
0.6173709034919739
0.7394366264343261
0.7511737346649171
0.9694835543632508
0.9632238149642944
0.9968701004981994
0.9358372688293456
0.6259781122207642
0.32942098379135126
0.284820020198822
0.23630672693252563
0.23865415155887604
0.24256651103496552
0.2026604115962982
0.16118936240673065
0.1666666716337204
0.15727698802947998
0.16040688753128052
0.0
0.0
0.0
0.0
0.0
0.0
0.0
0.0
0.0
0.0
0.0
0.0
0.0
0.0
0.0
0.0
0.0
0.0
0.0
0.0
0.0
0.0
0.0
0.0
0.0
0.0
0.0
0.0
0.0
0.0
0.0
0.0
0.0
