1.0
0.704407274723053
0.13373860716819763
0.0
0.1572948396205902
0.2606382966041565
0.33130699396133423
0.36018237471580505
0.41413372755050654
0.45060789585113525
0.4711246192455292
0.48024314641952515
0.46580547094345087
0.49240121245384216
0.4870820641517639
0.5319148898124695
0.5296352505683899
0.5364741683006288
0.5661094188690186
0.5858662724494934
0.5904255509376526
0.6193009018898009
0.6284194588661194
0.6664133667945862
0.6914893388748169
0.7272036671638488
0.7674772143363952
0.8107903003692627
0.8647416234016417
0.9270516633987426
0.9566869139671325
0.968845009803772
0.978723406791687
0.9810030460357666
0.978723406791687
0.9369301199913026
0.8875380158424377
0.8373860120773315
0.7910334467887878
0.7340425252914429
0.6778115630149841
0.6291793584823608
0.598024308681488
0.565349519252777
0.5471124649047852
0.5661094188690186
0.5448328256607056
0.5235562324523926
0.5326747894287108
0.5129179358482361
0.5121580362319945
0.524316132068634
0.521276593208313
0.5227963328361511
0.5205166935920715
0.5250759720802307
0.5372340679168701
0.5440729260444641
0.0
0.0
0.0
0.0
0.0
0.0
0.0
0.0
0.0
0.0
0.0
0.0
0.0
0.0
0.0
0.0
0.0
0.0
0.0
0.0
0.0
0.0
0.0
0.0
0.0
0.0
0.0
0.0
0.0
0.0
0.0
0.0
0.0
0.0
0.0
0.0
0.0
0.0
0.0
0.0
0.0
0.0
0.0
0.0
0.0
0.0
0.0
0.0
0.0
0.0
0.0
0.0
0.0
0.0
0.0
0.0
0.0
0.0
0.0
0.0
0.0
0.0
0.0
0.0
0.0
0.0
0.0
0.0
0.0
0.0
0.0
0.0
0.0
0.0
