0.935679614543915
0.8228155374526978
0.7864077687263488
0.7154126167297363
0.6219660043716431
0.6146844625473022
0.5922330021858215
0.579490303993225
0.5867718458175659
0.5709951519966124
0.5776699185371399
0.5564320683479309
0.6013349294662476
0.6929611563682556
0.7936893105506898
0.8580096960067749
0.7942961454391478
0.8968446850776672
0.533373773097992
0.0
0.011529126204550266
0.23483009636402127
0.428398072719574
0.49878641963005066
0.4969660341739655
0.5364077687263489
0.5248786211013794
0.5115291476249695
0.5364077687263489
0.5309466123580933
0.5546116232872009
0.5594660043716431
0.5637136101722717
0.5740291476249695
0.5770630836486816
0.5849514603614807
0.583737850189209
0.5922330021858215
0.6025485396385193
0.5964806079864502
0.6183252334594728
0.6092233061790465
0.6183252334594728
0.6243932247161865
0.6274271607398987
0.6711165308952332
0.6383495330810547
0.6510922312736511
0.6559466123580933
0.6456310749053955
0.6425970792770386
0.6243932247161865
0.6122573018074036
0.6304611563682556
0.6104369163513184
0.6213592290878296
0.6116504669189453
0.6104369163513184
0.6256067752838135
0.6116504669189453
0.6213592290878296
0.6231796145439148
0.6189320683479309
0.625
0.615898072719574
0.6365291476249695
0.625
0.6231796145439148
0.6274271607398987
0.6304611563682556
0.704490303993225
0.7305825352668761
0.7748786211013795
0.908373773097992
0.9702669978141784
1.0
0.893203854560852
0.8404126167297363
0.7815533876419067
0.7020630836486816
0.6717233061790465
0.6146844625473022
0.6213592290878296
0.625
0.6165048480033875
0.6286407709121704
0.5964806079864502
0.6025485396385193
0.6978155374526978
0.7597087621688842
0.0
0.0
0.0
0.0
0.0
0.0
0.0
0.0
0.0
0.0
0.0
0.0
0.0
0.0
0.0
0.0
0.0
0.0
0.0
0.0
0.0
0.0
0.0
0.0
0.0
0.0
0.0
0.0
0.0
0.0
0.0
0.0
0.0
0.0
0.0
0.0
0.0
0.0
0.0
0.0
0.0
0.0
