1.0
0.4151419699192047
0.2460567802190781
0.26813879609107966
0.1331230252981186
0.05299684405326843
0.057413250207901
0.031545739620923996
0.044164039194583886
0.03785489127039909
0.04668769612908363
0.04984227195382118
0.025867508724331852
0.04227129369974136
0.025236593559384343
0.033438485115766525
0.038485802710056305
0.022082019597291943
0.018927445635199543
0.006309148389846087
0.008832807652652262
0.015141955576837063
0.0
0.013880126178264616
0.0012618296314030884
0.016403784975409508
0.02460567839443684
0.015141955576837063
0.033438485115766525
0.040378548204898834
0.06182965263724327
0.08643533289432524
0.07066246122121811
0.09148264676332472
0.07507886737585068
0.0826498419046402
0.09463722258806227
0.059936907142400735
0.07949526607990266
0.06182965263724327
0.07507886737585068
0.0700315460562706
0.054258674383163445
0.07507886737585068
0.05678233504295349
0.06624605506658554
0.07507886737585068
0.057413250207901
0.07949526607990266
0.06687697023153305
0.08075709640979767
0.08138801157474518
0.06876971572637558
0.08012618124485014
0.06561513990163803
0.0826498419046402
0.07570978254079817
0.06876971572637558
0.09211356192827223
0.13501577079296112
0.1652996838092804
0.182334378361702
0.20757098495960236
0.2239747643470764
0.2107255458831787
0.2157728672027588
0.16025236248970032
0.14447949826717377
0.11419558525085448
0.06435330957174301
0.04858044162392616
0.04921135678887367
0.032176654785871506
0.053627759218215935
0.040378548204898834
0.03659306094050408
0.04605678096413612
0.03280756995081901
0.050473187118768685
0.15772870182991028
0.4384858012199402
0.6189274191856384
0.9394322037696838
0.57413250207901
0.30283913016319275
0.22271293401718137
0.16971608996391296
0.032176654785871506
0.035962145775556564
0.020189274102449417
0.032176654785871506
0.030283911153674126
0.006309148389846087
0.023974763229489326
0.015141955576837063
0.017665615305304527
0.0
0.0
0.0
0.0
0.0
0.0
0.0
0.0
0.0
0.0
0.0
0.0
0.0
0.0
0.0
0.0
0.0
0.0
0.0
0.0
0.0
0.0
0.0
0.0
0.0
0.0
0.0
0.0
0.0
0.0
0.0
0.0
0.0
0.0
0.0
0.0
