0.954093337059021
0.9747513532638548
0.9701606631278992
1.0
0.9831675887107848
0.9495027065277101
0.915837824344635
0.8416220545768738
0.8362662792205809
0.8064269423484801
0.7765876054763795
0.7834736108779907
0.7536342740058899
0.7651109695434569
0.7521040439605712
0.7184391617774963
0.7092578411102295
0.6977812051773071
0.7467482686042786
0.7214996218681334
0.6939556002616881
0.6847742795944214
0.6549349427223206
0.7306809425354005
0.7207344770431519
0.6954858303070068
0.6396327614784241
0.5478194355964661
0.5738332271575928
0.6105585098266602
0.569242537021637
0.6052027344703673
0.5707727670669556
0.5761285424232483
0.523335874080658
0.6488140821456909
0.6786534190177916
0.6710022687911987
0.6901300549507141
0.6641163229942322
0.6740627288818359
0.6939556002616881
0.6687069535255432
0.7092578411102295
0.7092578411102295
0.6778882741928101
0.6419280767440796
0.5623565316200256
0.6289212107658385
0.7169089317321777
0.5187452435493469
0.37949502468109125
0.3129303753376007
0.0
0.1346595287322998
0.556235671043396
0.7543993592262269
0.7727620601654052
0.7666411399841309
0.7031369805336
0.6916602849960327
0.6901300549507141
0.6771231889724731
0.6962509751319885
0.6694720983505249
0.6587605476379395
0.6824789643287659
0.6832440495491028
0.723794937133789
0.732211172580719
0.7390971779823302
0.7643458247184753
0.768936514854431
0.8209640383720398
0.8584544658660888
0.8752869367599486
0.9066564440727232
0.9188982248306273
0.9778117537498474
0.9885233640670776
0.9808722138404846
0.9739862084388734
0.9364957809448241
0.907421588897705
0.8477429151535033
0.8133129477500916
0.794950246810913
0.7635807394981384
0.769701600074768
0.7521040439605712
0.7406274080276489
0.0
0.0
0.0
0.0
0.0
0.0
0.0
0.0
0.0
0.0
0.0
0.0
0.0
0.0
0.0
0.0
0.0
0.0
0.0
0.0
0.0
0.0
0.0
0.0
0.0
0.0
0.0
0.0
0.0
0.0
0.0
0.0
0.0
0.0
0.0
0.0
0.0
0.0
0.0
0.0
0.0
