1.0
0.6579091548919678
0.13574165105819702
0.025725232437253
0.09688013046979904
0.08976463973522186
0.08702791482210158
0.09633278846740721
0.11494252830743788
0.12643678486347198
0.11603721976280212
0.10782703757286072
0.10125889629125596
0.11220580339431761
0.1187739446759224
0.11220580339431761
0.10618500411510468
0.10399562120437622
0.11986863613128662
0.12096332758665083
0.1187739446759224
0.10563765466213226
0.1111111119389534
0.1275314688682556
0.14176245033740997
0.14559386670589447
0.1472359001636505
0.16091954708099365
0.18062397837638852
0.1910235285758972
0.19266557693481445
0.19485495984554288
0.20142309367656708
0.2145593911409378
0.21948549151420596
0.20908592641353607
0.19923371076583865
0.18719211220741272
0.19430761039257047
0.19211822748184204
0.18500272929668424
0.1746031790971756
0.1702244132757187
0.17624521255493164
0.18171866238117215
0.17350848019123075
0.16748768091201782
0.1587301641702652
0.17186644673347473
0.1702244132757187
0.16146688163280487
0.1543513983488083
0.1505199819803238
0.16091954708099365
0.15708811581134796
0.16146688163280487
0.15380404889583588
0.1472359001636505
0.1642036139965057
0.1592774987220764
0.14997263252735135
0.14614121615886688
0.1505199819803238
0.15654078125953674
0.15380404889583588
0.14942528307437897
0.1483305990695953
0.14121510088443756
0.151067316532135
0.1483305990695953
0.1428571492433548
0.1390257179737091
0.1313628852367401
0.14449918270111084
0.151067316532135
0.1428571492433548
0.14066776633262634
0.13191023468971252
0.14449918270111084
0.151067316532135
0.1428571492433548
0.13738368451595306
0.13026820123195648
0.143404483795166
0.14230979979038239
0.13957306742668152
0.1428571492433548
0.1428571492433548
0.16201423108577728
0.19540229439735407
0.20251779258251193
0.1986863762140274
0.21893815696239471
0.21729610860347748
0.19266557693481445
0.17569786310195923
0.14942528307437897
0.1154898777604103
0.11986863613128662
0.11658456176519393
0.10946907848119736
0.10509031265974043
0.12588943541049957
0.19813902676105496
0.31581827998161316
0.4707170128822327
0.7099069356918335
0.9337711930274963
0.7777777910232544
0.20908592641353607
0.0
0.05199781060218811
0.027914613485336304
0.0355774499475956
0.04871373996138573
0.05199781060218811
0.05911330133676529
0.05911330133676529
0.06787082552909851
0.07006020843982697
0.05637657269835472
0.052545156329870224
0.052545156329870224
0.06458675116300583
0.07006020843982697
0.058565955609083176
0.05473453924059868
0.05363984778523445
0.06677613407373428
0.0760810077190399
0.0
0.0
