1.0
0.7301768660545349
0.4306902587413788
0.18368510901927948
0.1426126658916473
0.19110096991062164
0.1260695904493332
0.13120365142822263
0.16486023366451263
0.15059897303581235
0.18539646267890927
0.18596690893173215
0.12892185151576996
0.1654306948184967
0.14204221963882446
0.18938961625099185
0.11294922977685928
0.1437535583972931
0.1985168308019638
0.1848260164260864
0.2213348597288132
0.1905305236577988
0.1973759233951569
0.21448944509029388
0.2492869347333908
0.2800912857055664
0.2846548855304718
0.2606959640979767
0.34569311141967773
0.3599543571472168
0.42954933643341053
0.3890473544597626
0.37992012500762934
0.4187107682228088
0.34911578893661493
0.34911578893661493
0.28579577803611755
0.24358242750167847
0.23502567410469052
0.20136907696723935
0.1814033091068268
0.14204221963882446
0.11637193709611891
0.17341700196266174
0.13804906606674194
0.16200798749923706
0.15116941928863523
0.13633771240711212
0.17912150919437408
0.1585852801799774
0.15059897303581235
0.1500285267829895
0.1215059906244278
0.1414717584848404
0.08956075459718704
0.15630348026752472
0.11180832982063292
0.09697660803794861
0.11979463696479796
0.09868796169757843
0.11580148339271544
0.08956075459718704
0.0924130082130432
0.13918995857238767
0.08499714732170105
0.11180832982063292
0.06788362562656403
0.08214489370584488
0.08727894723415375
0.07415858656167984
0.10211066901683807
0.059326868504285805
0.07929264008998871
0.07130633294582367
0.04962920770049095
0.08956075459718704
0.07301768660545349
0.0330861397087574
0.07586994022130966
0.02909298427402973
0.09184255450963973
0.0353679396212101
0.02224757522344589
0.05761551484465599
0.0068454076535999775
0.03764974325895309
0.011409013532102108
0.03422703966498375
0.03194523602724075
0.007986309006810188
0.03422703966498375
0.036508843302726746
0.005704506766051054
0.04449515044689178
0.017113519832491875
0.06731317937374115
0.042783800512552254
0.0
0.018824871629476547
0.10838562250137328
0.6006845235824585
0.9007415771484376
0.49629208445549006
0.24244153499603271
0.04905875772237778
0.18026240170001984
0.11009697616100313
0.07586994022130966
0.08670850098133086
0.06160867214202881
0.136908158659935
0.0661722794175148
0.11580148339271544
0.10667427629232407
0.09868796169757843
0.1061038225889206
0.10895607620477676
0.09526526182889937
0.13804906606674194
0.11808328330516817
0.13405589759349823
0.0
0.0
0.0
0.0
0.0
0.0
0.0
0.0
0.0
0.0
0.0
