0.9113355875015258
0.36588102579116816
0.10549943894147872
0.2368125766515732
0.2592592537403106
0.29741862416267395
0.2615039348602295
0.29741862416267395
0.27272728085517883
0.27384960651397705
0.2861952781677246
0.28058362007141113
0.3075196444988251
0.30415263772010803
0.3030303120613098
0.32210999727249146
0.29741862416267395
0.29629629850387573
0.33670035004615784
0.33670035004615784
0.34455668926239014
0.3243546485900879
0.3333333432674408
0.36026936769485474
0.3479236960411072
0.3703703582286834
0.334455668926239
0.3400673270225525
0.40965208411216736
0.3243546485900879
0.3019079566001892
0.27048259973526
0.27272728085517883
0.2861952781677246
0.2547699213027954
0.2772166132926941
0.22671155631542203
0.2839506268501282
0.2502805888652801
0.27497193217277527
0.29405161738395685
0.26487094163894653
0.2536475956439972
0.2368125766515732
0.31088665127754206
0.30527496337890625
0.2558922469615936
0.2839506268501282
0.28058362007141113
0.2828282713890076
0.2469135820865631
0.2772166132926941
0.3097642958164215
0.2772166132926941
0.26599326729774475
0.2906846106052398
0.24579124152660367
0.27048259973526
0.26711559295654297
0.2368125766515732
0.24579124152660367
0.24915824830532077
0.2469135820865631
0.2289562225341797
0.28843995928764343
0.3883277177810669
0.38608306646347046
0.4029180705547333
0.3714927136898041
0.4276094138622284
0.5072951912879944
0.3243546485900879
0.34567901492118835
0.3479236960411072
0.23793490231037137
0.18967452645301816
0.15600448846817017
0.1380471438169479
0.13916946947574615
0.12008978426456451
0.16835017502307892
0.1537598222494125
0.12570145726203918
0.1111111119389534
0.18069584667682648
0.23569023609161377
0.27048259973526
0.5039281845092772
0.7474747300148009
1.0
0.48035913705825806
0.0
0.15600448846817017
0.21212121844291687
0.2222222238779068
0.15488214790821075
0.14590348303318024
0.1851851791143417
0.15600448846817017
0.1907968521118164
0.18406285345554352
0.21661055088043207
0.1997755318880081
0.17845118045806885
0.23569023609161377
0.223344549536705
0.0
0.0
0.0
0.0
0.0
0.0
0.0
0.0
0.0
0.0
0.0
0.0
0.0
0.0
0.0
0.0
0.0
0.0
0.0
0.0
0.0
0.0
0.0
0.0
0.0
0.0
