0.9566666483879088
0.9966666698455809
0.49200001358985906
0.3073333203792572
0.0586666651070118
0.23133333027362823
0.3140000104904175
0.3633333444595337
0.3846666812896729
0.37933334708213806
0.3753333389759064
0.39199998974800104
0.38199999928474426
0.39133334159851074
0.39533331990242
0.39133334159851074
0.3986666798591614
0.4013333320617676
0.3959999978542328
0.41066667437553406
0.4000000059604645
0.4006666541099548
0.4059999883174896
0.4013333320617676
0.3926666676998138
0.39133334159851074
0.3873333334922791
0.3993333280086517
0.40333333611488337
0.3926666676998138
0.38333332538604736
0.4006666541099548
0.4120000004768372
0.41933333873748774
0.42800000309944153
0.42866668105125433
0.4333333373069763
0.4393333196640015
0.4560000002384186
0.44600000977516174
0.44600000977516174
0.45666667819023127
0.46666666865348816
0.4873333275318146
0.4786666631698608
0.46200001239776606
0.4673333466053009
0.4580000042915344
0.448666661977768
0.4320000112056732
0.4180000126361847
0.40533334016799927
0.4066666662693024
0.4059999883174896
0.3873333334922791
0.39199998974800104
0.3893333375453949
0.39733332395553594
0.4000000059604645
0.39800000190734863
0.39199998974800104
0.4066666662693024
0.4026666581630706
0.4079999923706055
0.40333333611488337
0.4000000059604645
0.4000000059604645
0.4000000059604645
0.3959999978542328
0.3840000033378601
0.38333332538604736
0.38333332538604736
0.38866665959358215
0.38199999928474426
0.3806666731834412
0.3779999911785126
0.3846666812896729
0.38999998569488525
0.38333332538604736
0.38333332538604736
0.37200000882148737
0.37866666913032526
0.37200000882148737
0.37400001287460327
0.37400001287460327
0.3773333430290222
0.3746666610240936
0.38266667723655695
0.37933334708213806
0.3753333389759064
0.37666666507720953
0.3726666569709778
0.3700000047683716
0.3779999911785126
0.39133334159851074
0.40466666221618647
0.4239999949932098
0.4513333439826965
0.47066667675971985
0.4873333275318146
0.5526666641235352
0.5386666655540465
0.5353333353996277
0.5253333449363708
0.49399998784065247
0.5066666603088379
0.44533333182334894
0.3946666717529297
0.3779999911785126
0.34733334183692927
0.33933332562446594
0.3346666693687439
0.33666667342185974
0.33599999547004694
0.32733333110809326
0.33399999141693115
0.33533334732055664
0.33399999141693115
0.5166666507720947
0.4760000109672546
0.7606666684150695
1.0
0.812666654586792
0.34066668152809143
0.21933333575725555
0.0
0.2513333261013031
0.29600000381469727
0.34200000762939453
0.34066668152809143
0.32600000500679016
0.3400000035762787
