0.9972574710845948
0.9722317457199096
0.419952005147934
0.09427493810653687
0.07884813100099564
0.069249227643013
0.02811107225716114
0.0305107980966568
0.015426808036863804
0.01954062469303608
0.025368528440594677
0.01371271815150976
0.02845389023423195
0.013369900174438952
0.016455262899398804
0.010284539312124252
0.0
0.031539253890514374
0.02879670821130276
0.03016798011958599
0.03393897786736488
0.026739800348877903
0.05073705688118935
0.0346246138215065
0.04182379320263863
0.05073705688118935
0.03222488984465599
0.04833733290433884
0.03393897786736488
0.03839561343193054
0.03668152168393135
0.03222488984465599
0.03908124938607216
0.0387384295463562
0.05450805649161338
0.06684949994087219
0.059650324285030365
0.07473431527614594
0.06307850778102875
0.06856359541416168
0.06890641152858734
0.05999314412474632
0.06993486732244492
0.07507713139057158
0.08193349093198776
0.083304762840271
0.07644840329885481
0.09770312160253523
0.08090504258871078
0.08741857856512068
0.08604730665683745
0.08501885831356049
0.09873156994581223
0.06753513962030411
0.07679122686386108
0.083304762840271
0.07130613923072815
0.0857044905424118
0.06959204375743866
0.07439149916172028
0.07164895534515381
0.05862187221646309
0.06787795573472977
0.06307850778102875
0.06273568421602249
0.06444977968931198
0.06067878007888794
0.06650668382644653
0.05553650856018066
0.05005142092704773
0.05416523665189743
0.05210832878947257
0.05827905237674713
0.05862187221646309
0.07027768343687057
0.07713404297828673
0.0774768590927124
0.07850531488656996
0.07644840329885481
0.10250256955623625
0.09736029803752899
0.07439149916172028
0.07679122686386108
0.06547822803258896
0.05896468833088874
0.08193349093198776
0.05245114862918854
0.04045252129435539
0.03736715763807297
0.0305107980966568
0.0346246138215065
0.03496743366122246
0.04182379320263863
0.02399725653231144
0.04628042504191399
0.017826534807682037
0.02399725653231144
0.19677750766277316
0.47377443313598633
0.7919095158576965
1.0
0.9297223091125488
0.3517312407493592
0.12752828001976013
0.09976002573966981
0.07439149916172028
0.029825162142515182
0.03325334191322327
0.01919780671596527
0.01954062469303608
0.022625986486673355
0.020226260647177696
0.03291052579879761
0.017826534807682037
0.01748371683061123
0.027425436303019524
0.01371271815150976
0.037709977477788925
0.026739800348877903
0.0370243415236473
0.04833733290433884
0.0
0.0
0.0
0.0
0.0
0.0
0.0
0.0
0.0
0.0
0.0
