0.9616666436195372
1.0
0.9649999737739563
0.9383333325386048
0.8199999928474425
0.7133333086967468
0.5883333086967468
0.4683333337306976
0.35333332419395447
0.2566666603088379
0.2516666650772095
0.24166665971279144
0.2033333331346512
0.18500000238418576
0.18500000238418576
0.1983333379030228
0.14000000059604645
0.15000000596046448
0.1433333307504654
0.13833333551883695
0.09833333641290665
0.09833333641290665
0.08666666597127913
0.1366666704416275
0.09666666388511656
0.046666666865348816
0.07833333313465118
0.04833333194255829
0.09000000357627869
0.08500000089406966
0.05833333358168601
0.1783333271741867
0.11333333700895308
0.14499999582767487
0.14166666567325592
0.12166666984558104
0.15333333611488342
0.1733333319425583
0.25999999046325684
0.2983333468437195
0.30666667222976685
0.3400000035762787
0.3149999976158142
0.34833332896232605
0.49833333492279047
0.5
0.5799999833106995
0.5816666483879088
0.6333333253860474
0.4816666543483734
0.2566666603088379
0.15166667103767395
0.11999999731779099
0.028333334252238277
0.0
0.0016666667070239782
0.0
0.0
0.0
0.0
0.0
0.0
0.0
0.0
0.0
0.0
0.0
0.0
0.0
0.0
0.0
0.0
0.0
0.0
0.0
0.0
0.0
0.0
0.0
0.0
0.0
0.0
0.0
0.0
0.0
0.0
0.0
0.0
0.0
0.0
0.0
0.0
0.0
0.0
0.0
0.0
0.0
0.0
0.0
0.0
0.0
0.0
0.0
0.0
0.0
0.0
0.0
0.0
0.0
0.0
0.0
0.0
0.0
0.0
0.0
0.0
0.0
0.0
0.0
0.0
0.0
0.0
0.0
0.0
0.0
0.0
0.0
0.0
0.0
0.0
0.0
0.0
