1.0
0.7316865324974061
0.343270868062973
0.24105621874332428
0.13373082876205444
0.0
0.12436115741729736
0.31942078471183777
0.4574105739593506
0.4514480531215668
0.45229983329772955
0.47700169682502747
0.5
0.4991482198238373
0.5255536437034607
0.4991482198238373
0.5161839723587036
0.5400340557098389
0.5281090140342712
0.555366277694702
0.5724020600318909
0.5715502500534058
0.5195911526679993
0.5706984400749208
0.581771731376648
0.5604770183563232
0.6107325553894042
0.5477001667022705
0.5902895927429199
0.5911414027214049
0.5792163610458374
0.6115843057632446
0.5741056203842163
0.6422487497329712
0.6643952131271361
0.6678023934364319
0.6507666110992432
0.636286199092865
0.5979557037353516
0.5860306620597839
0.5247018933296204
0.5511073470115662
0.5357751250267029
0.5340715646743774
0.5178875923156737
0.504258930683136
0.4974446296691895
0.5323679447174072
0.5170357823371887
0.5178875923156737
0.5323679447174072
0.5221465229988098
0.459114134311676
0.508517861366272
0.5008518099784851
0.4778535068035126
0.47444632649421686
0.48977854847908014
0.4863713681697845
0.4761499166488648
0.4846678078174591
0.5051107406616211
0.475298136472702
0.5187393426895142
0.4880749583244324
0.4684838056564331
0.4829642176628113
0.4190800786018372
0.5119250416755676
0.5110732316970825
0.48040884733200073
0.44378194212913513
0.47359454631805414
0.4914821088314056
0.48977854847908014
0.4310051202774048
0.4642248749732971
0.4761499166488648
0.4616695046424866
0.4718909561634064
0.5025553703308105
0.5630323886871338
0.6132879257202148
0.6354343891143799
0.6567291021347046
0.7214650511741638
0.7052810788154602
0.677172064781189
0.6260647177696228
0.5749574303627014
0.54514479637146
0.4914821088314056
0.47103917598724365
0.4020442962646484
0.40800681710243225
0.4480408728122711
0.3935264050960541
0.18398636579513547
0.19846677780151367
0.7206133008003235
0.7453151345252991
0.6064735651016235
0.35519590973854065
0.18994888663291928
0.07069846987724304
0.00766609888523817
0.12010221183300018
0.347529798746109
0.4412265717983246
0.4608177244663239
0.4327086806297302
0.475298136472702
0.45485520362854
0.43781942129135126
0.5212947130203247
0.48040884733200073
0.0
0.0
0.0
0.0
0.0
0.0
0.0
0.0
0.0
0.0
0.0
0.0
0.0
0.0
0.0
0.0
