1.0
0.9606686234474182
0.7925270199775696
0.6135693192481995
0.5408062934875488
0.42379549145698553
0.32743361592292786
0.20845624804496765
0.13274335861206055
0.10226155072450636
0.09341199696063997
0.09734513610601424
0.1032448410987854
0.12881022691726685
0.05113077536225319
0.06489675492048264
0.0009832842042669652
0.09242871403694154
0.06981317698955536
0.012782693840563296
0.09341199696063997
0.15240904688835144
0.167158305644989
0.2212389409542084
0.1720747351646423
0.1504424810409546
0.22418878972530365
0.2379547655582428
0.23598819971084595
0.20058996975421903
0.18780727684497836
0.1661750227212906
0.16519173979759216
0.19370697438716888
0.18387414515018463
0.1907571256160736
0.21140609681606287
0.21730579435825348
0.21337266266345975
0.1720747351646423
0.13372664153575897
0.22517207264900208
0.4424778819084168
0.5290068984031677
0.3441494703292846
0.0
0.20943953096866608
0.5850540995597839
0.9734513163566588
0.8564404845237733
0.5998033285140991
0.43362832069396967
0.3579154312610626
0.25172075629234314
0.18780727684497836
0.08652900904417038
0.1071779727935791
0.04621435701847077
0.09341199696063997
0.06588003784418106
0.0796460211277008
0.044247787445783615
0.05211406201124191
0.11307767778635024
0.0953785628080368
0.12094395607709885
0.10816125571727753
0.09832841902971268
0.10914454609155654
0.14650933444499967
0.10226155072450636
0.12291052192449568
0.13962635397911072
0.17797443270683289
0.17600786685943604
0.0
0.0
0.0
0.0
0.0
0.0
0.0
0.0
0.0
0.0
0.0
0.0
0.0
0.0
0.0
0.0
0.0
0.0
0.0
0.0
0.0
0.0
0.0
0.0
0.0
0.0
0.0
0.0
0.0
0.0
0.0
0.0
0.0
0.0
0.0
0.0
0.0
0.0
0.0
0.0
0.0
0.0
0.0
0.0
0.0
0.0
0.0
0.0
0.0
0.0
0.0
0.0
0.0
0.0
0.0
0.0
0.0
