0.9978831410408019
0.6596105098724365
0.3729889988899231
0.256985604763031
0.21718882024288175
0.21295511722564697
0.17781540751457214
0.17781540751457214
0.18882302939891812
0.17400507628917694
0.18289585411548612
0.20067739486694333
0.18162573873996732
0.20025402307510373
0.18670618534088132
0.18924640119075772
0.18924640119075772
0.18247248232364652
0.18077899515628812
0.16596105694770813
0.1803556382656097
0.20406435430049896
0.20194749534130096
0.18797628581523892
0.1765453070402145
0.1680779010057449
0.17358170449733734
0.14182895421981812
0.15834039449691772
0.1401354819536209
0.1248941570520401
0.15114310383796692
0.1439458131790161
0.16130398213863373
0.1697713732719421
0.18797628581523892
0.18458932638168332
0.1765453070402145
0.19686706364154813
0.20194749534130096
0.18543606996536252
0.19051651656627652
0.18331922590732572
0.17908552289009094
0.18755291402339933
0.18924640119075772
0.19390347599983213
0.19602032005786893
0.19263336062431333
0.18543606996536252
0.18797628581523892
0.19940727949142456
0.20110076665878293
0.19093988835811612
0.20110076665878293
0.22396273910999295
0.1803556382656097
0.19178661704063413
0.19644369184970853
0.19771380722522733
0.20702794194221497
0.21210838854312897
0.19729043543338773
0.19983065128326416
0.19136324524879453
0.20110076665878293
0.19559694826602933
0.21845893561840057
0.19263336062431333
0.18543606996536252
0.20956815779209137
0.21126164495944977
0.19178661704063413
0.19983065128326416
0.21337848901748657
0.19475020468235013
0.19686706364154813
0.19983065128326416
0.21337848901748657
0.24089755117893216
0.20829805731773376
0.22353936731815335
0.23116002976894376
0.18628281354904172
0.20025402307510373
0.20575782656669617
0.21507197618484497
0.19517357647418973
0.19856053590774536
0.20067739486694333
0.20787468552589417
0.20067739486694333
0.20829805731773376
0.20237086713314056
0.15453006327152252
0.08340389281511305
0.0
0.2785774767398834
0.6447925567626953
0.9843353033065795
1.0
0.6388653516769409
0.4017781615257263
0.31837424635887146
0.2722269296646118
0.2595258355140686
0.25021168589591974
0.24005080759525296
0.24724809825420377
0.23835732042789456
0.23962743580341336
0.25148180127143854
0.24386113882064817
0.23920406401157376
0.23624047636985776
0.24301439523696897
0.23793394863605496
0.23412361741065976
0.23962743580341336
0.24132090806961057
0.0
0.0
0.0
0.0
0.0
0.0
0.0
0.0
0.0
0.0
0.0
0.0
