1.0
0.8744894266128541
0.5592276453971863
0.34199777245521545
0.22725585103034973
0.1451912373304367
0.09134794026613235
0.08392127603292465
0.07389528304338454
0.06461195647716522
0.05941329523921013
0.06424062699079514
0.054957296699285514
0.06126995757222176
0.06424062699079514
0.07203862071037292
0.07612328231334686
0.07129595428705215
0.0824359431862831
0.09209060668945312
0.0976606011390686
0.1151132583618164
0.11882659047842024
0.14184923470020294
0.14927589893341064
0.16598588228225708
0.18083921074867249
0.20126253366470337
0.23468251526355743
0.2580764889717102
0.29001113772392273
0.31266245245933527
0.32974377274513245
0.3564797639846802
0.35945042967796326
0.36279243230819697
0.34979575872421265
0.32157444953918457
0.298923134803772
0.2603044807910919
0.21648718416690824
0.18343853950500488
0.15150390565395355
0.13627924025058746
0.1151132583618164
0.10174526274204254
0.09209060668945312
0.07649461925029753
0.08614927530288696
0.08429261296987532
0.07426661998033524
0.07575195282697676
0.0701819509267807
0.07797994464635849
0.07797994464635849
0.07203862071037292
0.08132194727659225
0.08317860960960387
0.08354994654655457
0.08577794581651686
0.08726327866315842
0.08169327676296234
0.07835128158330917
0.07463794946670531
0.07575195282697676
0.0727812871336937
0.0675826221704483
0.062012623995542526
0.06721128523349762
0.07055328786373137
0.05941329523921013
0.0575566291809082
0.04938730224967002
0.055328629910945885
0.055328629910945885
0.0527292974293232
0.04790196940302849
0.05161529779434204
0.05310063064098358
0.05087263137102127
0.04493130370974541
0.04233197122812271
0.032677311450243
0.035276643931865685
0.03713330999016762
0.035276643931865685
0.03416264429688454
0.03304864466190338
0.03416264429688454
0.030449312180280685
0.031191978603601452
0.03156331181526184
0.029706647619605064
0.03490531072020531
0.04307463765144348
0.06981062144041061
0.07909394800662993
0.0798366144299507
0.10211659967899323
0.12439658492803572
0.13367991149425507
0.1299665868282318
0.1255105882883072
0.11696992069482803
0.10137393325567244
0.04567397013306618
0.024879315868020058
0.015967322513461113
0.020794652402400967
0.007797994650900365
0.005941329523921013
0.006312662269920112
0.0018566654762253163
0.0
0.003341997740790248
0.0018566654762253163
0.018937988206744198
0.1229112520813942
0.3108057975769043
0.7018195390701294
0.997771978378296
0.8184181451797485
0.5414036512374878
0.3661344349384308
0.23728184401988983
0.15373189747333527
0.10582993179559708
0.09394726902246477
0.08169327676296234
0.07575195282697676
0.0727812871336937
0.059784628450870514
