1.0
0.4482501745223999
0.21370066702365875
0.0
0.16902457177639008
0.23678332567214963
0.2866716384887696
0.347728967666626
0.326135516166687
0.34847357869148254
0.35145196318626404
0.3633655905723572
0.3603872060775757
0.3655993938446045
0.3775130212306976
0.3857036530971527
0.38198062777519226
0.3901712596416473
0.3909158706665039
0.40580788254737854
0.40804168581962585
0.40580788254737854
0.4177215099334717
0.4318689405918121
0.4549516141414642
0.4661206305027008
0.4512285888195038
0.48548027873039246
0.471332848072052
0.49888309836387634
0.5174981355667113
0.5204765200614929
0.5532389879226685
0.5636634230613708
0.5755770802497864
0.6120625734329224
0.5979151129722595
0.5934475064277649
0.5845122933387756
0.5725986361503601
0.5443037748336792
0.4981384873390198
0.4728220403194427
0.44601637125015253
0.4326135516166687
0.4221891164779663
0.3961280584335327
0.3737900257110596
0.3708116114139557
0.35591956973075867
0.3544303774833679
0.3387937545776367
0.3469843566417694
0.32464632391929626
0.34028294682502747
0.35070738196372986
0.319434106349945
0.3179449141025543
0.3052866756916046
0.32464632391929626
0.3164556920528412
0.31496649980545044
0.319434106349945
0.3291139304637909
0.3104988932609558
0.3239017128944397
0.29932984709739685
0.30454206466674805
0.3090096712112427
0.31124347448349
0.3127326965332031
0.32464632391929626
0.32464632391929626
0.3588979840278625
0.38495904207229614
0.40431869029998774
0.4244229197502136
0.4400595724582672
0.4318689405918121
0.4504839777946472
0.41846612095832814
0.3603872060775757
0.32464632391929626
0.319434106349945
0.27848100662231445
0.2486969530582428
0.26135516166687006
0.2747580111026764
0.2486969530582428
0.264333575963974
0.264333575963974
0.25986596941947937
0.24720774590969083
0.2457185387611389
0.2434847354888916
0.23678332567214963
0.27624720335006714
0.3857036530971527
0.41250932216644287
0.5569620132446289
0.8853313326835632
0.5510051846504211
0.20551005005836487
0.00446760980412364
0.06850335001945496
0.16455696523189545
0.24274013936519623
0.27103498578071594
0.2822040319442749
0.2903946340084076
0.30156365036964417
0.3224125206470489
0.3157110810279846
0.3186894953250885
0.3164556920528412
0.3417721390724182
0.33060312271118164
0.34847357869148254
0.0
0.0
0.0
0.0
0.0
0.0
0.0
0.0
0.0
0.0
0.0
0.0
0.0
0.0
