0.9727835059165953
1.0
0.9810309410095216
0.9587628841400145
0.9204123616218567
0.8659793734550477
0.5822680592536926
0.42474228143692017
0.30721649527549744
0.27752578258514404
0.2659793794155121
0.28082475066185
0.28453609347343445
0.25278350710868835
0.24659793078899384
0.2589690685272217
0.25154638290405273
0.24082474410533905
0.2086597979068756
0.22680412232875824
0.20783504843711853
0.22226804494857788
0.2342268079519272
0.18144330382347104
0.18515463173389435
0.17237113416194916
0.15958762168884277
0.17278350889682767
0.1352577358484268
0.12041237205266953
0.11670102924108504
0.1282474249601364
0.13773195445537567
0.12577319145202637
0.16536082327365875
0.1707216501235962
0.20329897105693817
0.2474226802587509
0.25855669379234314
0.3051546514034271
0.29443299770355225
0.33525773882865906
0.3575257658958435
0.31422680616378784
0.3138144314289093
0.3472164869308472
0.3414433002471924
0.3125773072242737
0.2898969054222107
0.31711339950561523
0.3088659942150116
0.2989690601825714
0.2977319657802582
0.2729896903038025
0.26762887835502625
0.23670102655887604
0.2589690685272217
0.26474225521087646
0.24659793078899384
0.2470103055238724
0.24082474410533905
0.2461855709552765
0.2663917541503906
0.2564948499202728
0.25773194432258606
0.2729896903038025
0.3430927693843841
0.3472164869308472
0.3756701052188873
0.4136082530021667
0.4354639053344727
0.4684536159038544
0.4354639053344727
0.3892783522605896
0.33731958270072937
0.30845361948013306
0.2791752517223358
0.21608246862888336
0.16701030731201172
0.1818556636571884
0.1579381376504898
0.22309277951717377
0.28494846820831293
0.34226804971694946
0.3901031017303466
0.4028865993022919
0.4639175236225128
0.6383504867553711
0.7076288461685181
0.8799999952316285
0.7913402318954467
0.8189690709114074
0.7352577447891235
0.706804096698761
0.40123710036277765
0.20989690721035004
0.1014432981610298
0.04288659617304802
0.0008247422520071267
0.030515464022755623
0.009072165004909039
0.0008247422520071267
0.0
0.0
0.0
0.0
0.0
0.0
0.0
0.0
0.0
0.0
0.0
0.0
0.0
0.0
0.0
0.0
0.0
0.0
0.0
0.0
0.0
0.0
0.0
0.0
0.0
0.0
0.0
0.0
0.0
0.0
