0.883802831172943
0.6161971688270569
0.2975352108478546
0.51408451795578
0.6866196990013123
0.14612676203250885
0.0
0.07394365966320038
0.014084506779909132
0.11091548949480055
0.18485915660858157
0.26936620473861694
0.24471831321716309
0.24295774102211
0.25704225897789
0.21126760542392728
0.23239436745643613
0.22711268067359924
0.22359155118465424
0.2359154969453812
0.20774647593498227
0.25528168678283686
0.26056337356567383
0.26936620473861694
0.2799295783042908
0.2535211145877838
0.30457746982574463
0.3133802711963653
0.31161972880363464
0.2957746386528015
0.27112674713134766
0.29049295186996454
0.2957746386528015
0.30457746982574463
0.32042253017425537
0.30809858441352844
0.3433098495006561
0.3327464759349823
0.35035210847854614
0.3362676203250885
0.26760563254356384
0.27112674713134766
0.26936620473861694
0.3010563254356384
0.3362676203250885
0.3292253613471985
0.39964789152145386
0.4049295783042908
0.4102112650871277
0.44542253017425537
0.40316900610923767
0.4260563254356384
0.41373237967491144
0.3873239457607269
0.39964789152145386
0.35387325286865234
0.3838028311729431
0.375
0.35211268067359924
0.3573943674564361
0.3362676203250885
0.36443662643432617
0.3573943674564361
0.35211268067359924
0.3661971688270569
0.30985915660858154
0.34859153628349304
0.35211268067359924
0.36443662643432617
0.36795774102211
0.3239436745643616
0.38028168678283686
0.38908451795578
0.3873239457607269
0.36091548204422
0.35035210847854614
0.38908451795578
0.3732394278049469
0.375
0.3767605721950531
0.35915493965148926
0.375
0.39612674713134766
0.39260563254356384
0.40140846371650696
0.38908451795578
0.42253521084785456
0.45070421695709223
0.5669013857841492
0.6355633735656737
0.6760563254356384
0.7535211443901062
0.8820422291755676
0.9489436745643616
1.0
0.9014084339141843
0.8820422291755676
0.8204225301742554
0.7359154820442199
0.5281690359115601
0.39612674713134766
0.4049295783042908
0.31866195797920227
0.2940140962600708
0.27112674713134766
0.23943662643432617
0.24471831321716309
0.21478873491287231
0.2200704216957092
0.21654929220676425
0.17429576814174652
0.0
0.0
0.0
0.0
0.0
0.0
0.0
0.0
0.0
0.0
0.0
0.0
0.0
0.0
0.0
0.0
0.0
0.0
0.0
0.0
0.0
