0.9792137145996093
0.4690465331077576
0.041572526097297675
0.04563940316438674
0.062358789145946496
0.0
0.08043380081653595
0.07501129806041716
0.061455037444829934
0.07320379465818405
0.09444193542003632
0.08359692990779875
0.06687754392623901
0.07501129806041716
0.09308630973100662
0.08224130421876907
0.07275191694498062
0.12562133371829987
0.11116132140159606
0.12516945600509644
0.11432444304227828
0.12245820462703703
0.1423407196998596
0.1364663392305374
0.16900135576725006
0.15906010568141937
0.171260729432106
0.1988251209259033
0.19249887764453888
0.20515137910842893
0.19972887635231015
0.2376863956451416
0.2462720274925232
0.24446453154087064
0.2647989094257355
0.249435156583786
0.22458201646804807
0.22006326913833615
0.193854495882988
0.19340261816978452
0.16177135705947876
0.16583822667598724
0.162223219871521
0.15047447383403778
0.1857207417488098
0.1260731965303421
0.13104383647441864
0.16448260843753815
0.1378219574689865
0.17577949166297913
0.11793944984674452
0.12968820333480835
0.16493447124958038
0.16312697529792783
0.1653863489627838
0.162223219871521
0.1680976003408432
0.18255761265754697
0.16177135705947876
0.1839132457971573
0.10076818615198135
0.1726163625717163
0.18707635998725888
0.1694532334804535
0.2019882500171661
0.22367826104164124
0.2331676483154297
0.25305014848709106
0.2738364338874817
0.28016266226768494
0.2679620385169983
0.3000451922416687
0.24762766063213348
0.22774514555931089
0.23181201517581937
0.1830094903707504
0.145051971077919
0.12652507424354553
0.09760506451129912
0.12110257893800735
0.12697695195674896
0.12381383031606674
0.10031631588935852
0.020786263048648838
0.06823316961526871
0.018526885658502575
0.1043831929564476
0.32263895869255066
0.7252598404884337
1.0
0.6760054230690001
0.16403073072433472
0.07004066556692123
0.04021690040826797
0.09941256046295166
0.08450067788362503
0.06190691515803337
0.07275191694498062
0.05467690899968147
0.07275191694498062
0.06552191823720932
0.07049254328012465
0.06055128946900368
0.06552191823720932
0.0826931744813919
0.09399005770683289
0.0
0.0
0.0
0.0
0.0
0.0
0.0
0.0
0.0
0.0
0.0
0.0
0.0
0.0
0.0
0.0
0.0
0.0
0.0
0.0
0.0
0.0
0.0
0.0
0.0
0.0
