1.0
0.29596853256225586
0.0
0.23500491678714752
0.5280236005783081
0.593903660774231
0.5968534946441649
0.593903660774231
0.6145526170730591
0.6125860214233398
0.6165191531181335
0.6293018460273743
0.6204522848129272
0.6125860214233398
0.6165191531181335
0.6125860214233398
0.6165191531181335
0.6155359148979187
0.6234021782875061
0.6155359148979187
0.6342182755470276
0.6411013007164001
0.642084538936615
0.642084538936615
0.6450344324111937
0.6411013007164001
0.642084538936615
0.6538839936256409
0.6705998182296753
0.692232072353363
0.725663721561432
0.7610619664192199
0.7866273522377014
0.8230088353157043
0.8456243872642517
0.8770895004272462
0.8859390616416931
0.8997049927711488
0.901671588420868
0.8879055976867675
0.8652900457382202
0.8259587287902832
0.7974434494972229
0.772861361503601
0.7443461418151854
0.7236971259117126
0.6932153105735779
0.6764994859695435
0.6735496520996094
0.6529006958007812
0.6538839936256409
0.6548672318458557
0.6597836613655089
0.656833827495575
0.6578171253204346
0.6578171253204346
0.6538839936256409
0.650934100151062
0.6548672318458557
0.6440511345863342
0.6430678367614746
0.6470009684562683
0.6411013007164001
0.6578171253204346
0.6519173979759216
0.6578171253204346
0.6607669591903688
0.6558505296707153
0.6548672318458557
0.6578171253204346
0.6637167930603027
0.6637167930603027
0.6705998182296753
0.6764994859695435
0.6715831160545349
0.6804326176643372
0.6853490471839905
0.674532949924469
0.6814159154891968
0.6784660816192627
0.6843658089637756
0.6764994859695435
0.6647000908851624
0.6715831160545349
0.6843658089637756
0.6843658089637756
0.6823992133140564
0.674532949924469
0.6725663542747498
0.6578171253204346
0.6499508619308472
0.656833827495575
0.6637167930603027
0.6696165204048157
0.6627335548400879
0.6519173979759216
0.656833827495575
0.6558505296707153
0.6627335548400879
0.6430678367614746
0.6637167930603027
0.6676499247550964
0.665683388710022
0.6617502570152283
0.6558505296707153
0.6676499247550964
0.6696165204048157
0.6558505296707153
0.6617502570152283
0.6558505296707153
0.6637167930603027
0.6735496520996094
0.674532949924469
0.668633222579956
0.6450344324111937
0.6548672318458557
0.650934100151062
0.6637167930603027
0.6597836613655089
0.650934100151062
0.6529006958007812
0.6479842662811279
0.6361848711967468
0.6322517395019531
0.6342182755470276
0.6666666865348816
0.6951819062232971
0.7109144330024719
0.7295968532562256
0.7502458095550537
0.7767944931983948
0.7895771861076355
