0.9852216839790344
0.6354680061340332
0.08128079026937485
0.1034482792019844
0.04679802805185317
0.19211822748184204
0.18842364847660065
0.23029556870460513
0.22783251106739044
0.2290640324354172
0.23399014770984647
0.23522166907787323
0.2586206793785095
0.2733990252017975
0.2586206793785095
0.29802954196929926
0.2697044312953949
0.32019704580307007
0.3645320236682892
0.33990147709846497
0.3854679763317108
0.3928571343421936
0.45197045803070074
0.5049260854721069
0.5258620977401732
0.60960590839386
0.6194581389427185
0.639162540435791
0.7081280946731567
0.6736453175544739
0.6908866763114929
0.7105911374092102
0.6046798229217529
0.5431034564971924
0.5012315511703491
0.45197045803070074
0.43842363357543945
0.3682265877723694
0.35960590839385986
0.3300492465496063
0.3288177251815796
0.314039409160614
0.33374384045600886
0.32635468244552607
0.3177340030670166
0.30788177251815796
0.3374384343624115
0.2857142984867096
0.3300492465496063
0.41871920228004456
0.4852216839790344
0.5652709603309631
0.5874384045600891
0.5800492763519287
0.6366994976997375
0.557881772518158
0.4088670015335083
0.4076354801654816
0.39162561297416687
0.2697044312953949
0.33990147709846497
0.32019704580307007
0.282019704580307
0.25369459390640253
0.2105911374092102
0.2389162629842758
0.22044335305690765
0.19211822748184204
0.2142857164144516
0.08497536927461624
0.017241379246115685
0.0
0.32019704580307007
1.0
0.35591134428977966
0.3534482717514038
0.1761083751916885
0.003694581333547831
0.16871921718120575
0.22783251106739044
0.2758620679378509
0.25
0.2857142984867096
0.2573891580104828
0.28694581985473633
0.29926109313964844
0.3288177251815796
0.0
0.0
0.0
0.0
0.0
0.0
0.0
0.0
0.0
0.0
0.0
0.0
0.0
0.0
0.0
0.0
0.0
0.0
0.0
0.0
0.0
0.0
0.0
0.0
0.0
0.0
0.0
0.0
0.0
0.0
0.0
0.0
0.0
0.0
0.0
0.0
0.0
0.0
0.0
0.0
0.0
0.0
0.0
0.0
0.0
