0.946091651916504
0.8805031180381776
0.8391733765602112
0.8373764753341674
0.788858950138092
0.7906559109687805
0.7699910402297973
0.7277628183364867
0.7187780737876892
0.7277628183364867
0.6522911190986633
0.6792452931404114
0.6621742844581604
0.6567834615707396
0.6208445429801941
0.6783468127250671
0.657681941986084
0.64420485496521
0.6415094137191772
0.6352201104164124
0.6064689755439758
0.6289308071136475
0.6316262483596802
0.6235399842262268
0.6343216300010681
0.6558849811553955
0.6289308071136475
0.6217430233955383
0.6379155516624451
0.6424078941345215
0.64420485496521
0.6307277679443359
0.6388140320777893
0.5867025852203369
0.6352201104164124
0.6630727648735046
0.6199460625648499
0.6433063745498657
0.6217430233955383
0.6558849811553955
0.6127583384513855
0.6567834615707396
0.6558849811553955
0.6486971974372864
0.6594789028167725
0.6235399842262268
0.6675651669502257
0.6603773832321167
0.6343216300010681
0.657681941986084
0.7097933292388916
0.7205750346183777
0.708894908428192
0.8140161633491517
0.7969452142715454
0.7789757251739502
0.8167116045951843
0.8481581211090087
0.8499550819396973
0.7843665480613708
0.7726864218711853
0.7268643379211426
0.671159029006958
0.6837376356124878
0.597484290599823
0.6145552396774292
0.6127583384513855
0.6055705547332764
0.6073674559593201
0.7124887704849243
0.7053009867668152
0.593890368938446
0.6945193409919739
1.0
0.33872416615486145
0.01796945184469223
0.0
0.4159928262233734
0.4779874086380005
0.5103324055671692
0.5462713241577148
0.5876010656356812
0.5435759425163269
0.5345911979675293
0.5687331557273865
0.5723270177841187
0.580413281917572
0.0
0.0
0.0
0.0
0.0
0.0
0.0
0.0
0.0
0.0
0.0
0.0
0.0
0.0
0.0
0.0
0.0
0.0
0.0
0.0
0.0
0.0
0.0
0.0
0.0
0.0
0.0
0.0
0.0
0.0
0.0
0.0
0.0
0.0
0.0
0.0
0.0
0.0
0.0
0.0
0.0
0.0
0.0
0.0
0.0
