1.0
0.9508002400398254
0.8749259114265443
0.8310610651969909
0.7777119278907776
0.6852400898933411
0.6840545535087585
0.6585655212402344
0.6538233757019042
0.6704208850860596
0.6597510576248169
0.650859534740448
0.6289271116256714
0.6870183944702148
0.7700059413909912
0.9004149436950684
0.9306461215019226
0.8476585745811462
0.9401304125785828
0.46295198798179626
0.0
0.07172495871782303
0.295791357755661
0.5305275917053223
0.5726141333580017
0.5589804649353027
0.6004742383956909
0.6064019203186035
0.5951393246650696
0.591582715511322
0.5998814702033997
0.6218138933181763
0.6105512976646423
0.6437463164329529
0.6413752436637878
0.6419680118560791
0.6342620253562927
0.621221125125885
0.6603438258171082
0.648488461971283
0.6550089120864868
0.6751630306243896
0.6579727530479431
0.6982809901237488
0.6858328580856323
0.6858328580856323
0.7131001949310303
0.6905750036239624
0.6816834807395935
0.6858328580856323
0.6923533082008362
0.7006520628929137
0.678126871585846
0.6905750036239624
0.6585655212402344
0.6633076667785645
0.6733847260475159
0.6561944484710692
0.6745702624320984
0.6639004349708557
0.6490812301635742
0.6478956937789917
0.6502667665481567
0.6615293622016907
0.6437463164329529
0.6520450711250305
0.0
0.0
0.0
0.0
0.0
0.0
0.0
0.0
0.0
0.0
0.0
0.0
0.0
0.0
0.0
0.0
0.0
0.0
0.0
0.0
0.0
0.0
0.0
0.0
0.0
0.0
0.0
0.0
0.0
0.0
0.0
0.0
0.0
0.0
0.0
0.0
0.0
0.0
0.0
0.0
0.0
0.0
0.0
0.0
0.0
0.0
0.0
0.0
0.0
0.0
0.0
0.0
0.0
0.0
0.0
0.0
0.0
0.0
0.0
0.0
0.0
0.0
0.0
0.0
0.0
0.0
