0.9853777289390565
0.8058488965034484
0.7132412791252136
0.7408611178398131
0.6913079023361206
0.7392364144325256
0.7416734099388121
0.7270511984825134
0.7692932486534119
0.7254264950752257
0.781478464603424
0.7920389771461488
0.781478464603424
0.8123477101325988
0.7627944946289062
0.8359057903289795
0.8294069766998291
0.8196588158607483
0.8521527051925659
0.8025994896888734
0.8285946249961853
0.7871649265289306
0.7741673588752745
0.7839155197143554
0.7059301137924193
0.7294881939888
0.694557249546051
0.6807473301887512
0.6823720335960388
0.6238830089569092
0.7132412791252136
0.7018684148788452
0.6848090887069702
0.6774979829788208
0.6092607378959656
0.6701868176460266
0.6620633602142334
0.6238830089569092
0.6685621738433838
0.611697793006897
0.6774979829788208
0.6450040340423584
0.6734362244606018
0.6425670385360718
0.5800162553787231
0.654752254486084
0.6303818225860596
0.598700225353241
0.628757119178772
0.563769280910492
0.6263200640678406
0.6149471998214722
0.6108854413032532
0.66774982213974
0.6588139533996582
0.7627944946289062
0.7010560631752014
0.7108042240142822
0.7806661128997802
0.6385052800178528
0.676685631275177
0.628757119178772
0.5702680945396423
0.6133224964141846
0.5109667181968689
0.5369617938995361
0.5410235524177551
0.5272136330604553
0.5255889296531677
0.5125913619995117
0.5142160654067993
0.5450853109359741
0.5385864973068237
0.5458976626396179
0.451665312051773
0.5337124466896057
0.5117790699005127
0.18521527945995328
0.0
0.5182778239250183
1.0
0.5597075819969177
0.45247766375541687
0.8846466541290283
0.8440292477607726
0.6921202540397644
0.620633602142334
0.6450040340423584
0.66774982213974
0.6100730895996094
0.6831843852996825
0.6645004153251648
0.6441917419433594
0.6848090887069702
0.6701868176460266
0.7197400331497192
0.0
0.0
0.0
0.0
0.0
0.0
0.0
0.0
0.0
0.0
0.0
0.0
0.0
0.0
0.0
0.0
0.0
0.0
0.0
0.0
0.0
0.0
0.0
0.0
0.0
0.0
0.0
0.0
0.0
0.0
0.0
0.0
0.0
0.0
0.0
0.0
