0.9960022568702696
0.6996002197265625
0.33238148689270014
0.0
0.021130781620740887
0.12735579907894135
0.1490576863288879
0.14220444858074188
0.13934893906116483
0.14391775429248807
0.1462021768093109
0.1559109091758728
0.154768705368042
0.1462021768093109
0.16447743773460388
0.17304398119449615
0.179897204041481
0.17589949071407318
0.177041694521904
0.18846373260021207
0.20388349890708923
0.2004568874835968
0.19360364973545077
0.1901770383119583
0.1901770383119583
0.2375785261392593
0.2324386090040207
0.22786979377269745
0.2415762394666672
0.2541404962539673
0.27070245146751404
0.2975442707538605
0.2855511009693146
0.3072530031204224
0.31696173548698425
0.33980581164360046
0.33752140402793884
0.3346658945083618
0.3438035547733307
0.33980581164360046
0.3455168604850769
0.330668181180954
0.3198172450065613
0.30553969740867615
0.2689891457557678
0.2375785261392593
0.24100513756275177
0.21701884269714355
0.1981724798679352
0.19988578557968137
0.20388349890708923
0.19874358177185056
0.19474585354328156
0.18960593640804288
0.18903483450412753
0.19531695544719696
0.1958880573511124
0.18446601927280423
0.20445460081100464
0.18617932498455048
0.19531695544719696
0.1970302611589432
0.18389491736888883
0.18161050975322723
0.18275271356105804
0.1878926306962967
0.18903483450412753
0.16047972440719604
0.18389491736888883
0.18161050975322723
0.18960593640804288
0.177041694521904
0.177041694521904
0.18617932498455048
0.1901770383119583
0.19131924211978912
0.18675042688846588
0.18275271356105804
0.17190177738666534
0.18846373260021207
0.1901770383119583
0.18960593640804288
0.1679040491580963
0.18103940784931183
0.18161050975322723
0.18960593640804288
0.1930325478315353
0.1667618453502655
0.16961735486984253
0.1787550002336502
0.17418618500232697
0.1787550002336502
0.1787550002336502
0.16961735486984253
0.1673329472541809
0.18332381546497345
0.1907481402158737
0.16447743773460388
0.17247287929058075
0.1656196415424347
0.16219303011894226
0.17361508309841156
0.16847515106201172
0.1553398072719574
0.17418618500232697
0.16276413202285767
0.15933752059936523
0.14106224477291107
0.16333523392677307
0.177041694521904
0.1958880573511124
0.25071388483047485
0.2461450546979904
0.24785836040973663
0.291262149810791
0.30496859550476074
0.24214734137058255
0.21644774079322812
0.21416333317756647
0.199314683675766
0.177041694521904
0.16219303011894226
0.13877783715724945
0.1267846971750259
0.1433466523885727
0.16333523392677307
0.1559109091758728
0.14962878823280334
0.09137635678052902
0.13763563334941864
0.1781838983297348
0.5808109641075134
