1.0
0.7171956300735474
0.45002368092536926
0.1577451378107071
0.12979631125926971
0.16200852394104004
0.18095688521862033
0.1724301278591156
0.1582188606262207
0.16248223185539243
0.1591662764549255
0.15442918241024017
0.15727142989635468
0.1605874001979828
0.18048317730426788
0.16295593976974487
0.16532449424266815
0.17195641994476318
0.18474656343460083
0.17669351398944855
0.19185219705104828
0.1752723753452301
0.20227380096912384
0.20085267722606656
0.20085267722606656
0.21411652863025665
0.21364282071590424
0.23353861272335047
0.2411179542541504
0.2529606819152832
0.2610137462615967
0.2671719491481781
0.26575082540512085
0.2728564739227295
0.26290857791900635
0.23922312259674072
0.20227380096912384
0.1994315534830093
0.18048317730426788
0.1757460981607437
0.1525343507528305
0.16011369228363037
0.1639033704996109
0.16295593976974487
0.1591662764549255
0.17006158828735352
0.1672193259000778
0.1752723753452301
0.17764092981815338
0.17148271203041077
0.16532449424266815
0.1577451378107071
0.17053529620170593
0.16153481602668762
0.1667456179857254
0.16958788037300107
0.1582188606262207
0.14495499432086945
0.14306016266345975
0.13974419236183167
0.13690194487571716
0.13074372708797455
0.1354808211326599
0.1321648508310318
0.14163903892040253
0.14306016266345975
0.13405968248844147
0.14827096462249756
0.1411653310060501
0.14211274683475494
0.13358597457408905
0.1326385587453842
0.1326385587453842
0.12932260334491727
0.12600663304328918
0.12269067019224165
0.13690194487571716
0.1350070983171463
0.1610611081123352
0.18522027134895325
0.18900994956493375
0.19658929109573364
0.20843201875686643
0.21411652863025665
0.1785883456468582
0.16579820215702057
0.14732354879379272
0.12174324691295624
0.09426812082529071
0.09332069754600526
0.08289910107851027
0.08005684614181519
0.07863571494817732
0.07863571494817732
0.0
0.04358123987913132
0.3339649438858032
0.8408337235450744
0.7645665407180786
0.43486499786376953
0.11321648210287094
0.054476551711559296
0.0838465169072151
0.09616295248270033
0.0833728089928627
0.07010895013809204
0.0
0.0
0.0
0.0
0.0
0.0
0.0
0.0
0.0
0.0
0.0
0.0
0.0
0.0
0.0
0.0
0.0
0.0
0.0
0.0
0.0
0.0
0.0
0.0
0.0
0.0
