0.9182057976722717
0.9947229623794557
0.7321899533271788
0.4313984215259552
0.22229550778865811
0.1813984215259552
0.13324537873268127
0.14116095006465912
0.13786280155181885
0.1484168916940689
0.16358838975429535
0.1470976322889328
0.14182057976722717
0.15897098183631897
0.14182057976722717
0.16292876005172727
0.1787598878145218
0.18337731063365936
0.17480210959911346
0.16886544227600095
0.1708443313837051
0.16622690856456757
0.1655672788619995
0.16226913034915924
0.15633244812488556
0.1813984215259552
0.16952507197856903
0.15831135213375092
0.16886544227600095
0.1543535590171814
0.17216359078884125
0.16754616796970367
0.16886544227600095
0.16226913034915924
0.16292876005172727
0.18799471855163571
0.18931397795677185
0.17744062840938568
0.16820579767227173
0.1715039610862732
0.18535619974136353
0.18799471855163571
0.2011873424053192
0.18271768093109128
0.18865434825420377
0.21372032165527344
0.18997360765933993
0.20778363943099973
0.20184697210788727
0.20646438002586365
0.21965698897838593
0.2084432691335678
0.20646438002586365
0.20052769780159
0.20382586121559143
0.19920843839645383
0.1715039610862732
0.17480210959911346
0.16886544227600095
0.16029024124145508
0.1728232204914093
0.16029024124145508
0.15633244812488556
0.16688653826713562
0.15897098183631897
0.1781002581119537
0.1728232204914093
0.18205805122852323
0.1787598878145218
0.1919525116682053
0.20910289883613584
0.1926121413707733
0.19656991958618164
0.18535619974136353
0.20316623151302335
0.210422158241272
0.22823219001293185
0.20250660181045527
0.2011873424053192
0.19063325226306915
0.20250660181045527
0.19656991958618164
0.2058047503232956
0.20778363943099973
0.19788917899131772
0.21899735927581787
0.20448549091815948
0.21306069195270536
0.22097624838352203
0.22361478209495544
0.22823219001293185
0.22097624838352203
0.21503958106040957
0.23746702075004575
0.23746702075004575
0.23416887223720553
0.23416887223720553
0.2328495979309082
0.220316618680954
0.2156992107629776
0.2216358780860901
0.2328495979309082
0.2262533009052277
0.22427441179752347
0.22955144941806796
0.26319262385368347
0.2625329792499542
0.29353561997413635
0.3159630596637726
0.33970975875854487
0.38918206095695496
0.37664908170700073
0.36477571725845337
0.37928760051727295
0.3621371984481812
0.3482849597930908
0.2638522386550904
0.22493404150009155
0.19327177107334137
0.1655672788619995
0.18271768093109128
0.19788917899131772
0.18535619974136353
0.14511872828006744
0.04353561997413635
0.0
0.15237466990947723
0.4821899831295013
0.6853561997413635
0.9518469572067261
1.0
0.9089709520339965
