1.0
0.6514177918434143
0.2979206144809723
0.2555765509605408
0.13648393750190735
0.07145557552576065
0.06313799321651459
0.03591682389378548
0.029489602893590927
0.029867675155401226
0.01965973526239395
0.029867675155401226
0.022684309631586075
0.01814744807779789
0.02873346023261547
0.04310018941760063
0.0517958402633667
0.04952741041779518
0.05103969573974609
0.07372400909662247
0.07901701331138611
0.10321360826492308
0.10056710988283156
0.11266540735960005
0.1432892233133316
0.14782609045505524
0.1829867660999298
0.19962193071842196
0.2241965979337692
0.2582230567932129
0.27674856781959534
0.2948960363864898
0.2737240195274353
0.2816635072231293
0.2782608568668365
0.2623818516731262
0.2461247593164444
0.18827977776527405
0.16635160148143768
0.14555765688419342
0.10812854766845705
0.10548204183578493
0.07145557552576065
0.060491494834423065
0.06956521421670914
0.05935727804899216
0.06767486035823822
0.053686201572418206
0.06654064357280731
0.07296786457300186
0.07334593683481216
0.0778827965259552
0.07372400909662247
0.0797731578350067
0.07523629814386366
0.07561437040567398
0.09376181662082672
0.07561437040567398
0.07032135874032974
0.09603024274110794
0.07296786457300186
0.07372400909662247
0.05066162720322609
0.06956521421670914
0.07674857974052429
0.040831759572029114
0.05066162720322609
0.03516067937016487
0.04461247473955154
0.03062381781637669
0.021928166970610615
0.022684309631586075
0.031758032739162445
0.038185253739356995
0.02344045415520668
0.01890359260141849
0.03629489615559578
0.031758032739162445
0.018525520339608192
0.017391303554177284
0.029489602893590927
0.03137996047735214
0.014366730116307735
0.012098298408091068
0.016635160893201828
0.012098298408091068
0.021550094708800316
0.01172022707760334
0.012098298408091068
0.03742911294102669
0.054820414632558816
0.07485822588205338
0.0907372385263443
0.09867674857378005
0.1300567090511322
0.12703213095664978
0.1413988620042801
0.1051039695739746
0.1039697527885437
0.04310018941760063
0.014744801446795464
0.021172022446990013
0.002268431009724736
0.0037807184271514416
0.005293005611747503
0.017391303554177284
0.007183365058153868
0.0
0.004914933815598488
0.004914933815598488
0.06200378015637398
0.24725897610187528
0.5262759923934937
0.9395084977149964
0.986011326313019
0.5531190633773804
0.2816635072231293
0.2211720198392868
0.118336483836174
0.09111531078815459
0.061247635632753365
0.0654064267873764
0.048771265894174576
0.04272211715579033
0.04158790037035942
0.040831759572029114
0.06200378015637398
0.04385633394122124
0.04499054700136185
0.06956521421670914
0.053686201572418206
0.08657845109701155
