1.0
0.8806818127632141
0.6584596037864685
0.5170454382896423
0.3907828330993652
0.3800505101680756
0.37626263499259943
0.38952019810676575
0.373106062412262
0.37626263499259943
0.38068181276321406
0.3604798018932343
0.3800505101680756
0.3819444477558136
0.3888888955116272
0.39646464586257935
0.38762626051902765
0.41098484396934504
0.40719696879386896
0.4185605943202973
0.4160353541374207
0.4021464586257935
0.42929291725158686
0.44381314516067505
0.474116176366806
0.49431818723678583
0.49873736500740046
0.5094696879386902
0.5246211886405945
0.5101010203361511
0.504419207572937
0.49747475981712336
0.49368685483932495
0.4842171669006348
0.4785353541374207
0.4608585834503174
0.45202019810676575
0.43497475981712336
0.4185605943202973
0.4185605943202973
0.38762626051902765
0.39330807328224177
0.39267677068710327
0.3857323229312897
0.3888888955116272
0.3920454680919647
0.38131314516067505
0.38068181276321406
0.3882575631141663
0.3958333432674408
0.38952019810676575
0.3914141356945038
0.39709594845771784
0.39962121844291687
0.3939394056797028
0.3743686974048615
0.36553031206130976
0.3787878751754761
0.3838383853435516
0.3882575631141663
0.3888888955116272
0.3844696879386902
0.3743686974048615
0.3819444477558136
0.3907828330993652
0.4160353541374207
0.44507575035095215
0.49747475981712336
0.5599747300148009
0.5763888955116272
0.5309343338012695
0.4898989796638489
0.467803031206131
0.4046717286109924
0.36868685483932495
0.3712121248245239
0.35479798913002014
0.3484848439693451
0.3276515007019043
0.338383823633194
0.2777777910232544
0.11742424219846724
0.0
0.3244949579238892
0.7979797720909119
0.9671717286109923
0.8585858345031737
0.6148989796638489
0.4785353541374207
0.3516414165496826
0.34406566619873047
0.35353535413742065
0.35732322931289673
0.3661616146564484
0.3661616146564484
0.3787878751754761
0.3781565725803375
0.38952019810676575
0.38636362552642817
0.39330807328224177
0.41035354137420654
0.4084596037864685
0.405303031206131
0.4229798018932343
0.4236111044883728
0.4375
0.44191917777061457
0.4476010203361511
0.45959594845771784
0.47285354137420654
0.4968434274196625
0.4898989796638489
0.4911616146564484
0.4968434274196625
0.5119949579238892
0.49873736500740046
0.501893937587738
0.4962121248245239
0.47601011395454407
0.47537878155708313
0.45580807328224177
0.4255050420761108
0.41414141654968256
0.4021464586257935
0.37563130259513855
0.3699494898319244
0.0
0.0
0.0
0.0
0.0
0.0
