1.0
0.5954301357269287
0.4242831468582153
0.23723118007183075
0.19198028743267057
0.10147849470376968
0.07101254165172577
0.06630824506282806
0.06675627082586288
0.07347670197486877
0.0694444477558136
0.07370071858167648
0.060035843402147286
0.06877239793539047
0.06182795763015747
0.06451612710952759
0.06586021184921265
0.06339605897665024
0.0694444477558136
0.06966845691204071
0.06877239793539047
0.07078853249549866
0.06272401660680771
0.07034049928188324
0.06810035556554793
0.07235663384199142
0.07526881992816925
0.06429211795330048
0.07258064299821852
0.0694444477558136
0.07414874434471129
0.0716845914721489
0.07235663384199142
0.06765232980251312
0.06989247351884842
0.0810931921005249
0.09094981849193573
0.0902777761220932
0.09431003779172896
0.10058243572711945
0.10483870655298232
0.1113351285457611
0.10528673976659773
0.09475806355476381
0.09789426624774931
0.09811828285455704
0.10125447809696196
0.08826164901256561
0.09318996220827103
0.09363799542188643
0.09408602118492126
0.0949820801615715
0.0857974886894226
0.0922939032316208
0.09162186086177826
0.09722222387790681
0.0949820801615715
0.0922939032316208
0.10394265502691268
0.09184587746858595
0.08400537818670271
0.08176523447036742
0.08086917549371718
0.08445340394973753
0.07638888806104659
0.07504480332136154
0.07235663384199142
0.06451612710952759
0.06653226166963577
0.07750896364450455
0.10573476552963255
0.13485662639141083
0.127464160323143
0.1229838728904724
0.13776881992816925
0.13373656570911407
0.13732078671455383
0.12231183052062988
0.1229838728904724
0.11223118007183074
0.08938171714544296
0.08557347953319548
0.07213261723518372
0.07190860062837601
0.07123655825853348
0.0625
0.06765232980251312
0.06608422845602036
0.051523298025131226
0.0
0.01254480332136154
0.24775986373424527
0.6234319210052489
0.9746863842010498
0.6068548560142517
0.46146953105926514
0.254928320646286
0.1895161271095276
0.11267921328544615
0.04435483738780022
0.046818997710943215
0.044802866876125336
0.03606630861759186
0.04345878213644028
0.03606630861759186
0.03763440996408463
0.03920250758528709
0.03382616490125656
0.04502688348293304
0.04704301059246063
0.04659498110413551
0.05040322616696358
0.0
0.0
0.0
0.0
0.0
0.0
0.0
0.0
0.0
0.0
0.0
0.0
0.0
0.0
0.0
0.0
0.0
0.0
0.0
0.0
