1.0
0.8573417067527771
0.39526793360710144
0.2205984741449356
0.27905359864234924
0.2324286699295044
0.17397356033325195
0.16771051287651062
0.16979819536209106
0.1760612428188324
0.1607515662908554
0.17466944456100464
0.1878914386034012
0.20111343264579767
0.2087682634592056
0.18580375611782077
0.2094641625881195
0.2066805809736252
0.2087682634592056
0.21155184507369995
0.20389701426029205
0.20737648010253903
0.2254697233438492
0.21016006171703336
0.20389701426029205
0.20807237923145291
0.20389701426029205
0.18928322196006772
0.19763396680355072
0.21642310917377472
0.1899791210889816
0.22338204085826877
0.2393876165151596
0.24773834645748136
0.2623521089553833
0.26026442646980286
0.26652747392654413
0.25330549478530884
0.25678497552871704
0.2588726580142975
0.2581767439842224
0.2693110704421997
0.27348643541336054
0.2400835007429123
0.2400835007429123
0.2442588657140732
0.2268615216016769
0.23382045328617093
0.2212943583726883
0.21642310917377472
0.1851078569889069
0.20111343264579767
0.2129436284303665
0.18858733773231504
0.19554628431797028
0.1830201745033264
0.17397356033325195
0.1941544860601425
0.18928322196006772
0.20111343264579767
0.20320111513137817
0.1878914386034012
0.19206680357456207
0.19345858693122864
0.2087682634592056
0.18928322196006772
0.1941544860601425
0.2185107916593552
0.2324286699295044
0.27557411789894104
0.3152400851249695
0.35142657160758967
0.3451635241508484
0.2741823196411133
0.2707028388977051
0.21224774420261383
0.18719553947448728
0.23382045328617093
0.24077939987182617
0.23451635241508484
0.24773834645748136
0.21503131091594696
0.18371607363224027
0.15100905299186707
0.16910229623317719
0.17466944456100464
0.1864996552467346
0.1899791210889816
0.07237300276756287
0.09324982762336731
0.042449548840522766
0.0
0.28670841455459595
0.9345859289169312
0.9951287508010864
0.6924147605895996
0.33263742923736567
0.3117606043815613
0.2964509427547455
0.17397356033325195
0.15518441796302795
0.13987474143505096
0.14335420727729797
0.15031315386295319
0.15657620131969452
0.16771051287651062
0.1607515662908554
0.1851078569889069
0.16283924877643585
0.15031315386295319
0.14683368802070615
0.0
0.0
0.0
0.0
0.0
0.0
0.0
0.0
0.0
0.0
0.0
0.0
0.0
0.0
0.0
0.0
0.0
0.0
0.0
0.0
0.0
