0.9715215563774109
0.917005717754364
0.898291289806366
0.8323840498924254
0.7363710403442384
0.7013832330703735
0.621643602848053
0.5752644538879395
0.5687550902366638
0.5199348926544188
0.5126118659973145
0.5199348926544188
0.5061025023460388
0.46623271703720087
0.49715214967727667
0.5012205243110657
0.492270141839981
0.4955248236656189
0.5020341873168945
0.48901546001434326
0.5158665776252747
0.47925141453742975
0.4833197593688965
0.4955248236656189
0.5101708769798279
0.509357213973999
0.5142391920089722
0.5117982029914856
0.5191212296485901
0.5101708769798279
0.538649320602417
0.5199348926544188
0.5020341873168945
0.5069161653518677
0.49633848667144775
0.6118795871734619
0.6395443677902222
0.7013832330703735
0.7095199227333069
0.7493897676467894
0.8218063712120056
0.7493897676467894
0.7339300513267517
0.6672090888023376
0.6240845918655396
0.6110659241676331
0.5248169302940369
0.43938159942626953
0.4279902279376984
0.43856793642044073
0.451586663722992
0.4377542734146118
0.405207484960556
0.40764850378036493
0.41578519344329834
0.43368592858314514
0.41415783762931824
0.41985353827476496
0.5598047375679016
0.7282343506813049
0.7632221579551696
1.0
0.8600488305091859
0.31895849108695984
0.0
0.0610252246260643
0.24898290634155276
0.3230268657207489
0.4165988564491272
0.434499591588974
0.4564686715602874
0.4401952922344208
0.43531325459480286
0.47518306970596313
0.4458909630775452
0.49145647883415217
0.45565500855445856
0.4678600430488586
0.47843775153160095
0.5028478503227234
0.5256305932998657
0.5427176356315613
0.5557363629341124
0.5793327689170836
0.6151342391967772
0.6997559070587158
0.6973149180412292
0.7558991312980653
0.8120422959327698
0.8331977128982544
0.8909682631492615
0.9178193807601928
0.0
0.0
0.0
0.0
0.0
0.0
0.0
0.0
0.0
0.0
0.0
0.0
0.0
0.0
0.0
0.0
0.0
0.0
0.0
0.0
0.0
0.0
0.0
0.0
0.0
0.0
0.0
0.0
0.0
0.0
0.0
0.0
0.0
0.0
0.0
0.0
0.0
0.0
0.0
0.0
