1.0
0.30253806710243225
0.15126903355121613
0.10609137266874312
0.09289339929819107
0.10101522505283356
0.08934009820222855
0.08730964362621307
0.0852791890501976
0.09593908488750456
0.09898477047681808
0.09796953946352004
0.10355330258607864
0.10456852614879608
0.09796953946352004
0.0994923859834671
0.10659898817539216
0.11015228182077408
0.1309644728899002
0.1416243612766266
0.15482233464717865
0.17512691020965576
0.19137056171894076
0.21776649355888367
0.2411167472600937
0.26700508594512934
0.3055837452411652
0.3436548113822937
0.3614213168621063
0.3751268982887268
0.3827411234378815
0.37005075812339777
0.34213197231292725
0.3045685291290283
0.25989848375320435
0.21116751432418823
0.17563451826572418
0.14670050144195557
0.12690354883670807
0.10862944275140762
0.10304568707942963
0.09187817573547363
0.1020304560661316
0.09593908488750456
0.0913705602288246
0.0913705602288246
0.0913705602288246
0.09593908488750456
0.10152284055948256
0.1020304560661316
0.0822335034608841
0.0913705602288246
0.08984771370887756
0.07817258685827254
0.07868020236492158
0.0741116777062416
0.07360406219959259
0.0796954333782196
0.07157360762357712
0.07817258685827254
0.060406092554330826
0.06192893534898758
0.06142131984233856
0.06294415891170502
0.0710659921169281
0.05482233688235282
0.06598984450101852
0.05329949408769608
0.06142131984233856
0.05939086154103279
0.0538071058690548
0.05786801874637604
0.05532994866371154
0.03959390893578529
0.05025380849838257
0.04517766460776329
0.06446700543165207
0.06700507551431656
0.0796954333782196
0.11116751283407213
0.12436547875404357
0.13908629119396207
0.15279187262058258
0.13553299009799957
0.12030456960201263
0.1365482211112976
0.09441624581813811
0.06649746000766754
0.0538071058690548
0.05329949408769608
0.03959390893578529
0.042131979018449776
0.05279187858104706
0.0
0.18477156758308408
0.504060924053192
0.8512690067291259
0.9538071155548096
0.4558375775814056
0.1421319842338562
0.11065989732742308
0.07208121567964554
0.08121827244758606
0.0741116777062416
0.07360406219959259
0.06395938992500305
0.07461928576231001
0.0771573632955551
0.07918781787157057
0.07868020236492158
0.09035532921552658
0.09543146938085555
0.08883249014616013
0.09746193140745163
0.10659898817539216
0.10964467376470564
0.11319796741008759
0.1360406130552292
0.13908629119396207
0.1736040562391281
0.1928934007883072
0.2263959348201752
0.0
0.0
0.0
0.0
0.0
0.0
0.0
0.0
0.0
0.0
