0.9099646210670472
0.5117180943489075
0.03169785812497139
0.036418817937374115
0.07047715038061142
0.12156466394662856
0.12274490296840668
0.12274490296840668
0.12223908305168152
0.11970999836921692
0.1289833039045334
0.126117005944252
0.14415781199932098
0.14584387838840485
0.1412915140390396
0.14196594059467316
0.15815208852291107
0.1591637134552002
0.17366379499435425
0.17956499755382535
0.20468723773956296
0.2122744917869568
0.2325071692466736
0.2579666078090668
0.27533298730850214
0.30500757694244385
0.32760074734687805
0.3333333432674408
0.3395717442035675
0.3345135748386383
0.3039959669113159
0.26201313734054565
0.22407688200473783
0.18546620011329648
0.15444275736808777
0.1362333446741104
0.113640196621418
0.11313437670469284
0.09947732090950012
0.10655876249074936
0.10537851601839064
0.10166919231414794
0.09543078392744064
0.10166919231414794
0.09694823622703552
0.0932389125227928
0.1008261665701866
0.10622154921293259
0.09391333907842636
0.09863429516553879
0.10554712265729904
0.10133198648691176
0.10554712265729904
0.10048895329236984
0.10453549027442932
0.10689596831798552
0.09559939056634904
0.09745405614376067
0.1060529425740242
0.09947732090950012
0.09526218473911283
0.10150059312582016
0.08885516971349715
0.09795986860990524
0.08986680209636688
0.09003540873527527
0.09543078392744064
0.08109930902719498
0.09020401537418365
0.0846400260925293
0.08986680209636688
0.08362839370965956
0.08362839370965956
0.08126791566610336
0.08514584600925444
0.0896981954574585
0.11583206802606583
0.1084134206175804
0.1085820272564888
0.12291350215673447
0.10891924053430556
0.09998314082622528
0.09964592754840851
0.09559939056634904
0.085651658475399
0.06929691135883331
0.07705277204513548
0.07907604426145554
0.06727364659309387
0.07755859196186066
0.07469229400157928
0.07654695957899092
0.06997133791446686
0.02478502690792084
0.04468049108982086
0.21817569434642792
0.5407182574272156
1.0
0.8118361234664917
0.2952284514904022
0.0
0.03304670378565788
0.08261676132678986
0.1047040969133377
0.110942505300045
0.11009947955608368
0.10790760070085524
0.11296577006578444
0.11650649458169936
0.12089023739099503
0.1224076896905899
0.12948912382125854
0.1313437819480896
0.13808801770210266
0.14938458800315857
0.1566346287727356
0.1775417327880859
0.17771033942699432
0.19288484752178192
0.21901871263980863
0.2365536987781525
0.2588096559047699
0.29050749540328974
0.3018040657043457
0.32625189423561096
0.33771708607673645
0.33603101968765253
0.31900185346603394
0.28629237413406367
0.2579666078090668
0.1969313770532608
0.1691114455461502
