1.0
0.5398268103599548
0.09826839715242384
0.03722943738102913
0.09610389918088913
0.12987013161182404
0.1203463226556778
0.1203463226556778
0.11601731926202774
0.11818181723356246
0.1190476194024086
0.12727272510528564
0.12597402930259705
0.12857143580913544
0.13333334028720856
0.12683983147144315
0.13376623392105103
0.13809524476528168
0.14329004287719727
0.15108224749565125
0.1441558450460434
0.15844155848026276
0.1666666716337204
0.171861469745636
0.19177488982677457
0.20129869878292084
0.21471861004829407
0.23463203012943268
0.2593073546886444
0.2935065031051636
0.3272727131843567
0.36406925320625305
0.4030303061008453
0.4385281503200531
0.4891774952411652
0.5034632086753845
0.49393939971923834
0.44372293353080744
0.3770562708377838
0.3194805085659027
0.2541125416755676
0.20476190745830533
0.164069265127182
0.13809524476528168
0.11948052048683167
0.10303030163049696
0.10865800827741622
0.10129870474338531
0.10346320271492004
0.11428571492433548
0.10779220610857008
0.11428571492433548
0.11471861600875854
0.1216450184583664
0.12857143580913544
0.11168830841779707
0.1164502128958702
0.12207791954278945
0.11948052048683167
0.12597402930259705
0.11948052048683167
0.1164502128958702
0.11125541478395462
0.10909090936183928
0.11471861600875854
0.10562770813703536
0.10735930502414703
0.10303030163049696
0.10129870474338531
0.10173159837722778
0.08961039036512375
0.08831168711185454
0.08787878602743149
0.08787878602743149
0.09740259498357773
0.08658009022474289
0.09350649267435072
0.09004329144954681
0.08398268371820451
0.08311688154935837
0.0826839804649353
0.09307359158992767
0.13506492972373962
0.16320346295833588
0.1649350672960281
0.17316018044948575
0.18008658289909363
0.16450215876102448
0.137662336230278
0.1138528138399124
0.08701298385858534
0.07272727042436598
0.06536796689033508
0.055844154208898544
0.05844155699014664
0.047186147421598434
0.05497835576534271
0.05930735915899277
0.06103895977139473
0.06450216472148895
0.06103895977139473
0.06277056038379669
0.0601731613278389
0.054112553596496575
0.0
0.016450216993689537
0.1965367943048477
0.6246753334999084
0.9913420081138611
0.7580086588859558
0.2069264054298401
0.039826840162277215
0.07792207598686218
0.14329004287719727
0.1290043294429779
0.11861471831798552
0.1190476194024086
0.11558441817760468
0.10692640393972395
0.1151515170931816
0.1064935028553009
0.11471861600875854
0.1164502128958702
0.12077922374010086
0.12380952388048172
0.1177489161491394
0.12121212482452393
0.13679653406143188
0.145454540848732
0.15670995414257047
0.15541125833988187
0.1649350672960281
