0.9691333770751952
0.5904234051704407
0.21962802112102509
0.009497427381575108
0.016224771738052368
0.08270676434040068
0.10249307751655579
0.08072813600301743
0.07756232470273972
0.07320933789014816
0.07518796622753142
0.07795805484056471
0.07756232470273972
0.07677087187767027
0.08112385869026184
0.08428966999053955
0.08903838694095612
0.09616145491600035
0.09418282657861708
0.10051444172859192
0.11119905114173888
0.10961614549160004
0.11950930207967758
0.1254451870918274
0.13573406636714935
0.1428571492433548
0.15631182491779327
0.16660071909427643
0.18638701736927032
0.2057776004076004
0.22398100793361664
0.2461416721343994
0.2746339440345764
0.30470913648605347
0.33557578921318054
0.3593193590641022
0.3842501044273376
0.39928770065307617
0.4107637405395508
0.39651760458946234
0.37277403473854065
0.32963988184928894
0.2825484871864319
0.23822714388370517
0.1911357343196869
0.1543332040309906
0.12465374171733856
0.10486742854118349
0.09259992092847824
0.07914523035287857
0.07677087187767027
0.07083497941493988
0.07202216237783432
0.06885635107755661
0.07043925672769547
0.07083497941493988
0.07162643224000931
0.074792243540287
0.07597941905260086
0.07637514919042587
0.074792243540287
0.07360506802797316
0.07241788506507874
0.07518796622753142
0.074792243540287
0.07123070955276489
0.07241788506507874
0.07123070955276489
0.06925208121538162
0.06608626991510391
0.06608626991510391
0.06766917556524277
0.07043925672769547
0.07202216237783432
0.06687772274017334
0.06529481709003448
0.06489908695220947
0.06450336426496506
0.06371191143989563
0.06212900578975677
0.06212900578975677
0.06212900578975677
0.06450336426496506
0.06252473592758179
0.06608626991510391
0.06727344542741776
0.06173327937722206
0.05896319821476936
0.05935892462730408
0.060941826552152634
0.05975465103983879
0.061337552964687354
0.06252473592758179
0.06371191143989563
0.05896319821476936
0.06212900578975677
0.05935892462730408
0.0573802925646305
0.05896319821476936
0.06212900578975677
0.05896319821476936
0.06331618875265121
0.0629204586148262
0.060150377452373505
0.06173327937722206
0.06450336426496506
0.06371191143989563
0.05856747180223465
0.07241788506507874
0.06925208121538162
0.07043925672769547
0.06212900578975677
0.07835377752780913
0.08705975115299226
0.09972298890352248
0.11950930207967758
0.13019390404224396
0.13415116071701047
0.14246141910552979
0.1543332040309906
0.1483973115682602
0.1313810795545578
0.11515631526708602
0.10724178701639175
0.07756232470273972
0.06054610386490822
0.05025722086429596
0.045508507639169686
0.04115552082657815
0.04392560198903084
0.044717054814100266
0.039176888763904565
