0.969959557056427
0.822068154811859
0.4240323603153229
0.11322934925556181
0.07394569367170332
0.0479491613805294
0.028307337313890457
0.024841131642460823
0.028307337313890457
0.017331022769212723
0.013864818029105663
0.020219527184963223
0.03928365185856819
0.02946273796260357
0.01155401486903429
0.02657423540949821
0.049682263284921646
0.05199306830763817
0.05488157272338867
0.05892547592520714
0.06701328605413437
0.0658578872680664
0.07683420181274414
0.10976314544677734
0.13287116587162015
0.141536682844162
0.15193529427051544
0.18197573721408844
0.1894858479499817
0.22530329227447507
0.24205660820007324
0.2790294587612152
0.2952050864696502
0.3090699017047882
0.30502599477767944
0.2905834913253784
0.27036395668983454
0.24205660820007324
0.18775273859500885
0.153090700507164
0.1259387582540512
0.10283073037862776
0.09878683090209961
0.08607741445302963
0.08549971133470534
0.07741189748048782
0.07798960059881209
0.08318890631198883
0.08087810873985289
0.07394569367170332
0.09474292397499084
0.09994222968816756
0.07914499938488007
0.08607741445302963
0.09647602587938307
0.10745234042406082
0.11034084111452103
0.09185441583395004
0.09012131392955779
0.09936452656984328
0.11207394301891326
0.10514153540134429
0.09820912778377534
0.07741189748048782
0.07914499938488007
0.09127672016620639
0.08030040562152863
0.07279029488563538
0.07567879557609558
0.06816869229078293
0.060658577829599374
0.06354708224534988
0.07336799800395964
0.07798960059881209
0.08087810873985289
0.07336799800395964
0.1080300435423851
0.14038127660751343
0.15193529427051544
0.16233390569686887
0.18370883166790009
0.20277296006679532
0.21028307080268857
0.23916810750961304
0.22068168222904205
0.1502021998167038
0.10514153540134429
0.08203350752592087
0.062391679733991616
0.04621605947613716
0.04274985566735268
0.041594453155994415
0.03697284683585167
0.034084346145391464
0.03177354112267494
0.03697284683585167
0.03235124051570892
0.02657423540949821
0.0271519348025322
0.0
0.020797226577997208
0.1288272738456726
0.5303292870521545
1.0
0.8001155257225037
0.3864817917346954
0.1265164613723755
0.10340843349695204
0.07394569367170332
0.06643558293581009
0.05199306830763817
0.05199306830763817
0.04274985566735268
0.04679376259446144
0.04332755506038666
0.04563836008310317
0.050259966403245926
0.05257076770067215
0.05257076770067215
0.0600808784365654
0.06932409107685089
0.08087810873985289
0.08434431254863739
0.0
0.0
0.0
0.0
0.0
0.0
0.0
0.0
0.0
