1.0
0.9934940934181212
0.7344049215316771
0.332950621843338
0.09758897870779037
0.0
0.055874474346637726
0.11289705336093903
0.11021813750267027
0.11098354309797286
0.11557596921920776
0.1220818981528282
0.12169919908046722
0.12897053360939023
0.1354764699935913
0.13892078399658203
0.14695751667022705
0.1519326418638229
0.15958668291568756
0.16532720625400543
0.16991963982582092
0.18178339302539823
0.18293149769306183
0.18982012569904327
0.1978568732738495
0.21354764699935916
0.2254114001989365
0.24875621497631076
0.2686567306518554
0.29200154542922974
0.31802526116371155
0.34251818060874933
0.37160351872444153
0.3842326700687408
0.39877533912658686
0.40949100255966187
0.39800995588302607
0.3823191821575165
0.3562954366207123
0.3164944648742676
0.2801377773284912
0.2495216280221939
0.22502870857715607
0.20589360594749448
0.18982012569904327
0.17106774449348447
0.1607347875833511
0.1488710343837738
0.14274780452251434
0.14772292971611023
0.13930347561836243
0.13853807747364044
0.13853807747364044
0.1354764699935913
0.13815537095069885
0.13777267932891843
0.13815537095069885
0.13777267932891843
0.1358591616153717
0.1354764699935913
0.1358591616153717
0.13356295228004456
0.13509376347064972
0.14159969985485077
0.13930347561836243
0.13662457466125488
0.1343283653259277
0.13930347561836243
0.13471105694770813
0.1308840364217758
0.12973593175411224
0.1308840364217758
0.12973593175411224
0.12973593175411224
0.12820513546466827
0.12590891122817993
0.12437810748815536
0.12169919908046722
0.12055109441280364
0.12016838788986206
0.12016838788986206
0.12093379348516464
0.1232300028204918
0.11902028322219849
0.12093379348516464
0.12055109441280364
0.12361270934343338
0.11978568881750105
0.11863758414983748
0.12055109441280364
0.12016838788986206
0.11634136736392973
0.11595866829156876
0.11519326269626616
0.11136624217033386
0.1136624589562416
0.1136624589562416
0.11481056362390518
0.1144278571009636
0.12093379348516464
0.12016838788986206
0.11595866829156876
0.1182548776268959
0.11748947203159332
0.11672407388687132
0.11748947203159332
0.11748947203159332
0.1182548776268959
0.12514351308345795
0.12743972241878507
0.1255262196063995
0.12361270934343338
0.12437810748815536
0.1232300028204918
0.12055109441280364
0.1232300028204918
0.12858782708644867
0.1266743242740631
0.1312667429447174
0.1312667429447174
0.13471105694770813
0.13471105694770813
0.1354764699935913
0.1354764699935913
0.1343283653259277
0.13509376347064972
0.13777267932891843
0.13662457466125488
0.13662457466125488
0.1312667429447174
0.1358591616153717
0.1408342868089676
