1.0
0.5182648301124573
0.2883235514163971
0.07338552176952362
0.03489889204502106
0.09165035933256147
0.13861708343029022
0.13437703251838684
0.13111546635627747
0.13600783050060272
0.13796477019786835
0.14057403802871704
0.1418786644935608
0.1428571492433548
0.14774951338768005
0.14742335677146912
0.15427266061306
0.15818655490875244
0.1607958227396011
0.16536203026771543
0.17253750562667847
0.18199609220027924
0.18786692619323728
0.2012394070625305
0.21298108994960785
0.2247227728366852
0.23548597097396848
0.24363991618156436
0.25081539154052734
0.2530984878540039
0.25701239705085754
0.25864318013191223
0.2511415481567383
0.23646445572376248
0.21656881272792816
0.19504240155220032
0.17579908668994904
0.15818655490875244
0.1431833058595657
0.13470318913459775
0.12818004190921783
0.12393998354673384
0.1200260892510414
0.11969993263483047
0.11872146278619766
0.11578603833913804
0.11709067225456236
0.11676451563835144
0.1138290911912918
0.11839530616998672
0.11741682887077332
0.11578603833913804
0.11611219495534895
0.11187214404344557
0.11415524780750275
0.11611219495534895
0.11317677795886992
0.10991519689559937
0.10437051206827164
0.10534898936748505
0.10110893845558167
0.10013046115636824
0.09980430454015732
0.09654272347688675
0.09589041024446487
0.09132420271635056
0.0926288291811943
0.0909980461001396
0.0890410989522934
0.09165035933256147
0.08447488397359848
0.08577951788902281
0.0864318311214447
0.08577951788902281
0.08349641412496567
0.08251793682575226
0.0848010405898094
0.08349641412496567
0.08414872735738754
0.08284409344196318
0.0838225707411766
0.07958251982927321
0.08251793682575226
0.08056098967790604
0.08056098967790604
0.08121331036090851
0.07958251982927321
0.0802348330616951
0.08088714629411697
0.09001956880092621
0.09132420271635056
0.09947814792394638
0.11937377601861952
0.12720157206058502
0.12981082499027252
0.1252446174621582
0.1086105704307556
0.10437051206827164
0.08936725556850433
0.10273972898721694
0.09360730648040771
0.08186562359333038
0.061317678540945046
0.05805609747767448
0.05772994086146355
0.057077623903751366
0.06360078603029251
0.0626223087310791
0.06425309926271439
0.0714285746216774
0.07045009732246399
0.07599478214979172
0.06686235964298248
0.05479452013969421
0.09001956880092621
0.23646445572376248
0.6663405299186707
0.9647749662399294
0.48630136251449585
0.25636008381843567
0.04403131082653999
0.0
0.057077623903751366
0.1066536232829094
0.09980430454015732
0.1004566177725792
0.10306588560342787
0.10632745921611785
0.1066536232829094
0.11121983081102373
0.1138290911912918
0.11317677795886992
