1.0
0.40284004807472235
0.2055306434631348
0.026158444583415985
0.05082212388515472
0.15919283032417297
0.21674139797687528
0.2257100194692612
0.23094169795513156
0.22645740211009976
0.2428998500108719
0.24813154339790344
0.24663677811622617
0.26158446073532104
0.26382660865783686
0.26831090450286865
0.2742899954319
0.27578476071357727
0.286248117685318
0.3071748912334442
0.3109118044376373
0.31913304328918457
0.3266068696975708
0.33781763911247253
0.3505231738090515
0.3602391481399536
0.38191330432891846
0.3901345431804657
0.3991031348705292
0.41031390428543085
0.41554558277130127
0.42152467370033264
0.41554558277130127
0.40881913900375366
0.3908819258213043
0.3557548522949219
0.32810163497924805
0.2997010350227356
0.27130043506622314
0.2473841607570648
0.23991031944751737
0.2339312434196472
0.23168909549713132
0.2339312434196472
0.23467862606048584
0.23617339134216309
0.23617339134216309
0.23617339134216309
0.23318386077880857
0.22795216739177704
0.23168909549713132
0.2339312434196472
0.22944693267345428
0.22421523928642273
0.2286995500326157
0.22346785664558408
0.21823617815971372
0.21674139797687528
0.21150971949100492
0.1980568021535873
0.1980568021535873
0.2055306434631348
0.20478326082229611
0.19656203687191007
0.20403587818145752
0.20179371535778043
0.20179371535778043
0.1913303434848785
0.19058296084403992
0.1980568021535873
0.1935724914073944
0.18236173689365384
0.18385650217533112
0.1853512674570084
0.19431987404823303
0.21150971949100492
0.23243647813797
0.25037369132041926
0.29446935653686523
0.32436472177505493
0.3452914655208588
0.3266068696975708
0.26158446073532104
0.2339312434196472
0.22944693267345428
0.16591928899288175
0.14125560224056244
0.1434977650642395
0.13602390885353088
0.13602390885353088
0.13228699564933777
0.12107623368501665
0.13826607167720795
0.1405082195997238
0.1434977650642395
0.15470851957798004
0.15769805014133453
0.20104633271694183
0.2496263086795807
0.3991031348705292
0.7952167391777039
0.9783258438110352
0.35949176549911493
0.1853512674570084
0.0
0.014947683550417423
0.12556053698062897
0.18834081292152405
0.20104633271694183
0.21076233685016632
0.2137518674135208
0.2137518674135208
0.21748879551887512
0.2219730913639069
0.22645740211009976
0.23019431531429288
0.23617339134216309
0.2518684566020965
0.0
0.0
0.0
0.0
0.0
0.0
0.0
0.0
0.0
0.0
0.0
0.0
0.0
0.0
