0.9594072103500366
0.6095361113548279
0.2835051417350769
0.05927835032343864
0.005798968952149153
0.21520619094371796
0.27384021878242487
0.2706185579299927
0.3034793734550476
0.3208763003349304
0.31829896569252014
0.33505153656005854
0.3395618498325348
0.3447164893150329
0.3479381501674652
0.3537371158599853
0.36275774240493774
0.37951031327247614
0.3930412232875824
0.39432990550994873
0.4085051417350769
0.42719072103500366
0.45103093981742853
0.4800257682800293
0.5161082744598389
0.5547680258750916
0.5876288414001465
0.6166236996650696
0.6333763003349304
0.657216489315033
0.6707473993301392
0.6630154848098755
0.6391752362251282
0.5992268323898315
0.5489690899848938
0.48969072103500366
0.44265463948249817
0.40592783689498896
0.36469072103500366
0.35180413722991943
0.34278351068496704
0.32667526602745056
0.32474225759506226
0.33505153656005854
0.32603093981742853
0.32731959223747253
0.32280927896499634
0.3208763003349304
0.3240979313850403
0.32538658380508423
0.3215206265449524
0.3221649527549744
0.3298968970775604
0.33118557929992676
0.32538658380508423
0.3298968970775604
0.32280927896499634
0.3286082446575165
0.32474225759506226
0.3318299055099488
0.32474225759506226
0.3215206265449524
0.31894329190254206
0.31765463948249817
0.313144326210022
0.3163659870624542
0.3150773048400879
0.313144326210022
0.311855673789978
0.3150773048400879
0.313144326210022
0.30992269515991205
0.30025774240493774
0.3105670213699341
0.31701031327247614
0.30670103430747986
0.3060567080974579
0.3086340129375458
0.3086340129375458
0.31121134757995605
0.29832473397254944
0.29832473397254944
0.2989690601825714
0.30734536051750183
0.3092783391475677
0.311855673789978
0.2989690601825714
0.2970360815525055
0.3208763003349304
0.3550257682800293
0.3820876181125641
0.3865979313850402
0.4085051417350769
0.44394329190254206
0.4394329786300659
0.43621134757995605
0.44265463948249817
0.4027061760425568
0.37048968672752386
0.33569586277008057
0.3041236996650696
0.29188144207000727
0.2886597812175751
0.2886597812175751
0.2951031029224396
0.29188144207000727
0.29381442070007324
0.28737112879753113
0.2970360815525055
0.43621134757995605
0.467139184474945
0.6134020686149597
0.9948453903198241
1.0
0.4768041372299194
0.18878865242004397
0.0
0.11920103430747984
0.2719072103500366
0.2989690601825714
0.311855673789978
0.3369845449924469
0.3485824763774872
0.3550257682800293
0.35631442070007324
0.35631442070007324
0.36726805567741394
0.3711340129375458
0.37757730484008795
0.38917526602745056
0.39561855792999273
0.4130154550075531
