0.9961850047111512
0.4845016598701477
0.0844062939286232
0.09823557734489441
0.09680496156215668
0.049594659358263016
0.033381018787622445
0.02527420036494732
0.014306151308119295
0.01287553645670414
0.013352408073842524
0.017644254490733147
0.014306151308119295
0.016213638707995415
0.028135431930422783
0.030996661633253098
0.033381018787622445
0.03671912103891373
0.04053409770131111
0.04625655710697174
0.054840248078107834
0.05817835032939911
0.05674773454666138
0.0577014796435833
0.06485455483198166
0.08202193677425385
0.09632808715105055
0.11015737056732176
0.12207916378974915
0.13876967132091522
0.14830709993839264
0.1683357208967209
0.17882689833641052
0.1950405389070511
0.20886981487274167
0.2226990908384323
0.2350977659225464
0.23319026827812195
0.22460657358169556
0.20791606605052948
0.1878874599933624
0.15927515923976898
0.13257034122943878
0.10872675478458405
0.09585121273994444
0.08488316833972931
0.07391511648893356
0.07439199090003966
0.0753457322716713
0.06819265335798264
0.06962326914072037
0.0710538849234581
0.07486885786056519
0.07916070520877838
0.08249881118535995
0.08106819540262222
0.08297567814588545
0.0844062939286232
0.07391511648893356
0.07200762629508972
0.06628517061471939
0.06771578639745712
0.06056270748376846
0.055317118763923645
0.05579399317502976
0.055317118763923645
0.05960896611213684
0.05865522101521492
0.06056270748376846
0.057224605232477195
0.055317118763923645
0.05579399317502976
0.055317118763923645
0.05007153004407883
0.054363377392292016
0.0619933232665062
0.06056270748376846
0.06723891198635101
0.06723891198635101
0.06390081346035004
0.06723891198635101
0.07010014355182648
0.07057701796293259
0.07200762629508972
0.061516452580690384
0.06485455483198166
0.06866952776908875
0.06676203757524489
0.07296137511730194
0.0710538849234581
0.07153075933456421
0.08011444658041
0.07677634805440903
0.06962326914072037
0.06485455483198166
0.06866952776908875
0.06914640218019485
0.060085836797952645
0.05674773454666138
0.06437768042087555
0.06437768042087555
0.07486885786056519
0.12160228937864304
0.137815922498703
0.1373390555381775
0.13686218857765195
0.16309012472629547
0.17691941559314728
0.1692894548177719
0.1421077698469162
0.09060562402009967
0.0753457322716713
0.05865522101521492
0.04387219995260239
0.030042918398976323
0.017167381942272186
0.0200286116451025
0.02050548419356346
0.017167381942272186
0.021459227427840233
0.0
0.04721030220389366
0.08869814127683638
0.48640915751457214
1.0
0.8817358016967772
0.3190271854400635
0.1111111119389534
0.16261325776576996
0.11301859468221664
0.0839294195175171
0.07010014355182648
