1.0
0.9462555050849913
0.6475771069526672
0.2933920621871948
0.1026431694626808
0.0
0.09074889868497849
0.14845815300941467
0.14977973699569702
0.15066079795360565
0.14713656902313232
0.13964757323265076
0.143612340092659
0.1550660729408264
0.1656387597322464
0.17885462939739227
0.18502202630043027
0.185462549328804
0.1991189420223236
0.20528633892536163
0.2074889838695526
0.2096916288137436
0.2123347967863083
0.2290748953819275
0.24713656306266785
0.2647577226161957
0.2898678481578827
0.3066079318523407
0.325110137462616
0.35462555289268494
0.3713656365871429
0.39118942618370056
0.40792950987815857
0.4127753376960754
0.4154185056686401
0.40748897194862366
0.38678413629531855
0.35814976692199707
0.3185022175312042
0.28546255826950073
0.2599118947982788
0.24977973103523252
0.22819383442401883
0.2189427316188812
0.21409691870212555
0.2096916288137436
0.20837004482746124
0.20484581589698792
0.20176210999488833
0.1907489001750946
0.189867839217186
0.20176210999488833
0.2026431709527969
0.20308369398117063
0.20528633892536163
0.20572687685489652
0.19515419006347656
0.196035236120224
0.196035236120224
0.18942731618881223
0.18061673641204837
0.19559471309185028
0.19735683500766757
0.196035236120224
0.20308369398117063
0.2022026479244232
0.185462549328804
0.18105727434158325
0.18325991928577423
0.1819383203983307
0.18678414821624756
0.18722467124462128
0.196035236120224
0.18590308725833887
0.20528633892536163
0.20132158696651456
0.19691629707813263
0.20396475493907928
0.2127753347158432
0.22246696054935453
0.22246696054935453
0.20704846084117887
0.2096916288137436
0.22422906756401065
0.2370043992996216
0.25550660490989685
0.26035243272781367
0.29074889421463007
0.30528634786605835
0.3295154273509979
0.3264317214488983
0.3149779736995697
0.2823788523674011
0.28370043635368347
0.2674008905887604
0.22555066645145416
0.19779735803604123
0.19251100718975067
0.18678414821624756
0.18017621338367465
0.18370044231414795
0.18061673641204837
0.17268721759319303
0.15418502688407895
0.21453744173049927
0.5462555289268494
0.9933920502662658
0.9894273281097411
0.7215859293937683
0.38193833827972407
0.15682819485664368
0.02555066160857677
0.09383259713649747
0.185462549328804
0.18590308725833887
0.18590308725833887
0.19515419006347656
0.18766519427299497
0.1986784189939499
0.20572687685489652
0.21145375072956085
0.2189427316188812
0.22202643752098083
0.2264317125082016
0.2378854602575302
0.23832599818706512
0.2528634369373321
0.0
0.0
0.0
0.0
0.0
