0.9991260766983032
0.6338213086128235
0.3725147545337677
0.159056156873703
0.15381254255771637
0.17762726545333862
0.18265239894390103
0.17740878462791443
0.17435000836849213
0.17675332725048065
0.17653484642505643
0.17719030380249023
0.18003058433532715
0.18527419865131375
0.18964387476444244
0.19204719364643097
0.19750928878784177
0.203408345580101
0.21149224042892456
0.2167358547449112
0.22416430711746213
0.2350884824991226
0.24623115360736847
0.25999563932418823
0.27660039067268366
0.29167577624320984
0.30500328540802
0.318112313747406
0.32925498485565186
0.3369019031524658
0.33930522203445435
0.3351540267467499
0.32335591316223145
0.29757481813430786
0.2707013189792633
0.2444832921028137
0.22132401168346405
0.20209744572639465
0.1913917362689972
0.1859296411275864
0.17937514185905457
0.1754424273967743
0.17413152754306793
0.172383651137352
0.1739130467176437
0.1756609082221985
0.17609788477420807
0.17697182297706604
0.17653484642505643
0.17981210350990295
0.18046756088733676
0.18046756088733676
0.18155997991561887
0.1844002604484558
0.18636661767959595
0.18724055588245392
0.18571116030216217
0.1859296411275864
0.1844002604484558
0.1850557178258896
0.18352632224559784
0.18265239894390103
0.1811230033636093
0.18330784142017365
0.17937514185905457
0.1778457462787628
0.18024906516075132
0.18024906516075132
0.18046756088733676
0.1782827228307724
0.178064227104187
0.17915664613246915
0.1778457462787628
0.17762726545333862
0.17653484642505643
0.17762726545333862
0.17981210350990295
0.18287087976932523
0.196853831410408
0.20559318363666532
0.2162988930940628
0.21345859766006467
0.22132401168346405
0.23115578293800357
0.23465152084827423
0.23093730211257932
0.2235088497400284
0.19663535058498385
0.1739130467176437
0.16626611351966855
0.16342581808567047
0.15861918032169342
0.1588376611471176
0.15840069949626923
0.15861918032169342
0.15818221867084503
0.15818221867084503
0.16145947575569153
0.15796373784542084
0.15752676129341123
0.13502293825149536
0.0
0.03255407512187958
0.2772558331489563
0.6504260301589966
1.0
0.7028621435165405
0.421673595905304
0.19794625043869016
0.1627703756093979
0.19204719364643097
0.197727769613266
0.1918287128210068
0.18898841738700864
0.18986235558986664
0.19117325544357297
0.19161023199558255
0.19510596990585327
0.196853831410408
0.19947564601898196
0.20471924543380737
0.20843347907066345
0.21476949751377103
0.2200131118297577
0.22722306847572327
0.23312212526798248
0.242079958319664
0.0
0.0
0.0
0.0
0.0
