0.9640718698501587
0.8575705885887147
0.42087253928184504
0.1954662054777145
0.02780153974890709
0.0
0.07100085914134979
0.10778442770242692
0.1146278902888298
0.11248930543661116
0.1150556057691574
0.11933276057243349
0.13173653185367584
0.12061591446399687
0.12532079219818115
0.1300256699323654
0.13430282473564148
0.144140288233757
0.13772454857826233
0.14542344212532043
0.15397775173187256
0.16980324685573575
0.1869118958711624
0.19332763552665713
0.211719423532486
0.21984602510929108
0.23994867503643036
0.2433703988790512
0.2660393416881561
0.29640719294548035
0.3195038437843323
0.3207869827747345
0.3438836634159088
0.34644997119903564
0.35372114181518555
0.3558596968650818
0.3267750144004822
0.2981180548667908
0.28058168292045593
0.24679212272167203
0.2125748544931412
0.19974337518215177
0.18306244909763336
0.1710864007472992
0.1569717675447464
0.1633875072002411
0.16167664527893066
0.1633875072002411
0.15911035239696503
0.16039349138736725
0.1650983691215515
0.1650983691215515
0.1638152301311493
0.16723695397377014
0.17621898651123047
0.1715141087770462
0.1633875072002411
0.1582549214363098
0.16253207623958588
0.170658677816391
0.1582549214363098
0.14884516596794128
0.15397775173187256
0.15012831985950467
0.1578271985054016
0.1561163365840912
0.15355004370212555
0.15996578335762024
0.16210436820983887
0.1526946127414703
0.14371258020401
0.15226688981056213
0.16167664527893066
0.15183918178081512
0.1505560278892517
0.144140288233757
0.14200171828269958
0.1351582556962967
0.13986313343048096
0.13045337796211243
0.13430282473564148
0.1424294263124466
0.14456801116466522
0.14499571919441223
0.13686911761760712
0.1360136866569519
0.13130880892276764
0.13772454857826233
0.12275449186563492
0.1295979470014572
0.12660393118858335
0.13301967084407806
0.13857997953891754
0.15312232077121735
0.17322498559951782
0.1813515871763229
0.2125748544931412
0.22455090284347531
0.24294269084930417
0.26133447885513306
0.22540633380413053
0.21129170060157773
0.20444825291633603
0.17536355555057523
0.13088110089302063
0.10992301255464552
0.10436270385980606
0.12446535378694534
0.13216423988342285
0.1274593621492386
0.12617622315883636
0.08554320037364958
0.14029084146022797
0.2562018930912018
0.6629598140716553
1.0
0.8819503784179686
0.46877673268318176
0.23609922826290128
0.054747648537158966
0.003849443979561329
0.07228400558233261
0.12574850022792816
0.11847732961177825
0.11120615899562836
0.1073567122220993
0.10222412645816802
0.10307955741882324
0.10436270385980606
0.11334473639726637
0.10949529707431792
0.11976047605276108
