1.0
0.6425702571868896
0.12675702571868896
0.028112450614571568
0.05496988072991371
0.03940762951970101
0.027359437197446823
0.0200803205370903
0.022088352590799328
0.019076304510235783
0.023092368617653847
0.027359437197446823
0.029869478195905685
0.04292168840765953
0.0431726910173893
0.03990963846445084
0.04618473723530769
0.04794176667928696
0.05973895639181137
0.05873493850231171
0.06124497950077057
0.0670180693268776
0.07404618710279463
0.09262048453092576
0.10165662318468092
0.11696787178516388
0.13604417443275452
0.15386545658111572
0.18197791278362277
0.2030622512102127
0.2276606410741806
0.25351405143737793
0.2685742974281311
0.28237950801849365
0.2773594260215759
0.2572791278362274
0.2233935743570328
0.18273092806339264
0.14708834886550903
0.11094377189874648
0.08308232575654982
0.0640060231089592
0.05120481923222542
0.044678714126348495
0.03639558330178261
0.029116466641426086
0.03237951919436455
0.027359437197446823
0.0301204826682806
0.027861446142196652
0.022339357063174248
0.029116466641426086
0.02334337309002876
0.027359437197446823
0.025100402534008023
0.025351405143737793
0.02961847372353077
0.025853414088487625
0.027108434587717056
0.022590361535549164
0.019578313454985615
0.023845382034778595
0.019076304510235783
0.022339357063174248
0.019578313454985615
0.01982931792736053
0.022088352590799328
0.019076304510235783
0.027610441669821736
0.023092368617653847
0.02158634550869465
0.027108434587717056
0.023092368617653847
0.027861446142196652
0.020833333954215046
0.020331325009465218
0.023845382034778595
0.01982931792736053
0.022339357063174248
0.01982931792736053
0.01757028140127659
0.020582329481840134
0.016315260902047157
0.01681726984679699
0.016315260902047157
0.013554217293858528
0.017821285873651505
0.016315260902047157
0.02359437756240368
0.02610441856086254
0.03212851285934448
0.04116465896368027
0.042670682072639465
0.04643574357032776
0.04518072307109833
0.04492972046136856
0.041917670518159866
0.035391565412282944
0.03589357435703277
0.03940762951970101
0.025351405143737793
0.015562249347567558
0.008283132687211037
0.016566265374422073
0.014558233320713043
0.012299196794629095
0.014809236861765385
0.009036144241690637
0.010291164740920067
0.009538152255117891
0.004769076127558947
0.0
0.002259036060422659
0.2402108460664749
0.549447774887085
0.8488956093788147
0.926204800605774
0.529618501663208
0.09563253074884415
0.051455821841955185
0.07630521804094313
0.0655120462179184
0.05045180767774582
0.05095381662249565
0.04819276928901672
0.04643574357032776
0.056224901229143136
0.053463853895664215
0.0632530152797699
0.06350401788949966
0.0655120462179184
0.07304216921329498
