1.0
0.8109090924263
0.22787879407405853
0.03272727131843567
0.07434343546628952
0.15070706605911255
0.1385858654975891
0.12929293513298035
0.1305050551891327
0.13131313025951383
0.13171717524528503
0.13535353541374207
0.1345454603433609
0.1345454603433609
0.13737373054027557
0.13979798555374143
0.1369697004556656
0.13616161048412323
0.13818182051181793
0.13737373054027557
0.14828282594680786
0.1583838313817978
0.16525252163410187
0.1729292869567871
0.1850505024194717
0.19555555284023285
0.21010100841522217
0.2246464639902115
0.24565656483173368
0.2715151607990265
0.3054545521736145
0.3385858535766601
0.3696969747543335
0.40686869621276855
0.4367676675319672
0.4593939483165741
0.45898988842964167
0.42424243688583374
0.3777777850627899
0.31717172265052795
0.26383838057518005
0.21090908348560333
0.16929292678833008
0.145050510764122
0.12888889014720917
0.11717171967029572
0.11151514947414398
0.1026262640953064
0.10949494689702988
0.10909090936183928
0.11191919445991516
0.11676767468452452
0.11353535205125807
0.11434343457221983
0.1216161623597145
0.12888889014720917
0.12646465003490448
0.1305050551891327
0.13131313025951383
0.13898989558219907
0.13292929530143735
0.1410101056098938
0.13535353541374207
0.13939394056797028
0.13575758039951324
0.14020201563835144
0.13737373054027557
0.13939394056797028
0.13373737037181854
0.12242424488067626
0.12202019989490508
0.11878787726163864
0.11353535205125807
0.12202019989490508
0.1195959597826004
0.12121212482452393
0.12242424488067626
0.11191919445991516
0.1155555546283722
0.11878787726163864
0.1430303007364273
0.17010101675987244
0.17616161704063416
0.18060606718063357
0.18585859239101407
0.19151514768600464
0.1680808067321777
0.1490909159183502
0.14828282594680786
0.1430303007364273
0.13090908527374268
0.11999999731779099
0.11232323199510574
0.1107070744037628
0.09979797899723054
0.10060606151819228
0.09373737126588819
0.09575757384300233
0.09575757384300233
0.09454545378684995
0.09535353630781171
0.09656565636396408
0.06909091025590897
0.0
0.1305050551891327
0.35797980427742004
0.883232295513153
0.9547474980354307
0.5280808210372925
0.13333334028720856
0.05454545468091965
0.11151514947414398
0.1604040414094925
0.14020201563835144
0.1385858654975891
0.13090908527374268
0.13292929530143735
0.12888889014720917
0.1325252503156662
0.1365656554698944
0.13898989558219907
0.145454540848732
0.14868687093257904
0.1434343457221985
0.1430303007364273
0.15111111104488373
0.14424242079257965
0.1494949460029602
0.0
0.0
0.0
0.0
