0.9489477872848511
0.4711613357067108
0.01753702200949192
0.042478565126657486
0.09392049908638
0.1204208880662918
0.11886204034090042
0.11379579454660416
0.1083398312330246
0.12392829358577728
0.11808262020349503
0.12860482931137085
0.12743569910526276
0.1297739744186401
0.12353858351707458
0.13055339455604553
0.1344505101442337
0.14107561111450195
0.14653156697750092
0.1504286825656891
0.1504286825656891
0.1605611890554428
0.17264224588871002
0.17887763679027557
0.1886204183101654
0.21044427156448364
0.22642244398593905
0.24356976151466367
0.2533125579357147
0.2821512222290039
0.29306313395500183
0.3078721761703491
0.3102104365825653
0.30124709010124207
0.27981293201446533
0.2700701355934143
0.2443491816520691
0.2236944735050201
0.20732657611370087
0.17381137609481812
0.17848791182041168
0.17147311568260193
0.17108340561389923
0.18238504230976105
0.16952455043792725
0.17926734685897827
0.16874513030052185
0.16796571016311643
0.16718627512454987
0.17381137609481812
0.162899449467659
0.16445830464363098
0.15237724781036377
0.16991426050662994
0.1734216660261154
0.16367888450622559
0.16250973939895627
0.15822291374206543
0.1597817689180374
0.1484801173210144
0.1570537835359573
0.15159781277179718
0.14185503125190735
0.1441932916641235
0.1473109871149063
0.15159781277179718
0.15900233387947083
0.15081839263439178
0.13795791566371915
0.14653156697750092
0.1469212770462036
0.19290724396705627
0.21122369170188904
0.20654715597629547
0.21745908260345456
0.21395167708396912
0.2135619670152664
0.20381917059421537
0.1757599413394928
0.15627436339855194
0.1504286825656891
0.13289165496826172
0.1227591559290886
0.11769291013479231
0.11730319261550903
0.11886204034090042
0.11145751923322676
0.11730319261550903
0.10210444033145905
0.08729539811611174
0.21278254687786105
0.47661730647087097
0.7264224290847777
1.0
0.455962598323822
0.0
0.057677317410707474
0.11886204034090042
0.1469212770462036
0.1297739744186401
0.12548713386058807
0.12470771372318268
0.1208105981349945
0.1212003082036972
0.13951675593852997
0.134060800075531
0.13055339455604553
0.13289165496826172
0.12665627896785736
0.13250194489955902
0.13834762573242188
0.0
0.0
0.0
0.0
0.0
0.0
0.0
0.0
0.0
0.0
0.0
0.0
0.0
0.0
0.0
0.0
0.0
0.0
0.0
0.0
0.0
