1.0
0.4418189823627472
0.131074458360672
0.09808292239904404
0.174765944480896
0.2741863429546356
0.3085153698921204
0.3160945177078247
0.34106108546257013
0.3486402034759521
0.3406152427196502
0.3325902819633484
0.3397235870361328
0.34150689840316767
0.343290239572525
0.3481943905353546
0.35354435443878174
0.3548818528652191
0.36558181047439575
0.36558181047439575
0.3731609582901001
0.3767276108264923
0.38029426336288447
0.3843067288398743
0.39233168959617615
0.393223375082016
0.4030316472053528
0.41863575577735906
0.4395898282527924
0.45430228114128113
0.4810521602630615
0.5127062201499938
0.5305394530296326
0.5514935255050659
0.5733392834663391
0.5880517363548279
0.5969683527946472
0.6027641296386719
0.5956308245658875
0.5514935255050659
0.5158270001411438
0.4810521602630615
0.4409273266792297
0.4079357981681824
0.3905483782291412
0.36335265636444086
0.3566651940345764
0.3441818952560425
0.34106108546257013
0.34685689210891724
0.3441818952560425
0.34908604621887207
0.3477485477924347
0.3522068560123444
0.3593401610851288
0.35399019718170166
0.3646901547908783
0.36246100068092346
0.3637984693050385
0.36513596773147583
0.35889434814453125
0.3548818528652191
0.3499777019023895
0.343290239572525
0.3397235870361328
0.33660277724266047
0.337494432926178
0.3325902819633484
0.3290236294269562
0.3218903243541717
0.3076237142086029
0.3129737079143524
0.3080695569515228
0.3040570616722107
0.2987070977687836
0.2951404452323913
0.29157379269599915
0.3004904091358185
0.3085153698921204
0.3138653635978699
0.3138653635978699
0.31029871106147766
0.30673205852508545
0.3062862157821655
0.3085153698921204
0.30717790126800537
0.299598753452301
0.30182790756225586
0.29335710406303406
0.2942487597465515
0.29826125502586365
0.28979045152664185
0.2969237565994262
0.30985286831855774
0.3085153698921204
0.31921532750129694
0.35532769560813904
0.35532769560813904
0.3611235022544861
0.3700401186943054
0.37984842061996454
0.36825680732727045
0.3223361670970917
0.28622379899024963
0.27552384138107294
0.25769057869911194
0.2554614245891571
0.2518947720527649
0.2443156540393829
0.26616138219833374
0.2567989230155945
0.25412395596504206
0.24788230657577515
0.2523406147956848
0.25412395596504206
0.2505573034286499
0.24565313756465912
0.24654480814933777
0.32501113414764404
0.3481943905353546
0.6312973499298096
0.9433794021606445
0.5127062201499938
0.1395452469587326
0.0
0.03209986537694931
0.16005350649356842
0.18814088404178617
0.21533660590648648
0.23629067838191983
0.24654480814933777
0.25278645753860474
