0.9824480414390565
0.5581986308097839
0.3503464162349701
0.16397228837013245
0.17690531909465787
0.19745957851409912
0.19561201333999637
0.1930715888738632
0.19561201333999637
0.19861431419849396
0.20300230383872983
0.20184756815433505
0.2043879926204681
0.20808313786983487
0.21177829802036283
0.22101616859436035
0.2244803756475449
0.2300231009721756
0.2330254018306732
0.24318706989288327
0.25080832839012146
0.2598152458667755
0.27713626623153687
0.289376437664032
0.3099307119846344
0.3249422609806061
0.34041571617126465
0.35103926062583923
0.35981523990631104
0.37020784616470337
0.3699769079685211
0.36397227644920344
0.3480369448661804
0.3210161626338959
0.289376437664032
0.2665126919746399
0.2441108524799347
0.22609700262546537
0.2143187075853348
0.2071593552827835
0.20300230383872983
0.19699768722057345
0.19630484282970428
0.19607390463352203
0.19699768722057345
0.19838337600231168
0.19630484282970428
0.20046189427375796
0.1967667490243912
0.19769053161144257
0.19861431419849396
0.20046189427375796
0.20092378556728363
0.19861431419849396
0.19953811168670652
0.2002309411764145
0.20138567686080927
0.2016166299581528
0.2027713656425476
0.19653579592704767
0.1997690498828888
0.19861431419849396
0.1953810602426529
0.19237875938415527
0.1914549618959427
0.18960739672183993
0.19076211750507355
0.20785219967365265
0.21847574412822723
0.22586604952812195
0.22494226694107053
0.23163972795009613
0.2475750595331192
0.24965357780456543
0.2521939873695373
0.23672054708004
0.21085450053215024
0.18152424693107605
0.17459584772586823
0.1628175526857376
0.16397228837013245
0.1628175526857376
0.16004619002342224
0.1588914543390274
0.15635104477405548
0.1584295630455017
0.15635104477405548
0.15565820038318634
0.1584295630455017
0.1408776044845581
0.018244802951812744
0.0
0.258198618888855
0.6224018335342407
1.0
0.7722863554954528
0.4468822181224823
0.21501155197620392
0.15265588462352753
0.1889145523309708
0.19284065067768097
0.18729792535305023
0.18591223657131195
0.1868360340595245
0.18614318966865537
0.1882217079401016
0.19030022621154785
0.19284065067768097
0.19445727765560153
0.1997690498828888
0.20300230383872983
0.20739029347896573
0.21339492499828336
0.21963047981262207
0.0
0.0
0.0
0.0
0.0
0.0
0.0
0.0
0.0
0.0
0.0
0.0
0.0
0.0
0.0
0.0
0.0
0.0
