0.9825958609580993
0.364306777715683
0.0035398229956626888
0.024483775720000267
0.04896755144000053
0.03333333507180214
0.01740412972867489
0.011799409985542296
0.0023598819971084595
0.004719763994216919
0.004719763994216919
0.0
0.01356932148337364
0.0017699114978313446
0.006784660741686821
0.008259586989879608
0.006194690242409705
0.01356932148337364
0.012979350984096529
0.025663716718554497
0.02507374621927738
0.026843657717108727
0.03893805295228958
0.052212391048669815
0.06696165353059769
0.08613569289445877
0.11504425108432768
0.1392330378293991
0.17699114978313446
0.1967551559209824
0.22330383956432345
0.25132742524147034
0.2764011919498444
0.2817109227180481
0.2778761088848114
0.24070796370506287
0.19941003620624545
0.15575221180915833
0.11563421785831451
0.08112094551324844
0.058407079428434365
0.040707964450120926
0.035103246569633484
0.024483775720000267
0.024778760969638824
0.025663716718554497
0.021828908473253247
0.02300884947180748
0.025368731468915936
0.028318583965301517
0.03333333507180214
0.030678465962409973
0.040707964450120926
0.038643069565296166
0.03716814145445824
0.036283187568187714
0.03775811195373535
0.04837758094072342
0.04277286306023598
0.04365781694650649
0.04660766944289208
0.047492627054452896
0.04601769894361496
0.04719763994216919
0.04660766944289208
0.04483775794506073
0.040707964450120926
0.038643069565296166
0.04277286306023598
0.038643069565296166
0.037463128566741936
0.03805309906601906
0.03480825945734978
0.035103246569633484
0.035103246569633484
0.038643069565296166
0.03598820045590401
0.02890855446457863
0.03244837746024132
0.03657817095518112
0.03834808245301247
0.03923304006457329
0.03657817095518112
0.035398229956626885
0.0398230105638504
0.038643069565296166
0.04247787594795227
0.04395280405879021
0.047492627054452896
0.041592922061681754
0.043362833559513085
0.043067846447229385
0.04896755144000053
0.04985250905156136
0.048672568053007126
0.046902656555175774
0.04719763994216919
0.044247787445783615
0.04277286306023598
0.04365781694650649
0.04660766944289208
0.04837758094072342
0.05162242054939271
0.051327433437108994
0.05781710892915726
0.05486725643277168
0.05486725643277168
0.05103245005011559
0.05162242054939271
0.05486725643277168
0.05398230254650116
0.05722713842988014
0.05398230254650116
0.056637167930603034
0.07640118151903152
0.095870204269886
0.10176990926265717
0.10265486687421797
0.12595869600772855
0.13598820567131042
0.1389380544424057
0.150737464427948
0.13067846000194547
0.10825958847999571
0.08436578512191772
0.06017699092626572
0.052212391048669815
0.053687315434217446
0.04454277455806732
0.04542772844433784
0.043067846447229385
0.04660766944289208
