1.0
0.9538734555244445
0.6404494643211365
0.23063276708126068
0.1744529902935028
0.211117684841156
0.20756947994232175
0.19633352756500244
0.19869899749755857
0.19633352756500244
0.1951507925987244
0.19337670505046844
0.1975162625312805
0.19929036498069763
0.19810763001441956
0.20342992246150968
0.21525724232196808
0.20638675987720487
0.2188054472208023
0.22176226973533633
0.2318154871463776
0.2341809570789337
0.24423417448997495
0.25192195177078247
0.25133058428764343
0.2643406391143799
0.2767593264579773
0.2939089238643646
0.3092844486236572
0.33234772086143494
0.3601419329643249
0.38911885023117065
0.4251922070980072
0.4648137092590332
0.49615612626075745
0.5227676033973694
0.5334121584892273
0.5209934711456299
0.4967474937438965
0.448846846818924
0.3973979949951172
0.3483146131038666
0.30337077379226685
0.27084565162658686
0.24246008694171903
0.22176226973533633
0.21348313987255096
0.19988173246383664
0.20165582001209256
0.1910112351179123
0.18568894267082212
0.18273210525512693
0.17977528274059296
0.18391484022140503
0.17977528274059296
0.17918391525745392
0.18095801770687103
0.18154938519001007
0.19041986763477323
0.19810763001441956
0.20047309994697568
0.20165582001209256
0.2022471874952316
0.20106445252895355
0.19337670505046844
0.18746304512023923
0.1868716776371002
0.18509757518768313
0.17504435777664185
0.16380839049816132
0.16439975798130035
0.1649911254644394
0.15848609805107117
0.15730337798595428
0.15730337798595428
0.1513897031545639
0.14606741070747375
0.14015375077724457
0.14133648574352264
0.1348314583301544
0.13128326833248138
0.13187463581562042
0.12714369595050812
0.1194559410214424
0.11827321350574492
0.11827321350574492
0.11768184602260588
0.12477824091911316
0.11768184602260588
0.11295091360807417
0.1117681860923767
0.11117681860923768
0.1147250160574913
0.11413364857435226
0.11709047853946684
0.12004730850458144
0.14488469064235687
0.16617386043071747
0.1898285001516342
0.17504435777664185
0.183323472738266
0.20047309994697568
0.18805441260337827
0.16439975798130035
0.15730337798595428
0.13424009084701538
0.12063867598772048
0.10348905622959136
0.09402720630168913
0.08752217888832092
0.08633944392204285
0.08042578399181366
0.08101715147495268
0.07746895402669905
0.07806032150983809
0.08456534892320633
0.037847425788640976
0.0
0.06741572916507721
0.5552927255630493
0.9361324906349182
0.8675339818000793
0.5079834461212158
0.13956238329410553
0.12123004347085951
0.1407451182603836
0.122412770986557
0.1099940836429596
0.1117681860923767
0.10585452616214752
0.1099940836429596
0.107037253677845
