1.0
0.721290349960327
0.34709677100181574
0.09225806593894958
0.07032258063554764
0.31806451082229614
0.3767741918563842
0.40903225541114807
0.4270967841148376
0.42967742681503296
0.41935482621192927
0.4277419447898865
0.4290322661399841
0.43096774816513056
0.4348387122154236
0.44903224706649775
0.43677419424057007
0.4600000083446503
0.48774194717407227
0.49612903594970703
0.4967741966247559
0.4967741966247559
0.5129032135009766
0.5451613068580627
0.5729032158851624
0.5987097024917603
0.662580668926239
0.7032257914543152
0.732903242111206
0.778064489364624
0.7993548512458801
0.7896774411201477
0.7696774005889891
0.7122580409049988
0.6458064317703247
0.5722580552101135
0.4993548393249512
0.4567742049694061
0.4283871054649353
0.4051612913608551
0.39032256603240967
0.3812903165817261
0.3858064413070679
0.3864516019821167
0.3838709592819214
0.37161290645599365
0.3799999952316284
0.3722580671310425
0.35483869910240173
0.3612903356552124
0.36580646038055414
0.3541935384273529
0.35483869910240173
0.3587096631526947
0.36000001430511475
0.3593548238277436
0.366451621055603
0.3696774244308472
0.3774193525314331
0.3825806379318237
0.3838709592819214
0.37612903118133534
0.37419354915618896
0.39161291718482966
0.39483872056007385
0.39032256603240967
0.3864516019821167
0.3864516019821167
0.4116128981113434
0.4006451666355133
0.40193548798561096
0.4174193441867828
0.4051612913608551
0.4000000059604645
0.41096773743629456
0.4116128981113434
0.4187096655368805
0.40580645203590393
0.4000000059604645
0.41419354081153864
0.4148387014865875
0.4135483801364898
0.420645147562027
0.4116128981113434
0.39677420258522034
0.3858064413070679
0.40193548798561096
0.4419354796409607
0.46967741847038263
0.49354839324951166
0.5393548607826233
0.5309677124023438
0.4909677505493164
0.48774194717407227
0.5051612854003905
0.46903225779533386
0.4251613020896912
0.3987096846103668
0.3799999952316284
0.3883870840072632
0.3896774053573608
0.39290323853492737
0.39290323853492737
0.3896774053573608
0.3767741918563842
0.37612903118133534
0.4006451666355133
0.5696774125099182
0.5735483765602112
0.681935489177704
0.9987096786499025
0.855483889579773
0.43999999761581426
0.11548387259244917
0.0
0.24838709831237793
0.35032257437705994
0.3683871030807495
0.4187096655368805
0.4335483908653259
0.4354838728904724
0.4580645263195038
0.44580644369125366
0.4541935622692108
0.4419354796409607
0.44903224706649775
0.4625806510448456
0.4638709723949432
0.4754838645458221
0.4903225898742676
0.5032258033752441
0.5012903213500977
