0.9540400505065918
0.7160859704017639
0.23498888313770291
0.0
0.10526315867900848
0.2957746386528015
0.35581913590431213
0.2624166011810303
0.2742772400379181
0.27724239230155945
0.2705707848072052
0.2913269102573395
0.2935507893562317
0.31356561183929443
0.32171979546546936
0.304670125246048
0.34840622544288635
0.33654558658599854
0.37361007928848267
0.3973313570022583
0.3869532942771912
0.43884357810020447
0.44996294379234314
0.4914751648902893
0.5381764173507689
0.5478131771087646
0.5685693025588989
0.5693106055259705
0.5930318832397461
0.5856189727783203
0.5819125175476073
0.6085989475250244
0.5641215443611145
0.5633803009986876
0.5307635068893433
0.4625648558139801
0.44106745719909674
0.3869532942771912
0.3914010524749756
0.3810229897499085
0.34840622544288635
0.3699036240577698
0.3432171940803528
0.36916235089302063
0.36471459269523615
0.34544107317924494
0.3617494404315949
0.34247592091560364
0.34544107317924494
0.3469236493110657
0.34840622544288635
0.34618234634399414
0.3395107388496399
0.33580431342124933
0.3402520418167114
0.34544107317924494
0.3832468390464783
0.4047442674636841
0.4447739124298096
0.48702743649482727
0.5048183798789978
0.5233506560325624
0.529280960559845
0.5307635068893433
0.570051908493042
0.5211267471313477
0.4455151855945587
0.4062268435955048
0.35433655977249146
0.31949591636657715
0.28687918186187744
0.2742772400379181
0.25055596232414246
0.26167532801628113
0.2668643295764923
0.24314306676387784
0.3054114282131195
0.35581913590431213
0.6300963759422302
1.0
0.7642698287963867
0.26167532801628113
0.00741289835423231
0.15196441113948822
0.29725721478462214
0.32320237159729004
0.2668643295764923
0.26908820867538447
0.2720533609390259
0.27131208777427673
0.2572275698184967
0.3009636700153351
0.28169015049934387
0.3113417327404022
0.32616752386093134
0.30837658047676086
0.0
0.0
0.0
0.0
0.0
0.0
0.0
0.0
0.0
0.0
0.0
0.0
0.0
0.0
0.0
0.0
0.0
0.0
0.0
0.0
0.0
0.0
0.0
0.0
0.0
0.0
0.0
0.0
0.0
0.0
0.0
0.0
0.0
0.0
0.0
0.0
