1.0
0.808510661125183
0.27373769879341125
0.020641474053263664
0.022229278460145
0.09209273010492323
0.11432200670242308
0.11813274025917052
0.12162591516971588
0.12194347381591795
0.12702445685863495
0.12384884059429167
0.1343283653259277
0.13147030770778656
0.14290250837802887
0.1470308005809784
0.13718640804290771
0.15052397549152374
0.1559225171804428
0.15560495853424072
0.1676722764968872
0.16671960055828094
0.1860908269882202
0.1978405863046646
0.2092727869749069
0.23213718831539157
0.24515719711780548
0.2826294004917145
0.31152746081352234
0.3356621265411377
0.3651953041553497
0.3877421319484711
0.4166401922702789
0.4160050749778748
0.3804382383823394
0.331533819437027
0.2699269652366638
0.22451572120189664
0.17529374361038208
0.1514766663312912
0.1375039666891098
0.1165449321269989
0.11686249822378159
0.107335664331913
0.11273419857025146
0.11432200670242308
0.11051127314567565
0.12003810703754424
0.11718005686998367
0.12194347381591795
0.12765957415103912
0.1260717660188675
0.1343283653259277
0.13686884939670563
0.13813909888267517
0.1444903165102005
0.13813909888267517
0.14322006702423096
0.14131470024585724
0.1375039666891098
0.14385519921779633
0.132422998547554
0.1489361673593521
0.16481423377990723
0.16513179242610931
0.19148936867713928
0.2019688785076141
0.21498888731002808
0.1959352195262909
0.19466497004032132
0.17910447716712952
0.16608446836471555
0.1517942249774933
0.12480152398347855
0.11273419857025146
0.1051127314567566
0.09590346366167068
0.10066688060760498
0.09368053078651427
0.09209273010492323
0.09653858095407486
0.08923467993736267
0.09590346366167068
0.09749126434326173
0.10098443925380705
0.08447126299142836
0.019371228292584416
0.03334391862154007
0.2102254629135132
0.6478247046470642
0.9390282630920409
0.6411558985710144
0.14385519921779633
0.0
0.049539536237716675
0.1349634826183319
0.11940298229455948
0.12670689821243286
0.12384884059429167
0.12892982363700867
0.1349634826183319
0.12956494092941284
0.13369323313236237
0.13051763176918027
0.14036202430725095
0.14544299244880676
0.14099714159965515
0.1514766663312912
0.0
0.0
0.0
0.0
0.0
0.0
0.0
0.0
0.0
0.0
0.0
0.0
0.0
0.0
0.0
0.0
0.0
0.0
0.0
0.0
0.0
0.0
0.0
0.0
