1.0
0.7345254421234131
0.3603851497173309
0.19624026119709012
0.21458046138286593
0.20999541878700256
0.2063273787498474
0.20678587257862088
0.20265932381153104
0.20265932381153104
0.19440624117851257
0.19257222115993497
0.19394773244857788
0.20816139876842496
0.21916551887989044
0.2214580476284027
0.2342961877584457
0.24988538026809687
0.26226502656936646
0.2906923294067383
0.32095369696617126
0.339293897151947
0.36955526471138
0.3970655798912048
0.41540578007698054
0.4364970326423645
0.4392480552196503
0.4507106840610504
0.4424575865268707
0.4089867174625397
0.3631361722946167
0.3108665645122528
0.283356249332428
0.2503438889980316
0.22008253633975983
0.20678587257862088
0.18844567239284515
0.1985327899456024
0.1934892237186432
0.1824851036071777
0.18431912362575528
0.1769830286502838
0.17560751736164093
0.1746905148029327
0.17514900863170624
0.17514900863170624
0.16735441982746124
0.17239798605442047
0.17331498861312866
0.1779000461101532
0.17560751736164093
0.17285649478435516
0.16689592599868774
0.17377349734306335
0.19394773244857788
0.19990830123424527
0.2154974788427353
0.27143511176109314
0.2595139741897583
0.2801467180252075
0.2728106379508972
0.24025675654411316
0.17652453482151031
0.1485557109117508
0.12150389701128005
0.1114167794585228
0.11279229819774628
0.10545621067285536
0.09445208311080931
0.10408069938421248
0.09536909312009811
0.09995415061712264
0.038055937737226486
0.0
0.11875286698341368
0.46263182163238525
0.8890417218208314
0.7647867798805236
0.3768913447856903
0.11508482694625854
0.11233378946781158
0.16185235977172852
0.12150389701128005
0.1320495158433914
0.12929849326610565
0.13663457334041595
0.133883535861969
0.13801008462905884
0.141678124666214
0.1403026133775711
0.1549747884273529
0.0
0.0
0.0
0.0
0.0
0.0
0.0
0.0
0.0
0.0
0.0
0.0
0.0
0.0
0.0
0.0
0.0
0.0
0.0
0.0
0.0
0.0
0.0
0.0
0.0
0.0
0.0
0.0
0.0
0.0
0.0
0.0
0.0
0.0
0.0
0.0
0.0
0.0
0.0
0.0
0.0
