1.0
0.440818578004837
0.3108406960964203
0.08573009073734283
0.08351770043373109
0.1355088502168655
0.1720132678747177
0.18362832069396967
0.193584069609642
0.2029867321252823
0.2074114978313446
0.21349558234214783
0.21847344934940335
0.2046460211277008
0.21515487134456637
0.2046460211277008
0.20519912242889404
0.20519912242889404
0.20630531013011927
0.2118362784385681
0.2118362784385681
0.2101769894361496
0.2018805295228958
0.2168141603469849
0.21736726164817807
0.21957965195178983
0.2267699092626572
0.23672565817832944
0.2444690316915512
0.25055310130119324
0.2582964599132538
0.2865044176578522
0.3080752193927765
0.3290929198265076
0.362831860780716
0.39988937973976135
0.43030974268913275
0.4657079577445984
0.5077433586120604
0.5293141603469849
0.5464601516723633
0.5547566413879395
0.5403761267662048
0.5226770043373108
0.4728982448577881
0.41648229956626887
0.36725664138793945
0.3224557638168335
0.2887168228626251
0.2538716793060303
0.23119468986988068
0.21847344934940335
0.2029867321252823
0.1869468986988068
0.19800885021686557
0.1941371709108353
0.19247788190841675
0.193584069609642
0.20243363082408905
0.2018805295228958
0.20907080173492432
0.20796459913253784
0.2168141603469849
0.2057522088289261
0.21128319203853607
0.21349558234214783
0.2118362784385681
0.21736726164817807
0.21515487134456637
0.21073009073734283
0.21294248104095456
0.21238937973976132
0.20630531013011927
0.20630531013011927
0.20851770043373108
0.2057522088289261
0.19469027221202848
0.19579645991325376
0.2029867321252823
0.1919247806072235
0.20132742822170255
0.1991150379180908
0.20022124052047727
0.19524335861206052
0.19026549160480496
0.184734508395195
0.18639381229877472
0.19469027221202848
0.19026549160480496
0.1792035400867462
0.18418142199516296
0.1875
0.19634956121444705
0.184734508395195
0.1875
0.17699114978313446
0.19081857800483704
0.1891592890024185
0.1875
0.18528760969638824
0.18971239030361173
0.1830752193927765
0.1747787594795227
0.17643804848194122
0.18086282908916476
0.21128319203853607
0.2494468986988068
0.25774335861206055
0.2688052952289581
0.2715708017349243
0.2870575189590454
0.30862832069396967
0.29867255687713623
0.31471237540245056
0.29646018147468567
0.2798672616481781
0.2455752193927765
0.2118362784385681
0.1692477911710739
0.1731194704771042
0.16592919826507568
0.15099558234214783
0.1476769894361496
0.14712388813495636
0.14546459913253784
0.14435841143131256
0.14988937973976135
0.22068583965301516
0.2267699092626572
0.23396018147468567
0.3932522237300873
0.9087389111518861
