1.0
0.5526513457298279
0.0
0.010906355455517769
0.059044752269983285
0.10455058515071868
0.10379841923713684
0.1000376045703888
0.10022564977407455
0.10511470586061476
0.10925159603357316
0.1039864644408226
0.11752538383007048
0.1214742362499237
0.11959382891654968
0.13125234842300415
0.1429108679294586
0.15212485194206235
0.16021060943603516
0.16735614836215973
0.18728844821453092
0.20722076296806333
0.23429860174655917
0.25968408584594727
0.28431740403175354
0.31327566504478455
0.33678075671195984
0.3523881137371063
0.36141407489776606
0.355960875749588
0.3343362212181092
0.2878901958465576
0.2440767139196396
0.1996991336345673
0.1654757410287857
0.13275668025016785
0.11639714241027832
0.10718315094709396
0.09458442777395248
0.09195186197757721
0.08687476813793182
0.08292591571807861
0.08537043631076813
0.0874388888478279
0.08725084364414215
0.09063557535409927
0.09195186197757721
0.08706280589103697
0.09195186197757721
0.09552463144063948
0.0949605107307434
0.09232794493436813
0.09326814860105513
0.09627679735422134
0.09025949239730835
0.09420835226774216
0.09082362055778503
0.08574651926755905
0.08837909251451491
0.08518239855766296
0.08104550838470459
0.08292591571807861
0.0789770558476448
0.08010530471801756
0.07465212792158128
0.08085746318101883
0.07427604496479033
0.07972922176122665
0.0759684070944786
0.0720195546746254
0.07578036934137344
0.0770966559648514
0.0755923315882683
0.07578036934137344
0.07277172058820723
0.07427604496479033
0.07314780354499818
0.07408799976110457
0.07446408271789551
0.07446408271789551
0.07878901809453964
0.07333584129810333
0.07258367538452147
0.07446408271789551
0.07408799976110457
0.06957502663135529
0.06713049858808517
0.07277172058820723
0.07183151692152023
0.06957502663135529
0.07183151692152023
0.07803685963153838
0.08631063997745515
0.11338849365711212
0.104926660656929
0.11113200336694716
0.1299360692501068
0.0964648351073265
0.10172997415065764
0.104926660656929
0.07916510105133057
0.07258367538452147
0.066002257168293
0.06844678521156311
0.06637834012508392
0.07089131325483322
0.06637834012508392
0.06825874745845795
0.06619029492139816
0.06713049858808517
0.014667168259620667
0.00507709663361311
0.1645355373620987
0.4622038304805756
0.94772469997406
0.9913501143455504
0.5528393983840942
0.007521624676883219
0.0197442639619112
0.0705152302980423
0.10755923390388487
0.10060173273086548
0.10116585344076157
0.0
0.0
0.0
0.0
0.0
0.0
0.0
0.0
0.0
