0.9645656943321229
0.7657572627067566
0.4904358685016632
0.2737535238265991
0.13546566665172577
0.08999686688184738
0.043587330728769295
0.03355283662676811
0.019441831856966015
0.0304170586168766
0.02289118804037571
0.015678895637392994
0.024772655218839645
0.02351834438741207
0.018814675509929657
0.015365318395197392
0.021636877208948132
0.02006898634135723
0.021009720861911774
0.02038256451487541
0.02445907890796661
0.025086233392357823
0.0354343056678772
0.035120729357004166
0.038570083677768714
0.054876137524843216
0.06616494059562683
0.07682659476995468
0.08905612677335739
0.09971778094768524
0.131702721118927
0.12825337052345276
0.15114456415176392
0.16776418685913083
0.1721542775630951
0.1721542775630951
0.177171528339386
0.15459391474723816
0.13577924668788907
0.12104108184576035
0.11508309841156004
0.09783631563186643
0.09344622492790222
0.07745374739170073
0.07714016735553741
0.07996237277984619
0.07714016735553741
0.0840388834476471
0.08654750883579254
0.0830981507897377
0.08905612677335739
0.08058952540159225
0.09783631563186643
0.10065851360559464
0.09658200293779373
0.11100658774375916
0.114455945789814
0.1094386950135231
0.11069300770759583
0.10755722969770432
0.1226089671254158
0.12135465443134308
0.10881154239177704
0.11915960907936096
0.11194732040166853
0.113515205681324
0.11571025103330612
0.11414236575365067
0.10818438231945036
0.11006585508584976
0.1034807115793228
0.10065851360559464
0.1003449335694313
0.10818438231945036
0.13138915598392487
0.12793979048728943
0.13044841587543488
0.15584823489189148
0.16995923221111295
0.17999373376369476
0.18469740450382233
0.1439322680234909
0.113515205681324
0.09501411020755769
0.08592034876346588
0.08623392879962921
0.08936970680952072
0.08717466145753859
0.08497961610555647
0.0790216401219368
0.04954531043767929
0.0
0.05393540114164352
0.2674819827079773
0.6102226376533508
1.0
0.8617121577262878
0.6092818975448608
0.3628096580505371
0.214487299323082
0.14205080270767212
0.09595484286546707
0.07870806008577347
0.06804640591144562
0.0617748498916626
0.06208842992782593
0.0526810921728611
0.056757602840662
0.05926622822880745
0.06522420793771744
0.05518971383571625
0.0658513605594635
0.06114769354462624
0.061461273580789566
0.06302916258573532
0.05926622822880745
0.060520540922880166
0.0
0.0
0.0
0.0
0.0
0.0
0.0
0.0
0.0
0.0
0.0
0.0
0.0
0.0
0.0
