1.0
0.6527093648910521
0.33470168709754944
0.18965516984462735
0.18582375347614288
0.13957306742668152
0.1234263852238655
0.11767925322055817
0.11302682012319563
0.11603721976280212
0.12096332758665083
0.12397372722625732
0.1272577941417694
0.13382594287395477
0.14148877561092377
0.1351943016052246
0.1349206417798996
0.13355226814746857
0.1351943016052246
0.13711000978946683
0.14012041687965393
0.14449918270111084
0.14969895780086517
0.15654078125953674
0.1663929969072342
0.17624521255493164
0.18527640402317047
0.20470717549324036
0.22468528151512143
0.2386425882577896
0.2460317462682724
0.25095784664154047
0.26409414410591125
0.2744936943054199
0.27422001957893366
0.2654625177383423
0.24083197116851807
0.2178434580564499
0.19485495984554288
0.16201423108577728
0.14203612506389615
0.1193212941288948
0.10399562120437622
0.0914066806435585
0.08866994827985764
0.08210180699825287
0.07963874936103821
0.07854405790567398
0.07471264153718947
0.07799671590328217
0.0834701731801033
0.08100711554288864
0.08648057281970978
0.08511220663785934
0.08538588136434555
0.08237548172473907
0.08045977354049681
0.08155445754528044
0.08894362300634384
0.08839628100395201
0.07854405790567398
0.07443897426128387
0.07170224189758301
0.07690202444791795
0.07580733299255371
0.07197591662406921
0.07033388316631317
0.06267104297876358
0.058565955609083176
0.05637657269835472
0.052545156329870224
0.05446086451411247
0.05582922697067261
0.05199781060218811
0.04570334032177925
0.04433497413992882
0.047071702778339386
0.05719759315252304
0.05473453924059868
0.05993431806564331
0.06814450025558472
0.07170224189758301
0.07088122516870499
0.06869184225797653
0.07252325862646104
0.07279693335294724
0.0714285746216774
0.07252325862646104
0.07088122516870499
0.06595511734485626
0.062123700976371765
0.05555555596947669
0.05582922697067261
0.052545156329870224
0.05528188124299049
0.050629448145627975
0.05035577341914177
0.047071702778339386
0.048166394233703606
0.04324028640985489
0.04296661168336868
0.041871920228004456
0.04433497413992882
0.044608648866415024
0.045429665595293045
0.04761904850602149
0.04871373996138573
0.05117679387331009
0.05582922697067261
0.05555555596947669
0.057744938880205154
0.05090311914682388
0.051450464874506
0.04734537377953529
0.044608648866415024
0.039408866316080086
0.042692940682172775
0.036672141402959824
0.03201970458030701
0.03256705030798912
0.030377667397260662
0.03147235885262489
0.030377667397260662
0.029009304940700528
0.0298303235322237
0.03284072130918503
0.036672141402959824
0.03858784958720207
0.04241926595568657
0.04406130313873291
0.05363984778523445
0.06951285898685455
