1.0
0.8678736686706544
0.4741910696029663
0.2723420560359955
0.12519259750843048
0.1082434505224228
0.1729584038257599
0.2006933689117432
0.20223420858383176
0.20416024327278137
0.2153312861919403
0.2303543984889984
0.23805855214595795
0.232280433177948
0.232280433177948
0.23728813230991364
0.24614791572093964
0.25654852390289307
0.25847458839416504
0.25038519501686096
0.24845917522907257
0.2569337487220764
0.2688751816749573
0.2792758047580719
0.29853621125221247
0.3066255748271942
0.31779661774635315
0.33744221925735474
0.3455315828323364
0.3659476041793823
0.3821263611316681
0.3909861445426941
0.40600925683975214
0.41563946008682245
0.4144838154315949
0.3998459279537201
0.3886748850345612
0.3632511496543884
0.32858243584632874
0.2962249517440796
0.2746533155441284
0.2538520693778992
0.2526964545249939
0.24576270580291748
0.23189522325992584
0.2257318943738937
0.2180277407169342
0.2184129357337952
0.2164869010448456
0.2091679573059082
0.20338982343673703
0.20416024327278137
0.20531587302684784
0.2091679573059082
0.19568566977977753
0.20184899866580963
0.214560866355896
0.2076271176338196
0.2153312861919403
0.21764253079891205
0.21571648120880127
0.2214946001768112
0.21302002668380737
0.21147920191287997
0.21417565643787384
0.21032357215881348
0.21340523660182953
0.2099383622407913
0.214560866355896
0.2164869010448456
0.22226502001285553
0.21764253079891205
0.20416024327278137
0.2006933689117432
0.19453004002571103
0.18952234089374545
0.1887519210577011
0.1887519210577011
0.18952234089374545
0.191448375582695
0.191448375582695
0.1922187954187393
0.19722650945186612
0.191448375582695
0.1949152499437332
0.19298921525478363
0.1918335855007172
0.18644067645072937
0.19375963509082797
0.1991525441408157
0.21379044651985168
0.2315100133419037
0.25924497842788696
0.26733437180519104
0.2785053849220276
0.2750385105609894
0.26117104291915894
0.22919876873493197
0.2099383622407913
0.1949152499437332
0.1683358997106552
0.147149458527565
0.1363636404275894
0.1402157098054886
0.13867488503456116
0.14406779408454895
0.14907550811767578
0.13867488503456116
0.1371340453624725
0.20184899866580963
0.5030816793441772
0.893682599067688
0.8509244918823241
0.6016949415206909
0.2842835187911988
0.09707242250442506
0.0
0.07203389704227448
0.13251155614852905
0.13405238091945648
0.12557780742645264
0.13405238091945648
0.1402157098054886
0.15100154280662537
0.14791987836360931
0.156009241938591
0.16448381543159485
0.1675654798746109
0.16872110962867737
0.17758089303970337
0.1818181872367859
0.19337442517280576
