0.9090631008148192
0.8245560526847838
0.308328241109848
0.029393753036856648
0.020820574834942818
0.05786895379424095
0.10992038995027542
0.15707287192344663
0.1873851865530014
0.20177587866783145
0.2005511373281479
0.2054500877857208
0.21463564038276672
0.21249234676361084
0.21126760542392728
0.2167789340019226
0.2262706607580185
0.22473974525928497
0.22902633249759677
0.23423147201538083
0.23606859147548676
0.2501530945301056
0.2498469054698944
0.2682180106639862
0.2835272550582886
0.3086344003677368
0.33190447092056274
0.35548070073127747
0.378138393163681
0.3971218764781952
0.41396203637123113
0.4412125051021576
0.4393753707408905
0.4240661263465881
0.39161053299903864
0.34660133719444275
0.3095529675483704
0.27709737420082087
0.25076547265052795
0.22872014343738556
0.2180036753416061
0.2063686400651932
0.2033067941665649
0.20391917228698728
0.2002449482679367
0.2078995704650879
0.2054500877857208
0.21126760542392728
0.2042253464460373
0.20238824188709256
0.21004286408424375
0.20728720724582672
0.1990202069282532
0.2054500877857208
0.19381506741046903
0.19993875920772552
0.1910593956708908
0.19197794795036316
0.1837109625339508
0.18860991299152371
0.17758725583553314
0.18616044521331787
0.18279241025447843
0.18064911663532257
0.18462951481342316
0.17911818623542783
0.17728108167648315
0.17789344489574432
0.1837109625339508
0.18309858441352844
0.1785058230161667
0.1785058230161667
0.1785058230161667
0.1739130467176437
0.17054501175880432
0.17513778805732727
0.1763625293970108
0.1834047734737396
0.19197794795036316
0.220146968960762
0.21984077990055084
0.23423147201538083
0.2225964516401291
0.23851805925369263
0.24157992005348203
0.21922841668128967
0.19259032607078552
0.18279241025447843
0.1702388226985931
0.15217390656471252
0.16135945916175842
0.15309247374534607
0.14788731932640076
0.14115124940872192
0.13931414484977722
0.1246172711253166
0.0569503977894783
0.1432945430278778
0.2887323796749115
0.6285976767539978
1.0
0.5462339520454407
0.11083894968032836
0.010716472752392292
0.0
0.07317820191383363
0.10869564861059187
0.15003061294555664
0.17789344489574432
0.18830373883247373
0.19350887835025787
0.1932026892900467
0.1932026892900467
0.1916717737913132
0.20881812274456024
0.2063686400651932
0.2078995704650879
0.21616657078266144
0.2167789340019226
0.21861603856086728
0.2357624024152756
0.24556031823158264
0.0
0.0
0.0
0.0
0.0
0.0
0.0
0.0
0.0
0.0
