0.9100191593170166
0.40299937129020685
0.053605616092681885
0.005743458867073059
0.06477345526218414
0.1171027421951294
0.11231652647256853
0.11263561248779295
0.11805998533964156
0.1171027421951294
0.130185067653656
0.12763242423534393
0.133375883102417
0.13656668365001678
0.130185067653656
0.14773452281951904
0.14741544425487518
0.15283982455730438
0.15603062510490415
0.15922144055366516
0.17453733086585999
0.18570517003536224
0.1971920877695084
0.21123164892196652
0.22590938210487363
0.25781747698783875
0.2820676565170288
0.31269943714141846
0.33918315172195435
0.363433301448822
0.401723027229309
0.4237396419048309
0.43363115191459656
0.4093809723854065
0.3465220034122467
0.2967453598976135
0.23931078612804407
0.19559668004512784
0.165922150015831
0.13209955394268036
0.12890873849391937
0.11965539306402206
0.11678366363048552
0.11837907135486601
0.10433950275182724
0.11742182821035384
0.11550734192132948
0.11359285563230515
0.11550734192132948
0.11231652647256853
0.12188895791769028
0.11997447162866592
0.1215698793530464
0.12571793794631958
0.12412253022193909
0.133375883102417
0.13114230334758759
0.130185067653656
0.12731333076953888
0.11901722848415373
0.12316528707742692
0.11742182821035384
0.11582642048597336
0.1171027421951294
0.1107211261987686
0.11901722848415373
0.1161454990506172
0.11582642048597336
0.11231652647256853
0.10561582446098328
0.113911934196949
0.1356094479560852
0.1518825739622116
0.15985959768295288
0.1703892797231674
0.19017229974269864
0.18793873488903043
0.1767708957195282
0.17708997428417203
0.1512444168329239
0.14007657766342163
0.12571793794631958
0.10657306760549544
0.09859604388475418
0.08487556129693985
0.08774729073047638
0.08040842413902281
0.07562220841646193
0.0727504789829254
0.06955967098474503
0.07785577327013014
0.07179323583841324
0.07147415727376938
0.06732609868049622
0.02616464532911777
0.0
0.15060625970363617
0.4655392467975616
1.0
0.8564135432243347
0.2619655430316925
0.0019144862890243528
0.023611998185515404
0.10816847532987595
0.11104020476341248
0.11774090677499773
0.11742182821035384
0.11901722848415373
0.11997447162866592
0.11486917734146118
0.12571793794631958
0.12284620106220244
0.12986598908901215
0.13465219736099243
0.1349712759256363
0.1448628008365631
0.0
0.0
0.0
0.0
0.0
0.0
0.0
0.0
0.0
0.0
0.0
0.0
0.0
0.0
0.0
0.0
