0.9603220224380493
0.9384703636169432
0.5577918291091919
0.19953995943069455
0.10235767811536788
0.08280620723962784
0.06382978707551956
0.05635422840714455
0.04945370927453041
0.04657849296927452
0.04657849296927452
0.04370327666401863
0.0523289255797863
0.05290396884083748
0.05520414188504219
0.06152961403131485
0.06095457077026367
0.06958021968603134
0.07533065229654312
0.08280620723962784
0.08740655332803726
0.10005750507116316
0.10695802420377731
0.12190914154052734
0.13456009328365323
0.15296147763729095
0.16676250100135803
0.19033928215503687
0.21276596188545227
0.2403680235147476
0.26566991209983826
0.28924670815467834
0.3082231283187866
0.3225992023944855
0.3254744112491608
0.3214491009712219
0.2978723347187042
0.2616446316242218
0.2248418629169464
0.1880391091108322
0.16101208329200745
0.13513512909412384
0.11443357914686204
0.10178263485431673
0.09775733202695847
0.0943070724606514
0.08913168311119078
0.0943070724606514
0.0943070724606514
0.0937320291996002
0.09833237528800963
0.10235767811536788
0.10120759159326552
0.10695802420377731
0.10868315398693083
0.11040828377008438
0.10810811072587966
0.1098332405090332
0.10638298094272612
0.10695802420377731
0.10408280789852142
0.10523289442062377
0.10005750507116316
0.10005750507116316
0.0943070724606514
0.09143185615539551
0.08683151006698608
0.07993099838495255
0.07993099838495255
0.07763082534074782
0.07763082534074782
0.07245543599128723
0.07130534946918488
0.07648073881864548
0.07878091186285019
0.07705578207969666
0.07130534946918488
0.06728004664182663
0.08625646680593489
0.11903392523527144
0.1495112180709839
0.16446232795715332
0.17136284708976743
0.20471535623073575
0.19953995943069455
0.22254168987274167
0.24209316074848172
0.17538815736770627
0.1150086224079132
0.07935595512390135
0.06440483033657074
0.04427831992506981
0.03220241516828537
0.036227717995643616
0.036227717995643616
0.028177114203572277
0.022426681593060493
0.022426681593060493
0.021851638332009315
0.014376077800989153
0.016101207584142685
0.0
0.004025301896035671
0.08165612071752547
0.43473261594772333
1.0
0.8849913477897645
0.47843587398529047
0.15928694605827332
0.1046578511595726
0.0707303062081337
0.058079354465007775
0.04772857949137688
0.04887866601347923
0.04542840644717216
0.03450258821249008
0.04140310361981392
0.0419781468808651
0.0471535362303257
0.05347901210188866
0.05117883905768394
0.05175388231873512
0.06785508990287781
0.07533065229654312
0.07130534946918488
0.08510638028383255
0.0
0.0
0.0
0.0
0.0
0.0
