0.9354120492935181
0.7149220705032349
0.2321826219558716
0.0
0.21158128976821897
0.3040089011192322
0.3758351802825928
0.39086860418319697
0.3958797454833984
0.40033408999443054
0.4014476537704468
0.4053452014923096
0.4198218286037445
0.42093542218208313
0.42037862539291376
0.43207126855850214
0.4354120194911957
0.4153674840927124
0.42260578274726873
0.44042316079139704
0.4298441112041473
0.4298441112041473
0.4248329699039459
0.43429845571517933
0.43429845571517933
0.448775053024292
0.4626948833465576
0.4604676961898804
0.480512261390686
0.4827394187450409
0.5005567669868469
0.512806236743927
0.5283964276313782
0.5612472295761108
0.5356347560882568
0.5846325159072876
0.5907572507858276
0.6130289435386658
0.6230512261390686
0.6069042086601257
0.5651447772979736
0.5389754772186279
0.4877505600452423
0.4554565846920013
0.41481068730354315
0.403674840927124
0.384743869304657
0.3886414170265198
0.37694877386093134
0.36247214674949646
0.35300669074058527
0.35801783204078674
0.34576836228370667
0.3468819558620453
0.3485523462295532
0.3674832880496978
0.35356348752975464
0.3836302757263184
0.37527838349342346
0.3802895247936249
0.3797327280044556
0.3763919770717621
0.3819599151611328
0.3741648197174072
0.38084632158279413
0.38808462023735046
0.37527838349342346
0.38251671195030207
0.38641425967216486
0.3674832880496978
0.3758351802825928
0.3557906448841095
0.3747216165065765
0.3741648197174072
0.365256130695343
0.35857459902763367
0.3736080229282379
0.36358574032783514
0.37082403898239136
0.36692649126052856
0.37305122613906866
0.37917596101760864
0.3747216165065765
0.42037862539291376
0.4426503479480744
0.46770602464675903
0.4459910988807678
0.43429845571517933
0.4309576749801636
0.4370824098587036
0.4348552227020264
0.4125835299491882
0.410356342792511
0.3886414170265198
0.38808462023735046
0.3819599151611328
0.3674832880496978
0.3747216165065765
0.35300669074058527
0.365256130695343
0.3552338480949402
0.36581292748451233
0.37193763256073
0.37305122613906866
0.3251670300960541
0.4075723886489868
0.6419821977615356
0.9253897666931152
1.0
0.7845211625099182
0.37917596101760864
0.10746102780103683
0.3145879805088043
0.3674832880496978
0.4326280653476715
0.44042316079139704
0.4326280653476715
0.4426503479480744
0.4554565846920013
0.4554565846920013
0.46770602464675903
0.4766147136688232
0.4649220407009125
0.468262791633606
0.468262791633606
0.4821826219558716
0.0
0.0
0.0
0.0
0.0
0.0
