1.0
0.702075183391571
0.452434778213501
0.22539551556110385
0.1719745248556137
0.19375385344028473
0.198274090886116
0.1949866414070129
0.19211013615131375
0.19663037359714508
0.19128826260566711
0.19519211351871488
0.2009451389312744
0.2029998004436493
0.209985613822937
0.209985613822937
0.21183480322360992
0.21799877285957336
0.2214916795492172
0.23381960391998288
0.2344359904527664
0.24450379610061643
0.2572426497936249
0.26833778619766235
0.28436407446861267
0.29607561230659485
0.3125128448009491
0.3293609917163849
0.3390178680419922
0.35196220874786377
0.3531949818134308
0.3536059260368347
0.35278406739234924
0.33675774931907654
0.3197041153907776
0.2866241931915283
0.25744810700416565
0.2395726293325424
0.22046434879302976
0.21368399262428284
0.2011506110429764
0.198479562997818
0.1960139721632004
0.19519211351871488
0.1958085000514984
0.19211013615131375
0.1958085000514984
0.19375385344028473
0.19539757072925568
0.198274090886116
0.19313745200634
0.19437025487422943
0.19683583080768585
0.19663037359714508
0.20135606825351715
0.19765768945217127
0.198479562997818
0.1980686187744141
0.19765768945217127
0.2011506110429764
0.19395931065082553
0.19169919192790985
0.1927265226840973
0.19169919192790985
0.19478118419647217
0.1888226866722107
0.18779535591602323
0.19375385344028473
0.19128826260566711
0.19416478276252744
0.1880008280277252
0.18717895448207852
0.1894390732049942
0.1857407093048096
0.19395931065082553
0.09718512743711472
0.1997123509645462
0.215122252702713
0.22292993962764737
0.22786110639572144
0.2241627275943756
0.23505239188671112
0.23525786399841309
0.24594205617904663
0.24203822016716003
0.2159441113471985
0.18985001742839813
0.18430244922637937
0.181631401181221
0.18594616651535037
0.17834395170211792
0.17813847959041595
0.1752619743347168
0.17217998206615448
0.17875488102436063
0.1719745248556137
0.16868707537651062
0.16765974462032318
0.09697965532541276
0.0
0.17608383297920227
0.4224368333816528
0.8528867959976195
0.9315800070762633
0.5522909164428711
0.34251078963279724
0.17978221178054807
0.19909594953060153
0.20916375517845157
0.2120402753353119
0.20197246968746185
0.2009451389312744
0.2032052576541901
0.20197246968746185
0.2120402753353119
0.2112184166908264
0.2159441113471985
0.2214916795492172
0.22354632616043088
0.23258681595325467
0.2321758717298508
0.0
0.0
0.0
0.0
0.0
0.0
0.0
0.0
0.0
0.0
0.0
