0.9995739459991456
0.9015764594078065
0.5172560811042786
0.325948029756546
0.1844908446073532
0.12270984053611755
0.08777162432670593
0.07115466892719269
0.06689390540122986
0.06561567634344101
0.06391137838363647
0.06476353108882904
0.06646782904863358
0.06945036351680756
0.07285896688699722
0.0783979520201683
0.08351086825132371
0.08777162432670593
0.09544099122285843
0.10225820541381836
0.11077971756458282
0.11717085540294649
0.13378781080245972
0.14358755946159363
0.15807414054870603
0.1793779283761978
0.199829563498497
0.22795057296752927
0.2582019567489624
0.2944183945655823
0.3225394189357757
0.34341713786125183
0.3613122999668121
0.3800596594810486
0.37153813242912287
0.3463996648788452
0.2999573945999145
0.255219429731369
0.20792500674724576
0.17554324865341187
0.15125691890716553
0.13591820001602173
0.1261184513568878
0.11972731351852416
0.11205794662237167
0.11077971756458282
0.10907541215419768
0.11035364121198654
0.11802300810813904
0.10822326689958572
0.11546654999256134
0.1116318702697754
0.10566680878400803
0.1112057939171791
0.10822326689958572
0.10694503784179688
0.10268427431583405
0.09884959459304808
0.0962931364774704
0.09586706757545473
0.09331060945987699
0.08478908985853195
0.08393693715333937
0.08393693715333937
0.0783979520201683
0.07626757770776749
0.0783979520201683
0.06902428716421127
0.06817213445901871
0.07115466892719269
0.07243289053440094
0.07243289053440094
0.06945036351680756
0.06902428716421127
0.07158073782920837
0.06945036351680756
0.06646782904863358
0.06646782904863358
0.06604175269603729
0.06689390540122986
0.07200681418180466
0.06945036351680756
0.0732850432395935
0.07882402837276457
0.0707285925745964
0.07243289053440094
0.06646782904863358
0.06689390540122986
0.06902428716421127
0.06604175269603729
0.06348530203104019
0.07030251622200012
0.06945036351680756
0.07243289053440094
0.07243289053440094
0.07626757770776749
0.06945036351680756
0.0707285925745964
0.0732850432395935
0.07456327229738235
0.07498934864997862
0.07285896688699722
0.07669365406036377
0.0886237770318985
0.11077971756458282
0.12228376418352128
0.12015338987112044
0.13208350539207458
0.17511716485023499
0.18278653919696808
0.15850020945072174
0.146570086479187
0.13591820001602173
0.11717085540294649
0.11717085540294649
0.09501491487026215
0.06987643986940384
0.05368555709719658
0.040477205067873
0.04005112871527672
0.04431188851594925
0.04218150675296784
0.02172986790537834
0.0
0.12824882566928864
0.38815510272979736
0.8385172486305236
1.0
0.9650617837905885
0.7417980432510376
0.4759267270565033
0.276523232460022
