0.9167916178703309
1.0
0.47076460719108576
0.09445277601480483
0.04647676274180412
0.0
0.05247376486659049
0.05847076326608658
0.04197901114821433
0.02773613110184669
0.03673163428902625
0.04572713747620583
0.05772113800048828
0.05547226220369338
0.06446776539087296
0.0779610201716423
0.07271364331245422
0.08470764756202698
0.1019490286707878
0.13193403184413907
0.14242878556251523
0.14617690443992615
0.16716641187667847
0.1611694097518921
0.16791604459285736
0.16866566240787506
0.18665666878223416
0.2083958089351654
0.21139430999755857
0.22638680040836331
0.22788605093955996
0.24587705731391904
0.25187405943870544
0.2578710615634918
0.27436283230781555
0.24587705731391904
0.23013493418693545
0.2053973078727722
0.15367315709590912
0.10944527387619019
0.07121439278125763
0.04947526380419731
0.04797601327300072
0.059970013797283166
0.0517241396009922
0.05547226220369338
0.07046476751565933
0.056971512734889984
0.04722638800740241
0.05247376486659049
0.056971512734889984
0.05247376486659049
0.06146926432847977
0.06371814012527466
0.06521739065647125
0.05022488906979561
0.054722636938095086
0.0517241396009922
0.06671664118766785
0.077211394906044
0.0734632685780525
0.07871064543724061
0.06521739065647125
0.06146926432847977
0.06521739065647125
0.04347826167941093
0.05547226220369338
0.06371814012527466
0.0749625191092491
0.06596701592206955
0.0532233901321888
0.0532233901321888
0.04497751221060753
0.04497751221060753
0.04422788694500923
0.059970013797283166
0.04122938588261604
0.05097451433539391
0.05847076326608658
0.06071963906288146
0.04722638800740241
0.029985006898641583
0.03973013535141945
0.0269865058362484
0.04572713747620583
0.05922038853168488
0.06446776539087296
0.06371814012527466
0.08020989596843718
0.104947529733181
0.10944527387619019
0.11994002759456635
0.10119940340518951
0.09445277601480483
0.09370315074920654
0.08695652335882186
0.08170914649963379
0.08470764756202698
0.07121439278125763
0.08095952123403549
0.06371814012527466
0.05772113800048828
0.06446776539087296
0.08470764756202698
0.1004497781395912
0.08845577389001846
0.08245877176523209
0.08245877176523209
0.08020989596843718
0.09970015287399295
0.11469265073537827
0.1041979044675827
0.11019489914178848
0.1026986539363861
0.08470764756202698
0.1004497781395912
0.07571214437484741
0.06746626645326614
0.06446776539087296
0.05772113800048828
0.03598200902342796
0.0517241396009922
0.028485756367444992
0.035232383757829666
0.0532233901321888
0.05847076326608658
0.05772113800048828
0.06371814012527466
0.07046476751565933
0.07646176964044571
0.07421289384365082
0.08620689809322357
