1.0
0.8615384697914124
0.5506410002708435
0.23076923191547397
0.11217948794364928
0.14423076808452606
0.15833333134651184
0.1724358946084976
0.1448718011379242
0.125
0.1397435963153839
0.15128205716609955
0.15897436439990997
0.14038461446762085
0.1775640994310379
0.1519230753183365
0.16089743375778198
0.16025641560554504
0.1884615421295166
0.17692308127880096
0.2121794819831848
0.1903846114873886
0.22564102709293363
0.2384615391492844
0.2557692229747772
0.28717949986457825
0.30320513248443604
0.34871795773506165
0.39358973503112793
0.41025641560554493
0.4391025602817536
0.4570512771606445
0.4865384697914124
0.4942307770252228
0.5019230842590332
0.4865384697914124
0.4621794819831848
0.39230769872665405
0.3423076868057251
0.3173076808452606
0.2596153914928436
0.24166665971279144
0.21474358439445493
0.21282051503658292
0.22051282227039337
0.21282051503658292
0.17692308127880096
0.1987179517745972
0.18012820184230804
0.196794867515564
0.1692307740449905
0.18141025304794312
0.19551281630992887
0.17307692766189575
0.18205128610134125
0.16089743375778198
0.1884615421295166
0.16217948496341705
0.18076923489570615
0.16410256922245023
0.18525640666484833
0.1685897409915924
0.18461538851261136
0.18076923489570615
0.17499999701976776
0.17435897886753082
0.16987179219722748
0.18525640666484833
0.1685897409915924
0.1737179458141327
0.16538462042808533
0.16089743375778198
0.18333333730697632
0.18397435545921323
0.19166666269302368
0.17435897886753082
0.17115384340286255
0.19551281630992887
0.1692307740449905
0.17435897886753082
0.16538462042808533
0.18333333730697632
0.17115384340286255
0.1705128252506256
0.1596153825521469
0.16025641560554504
0.1448718011379242
0.16153846681118011
0.1685897409915924
0.16987179219722748
0.2032051235437393
0.22820512950420377
0.24551281332969663
0.26538461446762085
0.2750000059604645
0.30128204822540283
0.30961537361145014
0.2666666805744171
0.2730769217014313
0.24294871091842649
0.14038461446762085
0.1487179547548294
0.13397435843944547
0.12948718667030334
0.12564103305339813
0.14935897290706635
0.1160256415605545
0.10064102709293364
0.13012820482254028
0.13653846085071564
0.039743591099977486
0.0
0.3455128073692322
0.9929487109184264
0.8948717713356018
0.5929487347602844
0.19615384936332703
0.1307692378759384
0.1307692378759384
0.1307692378759384
0.142948716878891
0.13653846085071564
0.14358974993228912
0.1487179547548294
0.19102564454078677
0.1230769231915474
0.1576923131942749
0.1506410241127014
0.14807692170143127
0.15448717772960663
0.16153846681118011
0.18141025304794312
