1.0
0.433925062417984
0.13057199120521543
0.0
0.06627219170331955
0.10887573659420012
0.10769230872392654
0.09309664368629456
0.09309664368629456
0.09270217269659041
0.0899408310651779
0.09191321581602097
0.093885600566864
0.09861932694911955
0.10493096709251404
0.10769230872392654
0.10769230872392654
0.11084812879562377
0.11439841985702515
0.11794871836900712
0.12149901688098907
0.12544378638267517
0.1337278038263321
0.1392504870891571
0.1471400409936905
0.15621301531791687
0.16646942496299744
0.17988166213035583
0.19605523347854611
0.2157790958881378
0.2370808720588684
0.2599605619907379
0.28717949986457825
0.3132149875164032
0.34161734580993647
0.36804732680320734
0.38777118921279913
0.4067061245441437
0.41222879290580744
0.400394469499588
0.3763313591480255
0.3321498930454254
0.28560158610343933
0.23786982893943784
0.19526627659797668
0.15818540751934052
0.13017751276493073
0.10927021503448486
0.09704142063856125
0.0899408310651779
0.08244576305150986
0.07928994297981262
0.07573964446783066
0.07731755077838898
0.07613412290811537
0.07968442142009734
0.07692307978868483
0.07613412290811537
0.0749506875872612
0.0721893459558487
0.07297830283641814
0.07258382439613342
0.06982248276472092
0.06982248276472092
0.07140039652585983
0.06982248276472092
0.06863905489444733
0.06548323482275009
0.06114398315548897
0.0615384615957737
0.06035503000020981
0.05996055155992508
0.05877711996436119
0.05877711996436119
0.05917159840464592
0.06074950844049454
0.06035503000020981
0.06035503000020981
0.05996055155992508
0.06114398315548897
0.05877711996436119
0.05956607311964035
0.06035503000020981
0.05917159840464592
0.06035503000020981
0.05877711996436119
0.05877711996436119
0.05917159840464592
0.05917159840464592
0.05838264152407646
0.05917159840464592
0.061932940036058426
0.06272189319133759
0.06074950844049454
0.06311637163162231
0.06351085007190704
0.06508875638246536
0.0642997995018959
0.06548323482275009
0.06390532851219177
0.06627219170331955
0.06548323482275009
0.06311637163162231
0.06627219170331955
0.06390532851219177
0.06272189319133759
0.06272189319133759
0.061932940036058426
0.06272189319133759
0.061932940036058426
0.06311637163162231
0.06548323482275009
0.061932940036058426
0.0642997995018959
0.06469427794218063
0.0642997995018959
0.0642997995018959
0.06272189319133759
0.062327414751052856
0.062327414751052856
0.06587771326303482
0.06666667014360428
0.0710059180855751
0.09151873737573624
0.10098619014024734
0.11558185517787932
0.1270217001438141
0.13293886184692383
0.16173569858074188
0.14792899787425995
0.1538461595773697
0.14398421347141263
