0.961514949798584
0.9211972951889038
0.5418448448181152
0.13866829872131348
0.0
0.251069039106369
0.33292609453201294
0.3921808302402496
0.408063530921936
0.4141722619533538
0.4245571196079254
0.4337202310562134
0.43494197726249695
0.44715943932533264
0.45204642415046686
0.4538790583610535
0.455100804567337
0.46304214000701904
0.4575442969799042
0.4660965204238892
0.47281613945961
0.4746487438678741
0.4770922362804413
0.489309698343277
0.4905314743518829
0.48992058634758
0.4923640787601471
0.49725106358528137
0.5051923990249634
0.5186316370964049
0.5149664282798767
0.5174099206924438
0.5210751295089722
0.5229077339172363
0.5296273827552795
0.538179576396942
0.5418448448181152
0.5424557328224182
0.5479535460472107
0.5589492917060852
0.5766646265983582
0.5772755146026611
0.557727575302124
0.5394013524055481
0.5186316370964049
0.48381185531616205
0.4746487438678741
0.45998778939247126
0.44288331270217896
0.42700061202049255
0.41661575436592096
0.425167977809906
0.4184483885765076
0.4300549924373626
0.4318875968456268
0.4398289620876312
0.4489920735359192
0.4532681703567505
0.45204642415046686
0.4660965204238892
0.4764813780784607
0.46854001283645624
0.4697617590427399
0.4734269976615906
0.463653028011322
0.4691508710384369
0.46426388621330256
0.46304214000701904
0.445937693119049
0.43249848484992975
0.434331089258194
0.4300549924373626
0.4263897240161896
0.4050091505050659
0.408674418926239
0.4098961651325226
0.4245571196079254
0.4092852771282196
0.40195479989051813
0.4092852771282196
0.4294441044330597
0.42700061202049255
0.42272448539733887
0.41967013478279114
0.43799632787704473
0.4263897240161896
0.43249848484992975
0.42700061202049255
0.41967013478279114
0.41783750057220453
0.4215027391910553
0.425167977809906
0.42211362719535833
0.4300549924373626
0.42272448539733887
0.4092852771282196
0.40623089671134954
0.4160048961639404
0.4184483885765076
0.4263897240161896
0.4294441044330597
0.42211362719535833
0.4239462316036224
0.42822235822677607
0.42822235822677607
0.41967013478279114
0.42272448539733887
0.4294441044330597
0.42272448539733887
0.41478314995765686
0.4105070233345032
0.445937693119049
0.4844227135181427
0.48259010910987854
0.4770922362804413
0.463653028011322
0.43799632787704473
0.4331093430519104
0.4331093430519104
0.4263897240161896
0.4184483885765076
0.39951130747795105
0.41661575436592096
0.3934025764465332
0.3836285769939423
0.3848503232002258
0.3817959725856781
0.3921808302402496
0.3897373378276825
0.3891264498233795
0.39034819602966314
0.39034819602966314
