1.0
0.8498845100402832
0.41743648052215576
0.18302540481090543
0.05369514971971512
0.199191689491272
0.30600461363792414
0.3210161626338959
0.3533487319946289
0.36431869864463806
0.3822170794010162
0.3845265507698059
0.38048499822616577
0.3966512680053711
0.3903002440929413
0.3931870758533478
0.4041570425033569
0.4099307060241699
0.41859123110771174
0.43129330873489374
0.43533486127853394
0.4474595785140991
0.46997690200805664
0.4982678890228272
0.5375288724899292
0.5790992975234985
0.6137413382530212
0.6408776044845581
0.6668591499328613
0.6836027503013611
0.6887990832328796
0.6709007024765015
0.6310623288154602
0.5796766877174377
0.5190531015396118
0.45496535301208496
0.4093533456325531
0.3735565841197968
0.34180137515068054
0.32967668771743774
0.31351038813591003
0.3112009167671204
0.3048498928546905
0.30600461363792414
0.29849883913993835
0.2990761995315552
0.29503464698791504
0.306581974029541
0.2967667579650879
0.29214781522750854
0.28579676151275635
0.29849883913993835
0.2996535897254944
0.29157042503356934
0.29561200737953186
0.29792147874832153
0.29157042503356934
0.29214781522750854
0.29792147874832153
0.29157042503356934
0.28983834385871887
0.2875288724899292
0.2863741219043732
0.281177818775177
0.2806004583835602
0.281177818775177
0.2713625729084015
0.2736720442771912
0.2719399631023407
0.2673210203647613
0.262702077627182
0.2632794380187988
0.2528868317604065
0.2621247172355652
0.25635105371475214
0.2523094713687897
0.2528868317604065
0.2655889093875885
0.2615473568439484
0.2528868317604065
0.25635105371475214
0.2592378854751587
0.2523094713687897
0.24826790392398837
0.2528868317604065
0.2673210203647613
0.2725173234939575
0.2875288724899292
0.28579676151275635
0.2817552089691162
0.25461894273757935
0.26039260625839233
0.25
0.25404158234596247
0.2488452643156052
0.22806005179882047
0.21478059887886047
0.224018469452858
0.21997690200805664
0.22344110906124115
0.22690531611442563
0.224595844745636
0.22979214787483213
0.22690531611442563
0.29561200737953186
0.37875288724899286
0.4572748243808746
0.7390300035476685
0.9099307060241699
0.5612009167671204
0.25404158234596247
0.050808314234018326
0.0
0.1870669722557068
0.2251732051372528
0.237297922372818
0.27020785212516785
0.2817552089691162
0.2904157042503357
0.2869515120983124
0.2944572865962982
0.2973441183567047
0.30138567090034485
0.3048498928546905
0.30773672461509705
0.3152424991130829
0.3175519704818725
0.33314087986946106
0.0
0.0
0.0
0.0
