0.9600266218185424
0.7341772317886353
0.3837441802024841
0.16122585535049438
0.02465023286640644
0.21452365815639493
0.2991338968276977
0.3144570291042328
0.3351099193096161
0.35309794545173645
0.3624250590801239
0.3790806233882904
0.3857428431510925
0.39373749494552607
0.3857428431510925
0.39506995677948
0.39573618769645685
0.41239175200462336
0.42171886563301086
0.4323784112930298
0.4397068619728088
0.44237175583839417
0.46835443377494806
0.49900066852569586
0.5203197598457336
0.5589606761932373
0.5936042666435242
0.6315789222717285
0.6415722966194153
0.6628913879394531
0.6675549745559692
0.6735509634017944
0.6489007472991943
0.6135909557342529
0.5622918009757996
0.5149900317192078
0.46502330899238586
0.4390406310558319
0.39840105175971985
0.376415729522705
0.3777481615543365
0.3577615022659302
0.3544303774833679
0.3504330515861511
0.3577615022659302
0.34576949477195734
0.3544303774833679
0.34776815772056574
0.34377083182334894
0.35109925270080566
0.3544303774833679
0.3504330515861511
0.3504330515861511
0.35176548361778254
0.34510326385498047
0.34643569588661194
0.3597601652145386
0.3484343886375427
0.34643569588661194
0.34377083182334894
0.3397734761238098
0.3417721390724182
0.3311125934123993
0.3184543550014496
0.32178547978401184
0.3297801613807678
0.3271152675151825
0.320453017950058
0.31512326002120966
0.32578280568122864
0.31512326002120966
0.30712857842445374
0.3124583661556244
0.3124583661556244
0.3124583661556244
0.3037974536418915
0.30979347229003906
0.30979347229003906
0.3144570291042328
0.31112590432167053
0.31778815388679504
0.36375749111175537
0.3857428431510925
0.39173883199691767
0.41838774085044866
0.4636908769607544
0.4477015435695648
0.4603597521781921
0.47435042262077326
0.42571619153022766
0.3837441802024841
0.3337774872779846
0.30113258957862854
0.2951365709304809
0.2991338968276977
0.28247836232185364
0.2798134684562683
0.29113924503326416
0.28047966957092285
0.27181878685951233
0.28047966957092285
0.40239840745925903
0.4603597521781921
0.5782811641693115
0.9460359811782837
1.0
0.4883410930633545
0.2238507717847824
0.0
0.06595602631568909
0.2498334497213364
0.2924716770648956
0.3004663586616516
0.3331112563610077
0.34377083182334894
0.34976682066917414
0.3597601652145386
0.3564290404319763
0.3610925972461701
0.376415729522705
0.3810792863368988
0.38241171836853033
0.39506995677948
0.3997335135936737
0.4077281951904297
0.42571619153022766
0.4556961953639984
0.48500999808311457
0.5076615810394287
0.5376415848731995
0.0
0.0
