0.9077416658401488
0.5527476668357849
0.09506618231534956
0.0
0.05054151639342308
0.10228639841079712
0.08584035187959671
0.07862013578414917
0.0778178870677948
0.07701564580202103
0.06899318099021912
0.07541114836931229
0.0806257501244545
0.08624147623777388
0.09225832670927048
0.08945046365261078
0.10188528150320052
0.105495385825634
0.10750100016593932
0.11030886322259902
0.1083032488822937
0.11391897499561308
0.12274368107318878
0.12715603411197662
0.13758523762226105
0.14520658552646637
0.16766947507858276
0.19374248385429385
0.21740874648094177
0.25190532207489014
0.27918171882629395
0.3217007517814636
0.35379061102867126
0.3850782215595245
0.41516244411468506
0.4320096373558045
0.44765344262123113
0.4199759364128113
0.3626153171062469
0.30645808577537537
0.2446851134300232
0.19855596125125885
0.15844364464282987
0.13477738201618195
0.11552346497774124
0.1026875227689743
0.10188528150320052
0.099478542804718
0.09586843103170394
0.10108303278684616
0.09185720235109328
0.09546730667352675
0.09987965971231459
0.10068190842866896
0.10308864712715148
0.09907741844654083
0.10990773886442184
0.11592458933591843
0.11472121626138689
0.11993581801652908
0.11030886322259902
0.11231447756290436
0.10228639841079712
0.10389089584350585
0.10228639841079712
0.09386281669139862
0.10348977148532867
0.09987965971231459
0.08904933929443358
0.08824709057807921
0.07902126014232635
0.0834336131811142
0.08463698625564574
0.08022462576627731
0.08303248882293701
0.07982350885868073
0.08543922752141953
0.08664260059595107
0.08904933929443358
0.09747292101383208
0.09306056797504424
0.09626955538988112
0.08904933929443358
0.08303248882293701
0.08543922752141953
0.08022462576627731
0.08945046365261078
0.08624147623777388
0.09747292101383208
0.13999198377132416
0.13557961583137512
0.15202566981315613
0.16606497764587402
0.161251500248909
0.15122342109680176
0.12996390461921692
0.12354592978954317
0.11993581801652908
0.11151223629713058
0.10188528150320052
0.08263136446475983
0.08624147623777388
0.08744484186172485
0.08864821493625642
0.09225832670927048
0.08584035187959671
0.08584035187959671
0.08303248882293701
0.08142799884080887
0.08543922752141953
0.07741677016019821
0.07982350885868073
0.07340553402900694
0.0445246696472168
0.026875250041484833
0.1692739725112915
0.4781387746334076
1.0
0.8949057459831237
0.32932209968566895
0.0665864422917366
0.08624147623777388
0.14921781420707703
0.144404336810112
0.1415964663028717
0.1331728845834732
0.14520658552646637
0.1415964663028717
0.14119534194469452
0.1407942175865173
0.1331728845834732
0.1387886106967926
