1.0
0.4663357138633728
0.07942910492420195
0.0
0.007136208470910788
0.07353397458791731
0.10642258822917938
0.14458578824996948
0.15730684995651245
0.1815079152584076
0.1886441260576248
0.19578032195568085
0.1988830268383026
0.2007446438074112
0.2128451764583588
0.20570896565914157
0.21439652144908905
0.22494570910930636
0.2224635481834412
0.22184300422668457
0.2295997589826584
0.236115425825119
0.2417002767324448
0.259075403213501
0.2755196988582611
0.2969283163547516
0.32081910967826843
0.34564071893692017
0.3639466464519501
0.38256281614303594
0.4024201035499573
0.4173130691051483
0.4232081770896912
0.3977660536766052
0.36518770456314087
0.30902886390686035
0.2742786109447479
0.24294136464595795
0.22029165923595428
0.208501398563385
0.19857275485992432
0.19298790395259857
0.19050574302673337
0.18119764328002927
0.19174681603908536
0.18647223711013797
0.19298790395259857
0.20136518776416776
0.1988830268383026
0.20881167054176328
0.21222463250160217
0.21315544843673703
0.21408624947071075
0.2091219425201416
0.208501398563385
0.21532733738422397
0.2081911265850067
0.20415762066841123
0.19857275485992432
0.19733168184757233
0.1967111378908157
0.19702140986919403
0.1988830268383026
0.19578032195568085
0.19578032195568085
0.198262482881546
0.19733168184757233
0.20012411475181577
0.19578032195568085
0.193608433008194
0.19081601500511167
0.19329817593097687
0.18895438313484192
0.18336953222751615
0.17840521037578583
0.17592304944992063
0.16754576563835144
0.16537387669086456
0.17375116050243375
0.17592304944992063
0.17561277747154236
0.1712689995765686
0.16816630959510803
0.16692522168159485
0.16971765458583832
0.16909711062908173
0.16537387669086456
0.18367980420589447
0.19609059393405917
0.20291653275489807
0.2019857317209244
0.221222460269928
0.22091218829154968
0.23115110397338867
0.2320819050073624
0.22060191631317136
0.19019547104835513
0.1883338540792465
0.16661494970321655
0.16009928286075592
0.15420415997505188
0.1535836160182953
0.153273344039917
0.1507911831140518
0.14675767719745636
0.14613713324069977
0.10859447717666625
0.048091839998960495
0.2299100160598755
0.40583306550979614
0.872168779373169
0.8802357912063599
0.3220601975917816
0.012410797178745268
0.000620539882220328
0.029785914346575737
0.09059882164001466
0.12783120572566986
0.1535836160182953
0.16444306075572968
0.17747440934181213
0.1815079152584076
0.1824387162923813
0.18895438313484192
0.19578032195568085
0.19484952092170715
0.2032268047332764
0.21005274355411527
0.2178094983100891
0.22308407723903656
0.2392181158065796
0.24201054871082303
