0.9344766736030578
0.3091468811035156
0.03649955987930298
0.0
0.047493401914834976
0.0897097662091255
0.14028143882751465
0.13456463813781738
0.1481970101594925
0.14995601773262024
0.15875110030174255
0.1679859310388565
0.1631486415863037
0.16358838975429535
0.1644679009914398
0.1653474122285843
0.17370273172855377
0.176341250538826
0.17722076177597043
0.1811785399913788
0.1873350888490677
0.19305188953876493
0.20624449849128723
0.20316623151302335
0.21899735927581787
0.21987687051296237
0.23350922763347623
0.240105539560318
0.2524186372756958
0.2686895430088043
0.282761663198471
0.2889181971549988
0.2880387008190155
0.29155671596527094
0.27660509943962097
0.25329816341400146
0.2502198815345764
0.21503958106040957
0.2066842615604401
0.20536500215530396
0.1987686902284622
0.19744943082332608
0.1877748519182205
0.18909411132335663
0.17766050994396207
0.1908531188964844
0.18205805122852323
0.19217237830162048
0.2009674608707428
0.19173263013362885
0.19041337072849276
0.19920843839645383
0.1987686902284622
0.20536500215530396
0.1996482014656067
0.203605979681015
0.20228672027587888
0.19788917899131772
0.20316623151302335
0.18953385949134824
0.19173263013362885
0.18997360765933993
0.17194370925426483
0.1781002581119537
0.19041337072849276
0.20800352096557617
0.22867193818092343
0.2524186372756958
0.24714159965515137
0.259894460439682
0.2902374565601349
0.296394020318985
0.2722075581550598
0.27616533637046814
0.23175022006034848
0.21987687051296237
0.19700966775417328
0.1679859310388565
0.1631486415863037
0.15347404778003693
0.15479332208633423
0.14423923194408417
0.14687775075435638
0.14511872828006744
0.14116095006465912
0.14731749892234802
0.098065085709095
0.26209321618080134
0.566402792930603
0.8298153281211853
1.0
0.7726473212242126
0.15171504020690915
0.024626208469271656
0.029463499784469604
0.0773966610431671
0.1385224312543869
0.164028137922287
0.16622690856456757
0.16578716039657593
0.16754616796970367
0.1644679009914398
0.17766050994396207
0.17854002118110657
0.18029902875423431
0.18029902875423431
0.18029902875423431
0.18073879182338717
0.18953385949134824
0.1956904083490372
0.19437114894390103
0.20272646844387052
0.20536500215530396
0.21723835170269007
0.21987687051296237
0.23087070882320404
0.24626208841800687
0.0
0.0
0.0
0.0
0.0
0.0
0.0
0.0
0.0
0.0
0.0
0.0
0.0
0.0
0.0
