1.0
0.8123385906219481
0.19167862832546237
0.1285509318113327
0.14835007488727567
0.1472022980451584
0.13027259707450867
0.12367288023233412
0.12367288023233412
0.12367288023233412
0.12539455294609067
0.12080344557762146
0.11879483610391615
0.1242467686533928
0.12453371286392212
0.1233859360218048
0.11822094768285751
0.11420372873544692
0.1233859360218048
0.1274031549692154
0.12998564541339874
0.1357245296239853
0.13342897593975067
0.1503586769104004
0.15437589585781095
0.1736011505126953
0.19397418200969696
0.21606886386871335
0.2464849352836609
0.2665710151195526
0.2918221056461334
0.30760401487350464
0.3362984359264374
0.35781922936439514
0.3509325683116913
0.3612625598907471
0.329985648393631
0.2794834971427917
0.25251075625419617
0.21348637342453
0.17216642200946808
0.15724533796310425
0.1388809233903885
0.11736011505126952
0.0992826372385025
0.11449067294597624
0.1139167845249176
0.10703013092279434
0.11104734241962431
0.11305595189332962
0.10903874039649963
0.10387374460697174
0.1087517961859703
0.12166427820920944
0.11879483610391615
0.10645624250173567
0.11162123084068298
0.1098995730280876
0.10502152144908904
0.11104734241962431
0.11104734241962431
0.10846485197544097
0.10416068881750105
0.09526542574167252
0.11362984031438828
0.12826399505138397
0.13859397172927856
0.17302726209163663
0.17618364095687866
0.17934003472328186
0.18249641358852384
0.16068866848945615
0.132855087518692
0.11190817505121232
0.08608321100473405
0.08751793205738068
0.06111908331513405
0.06829268485307693
0.06083213910460472
0.05681492015719414
0.05394548177719116
0.04820660129189491
0.05337159335613251
0.06398852169513702
0.035581063479185104
0.0
0.18852223455905917
0.5124820470809937
0.8814921379089355
0.9770444631576538
0.29842180013656616
0.058536585420370095
0.10014346987009048
0.09756097197532652
0.06599713116884232
0.07575322687625885
0.06542324274778366
0.05824964120984077
0.05308464914560317
0.06341463327407837
0.06226685643196105
0.0553801991045475
0.06427546590566635
0.06972740590572357
0.06284074485301971
0.05796269699931145
0.06886657327413559
0.07460545003414154
0.07058823853731155
0.07862266898155212
0.08235294371843338
0.0972740352153778
0.10817790776491164
0.12797704339027405
0.14863701164722443
0.18565279245376584
0.20028693974018097
0.22295552492141724
0.24332855641841888
0.27489238977432245
0.3147776126861572
0.0
0.0
0.0
0.0
0.0
0.0
0.0
0.0
0.0
0.0
0.0
