1.0
0.4914442300796509
0.08761122822761534
0.1601642668247223
0.3347022533416748
0.2840520143508911
0.28610539436340326
0.28473648428916926
0.3114305138587952
0.3333333432674408
0.28473648428916926
0.3080082237720489
0.3340177834033966
0.3347022533416748
0.25188228487968445
0.30047911405563354
0.3080082237720489
0.315537303686142
0.421629011631012
0.30116358399391174
0.38193017244338984
0.4257358014583588
0.3463381230831146
0.4668035507202149
0.4435318410396576
0.41478440165519714
0.543463408946991
0.48459959030151367
0.5331964492797852
0.5578370690345764
0.5667350888252257
0.5571526288986206
0.6078028678894042
0.5947980880737305
0.5188227295875549
0.558521568775177
0.467488020658493
0.3928816020488739
0.4654346406459808
0.38056126236915594
0.3969883620738983
0.40041068196296686
0.31348392367362976
0.40999314188957214
0.37508556246757513
0.3333333432674408
0.3709787726402282
0.3956194519996643
0.36550307273864746
0.36892539262771606
0.3853524923324585
0.3860369622707367
0.4024640619754791
0.36824092268943787
0.42915812134742737
0.41273099184036255
0.35797399282455444
0.35455167293548584
0.4086242318153381
0.3771389424800873
0.3401779532432556
0.37782341241836553
0.35934290289878845
0.47296372056007385
0.4407939910888672
0.5592060089111328
0.4435318410396576
0.5112936496734619
0.5557836890220642
0.6023271679878235
0.5715263485908508
0.4140999317169189
0.4243668615818024
0.3969883620738983
0.38329911231994634
0.3305954933166504
0.35318276286125183
0.2826831042766571
0.28473648428916926
0.2731006145477295
0.31348392367362976
0.31622177362442017
0.3244353234767914
0.25735798478126526
0.4373716711997986
0.9637234807014464
0.9644079208374025
0.2149212807416916
0.0
0.28336754441261286
0.3086926639080048
0.32785764336586
0.3086926639080048
0.29226556420326233
0.3394934833049774
0.18001368641853333
0.31485283374786377
0.2813141644001007
0.29500341415405273
0.2696782946586609
0.24024640023708344
0.2963723540306092
0.2340862452983856
0.2785763144493103
0.2970568239688873
0.0
0.0
0.0
0.0
0.0
0.0
0.0
0.0
0.0
0.0
0.0
0.0
0.0
0.0
0.0
0.0
0.0
0.0
0.0
0.0
0.0
0.0
0.0
0.0
0.0
0.0
0.0
