1.0
0.7619625329971313
0.2177531272172928
0.009361997246742249
0.046289876103401184
0.1090499311685562
0.11806518584489822
0.11026352643966673
0.1107836365699768
0.11286407709121704
0.11581137031316756
0.12222607433795928
0.12447988986968994
0.1277739256620407
0.13418862223625183
0.13904298841953275
0.14615118503570557
0.15395283699035645
0.16383494436740875
0.17475728690624237
0.18741331994533536
0.2037101238965988
0.22226074337959287
0.242718443274498
0.26664355397224426
0.29056864976882935
0.3136269152164459
0.3302704691886902
0.339459091424942
0.3417128920555115
0.3250693380832672
0.29455617070198054
0.25312066078186035
0.20943135023117063
0.1777045726776123
0.1518723964691162
0.13522884249687195
0.12708044052124023
0.1142510399222374
0.11529126018285751
0.11095700412988661
0.10922329872846603
0.10662274807691574
0.10558252781629562
0.10575589537620544
0.10315533727407455
0.1054091528058052
0.10315533727407455
0.10731622576713562
0.10991678386926652
0.10870318859815596
0.1088765636086464
0.10748960077762604
0.10800971090793608
0.10783633589744568
0.1035020798444748
0.10488904267549513
0.10679611563682556
0.10384882241487504
0.10142163932323456
0.0963938981294632
0.09587378799915312
0.09795422852039336
0.09812760353088379
0.09882108122110368
0.09327322989702223
0.0937933400273323
0.09518030285835266
0.09344660490751265
0.09136615693569183
0.08980582654476164
0.09240637719631196
0.09067267924547197
0.08859223127365112
0.09344660490751265
0.08963245153427123
0.08599168062210083
0.09275311976671219
0.091192789375782
0.08633841574192046
0.09032593667507172
0.08737864345312119
0.0884188637137413
0.09292648732662201
0.09049930423498152
0.08720526844263075
0.09223300963640212
0.10852982103824615
0.12604022026062012
0.11321081966161728
0.11286407709121704
0.12482663244009017
0.11494452506303789
0.11321081966161728
0.11199722439050674
0.09136615693569183
0.08529819548130035
0.08321775496006013
0.08495145291090012
0.09015256911516188
0.08599168062210083
0.08269764482975006
0.08235090225934982
0.08252426981925964
0.08131068199872969
0.027392510324716568
0.03848820924758911
0.2212205231189728
0.5279126167297363
0.9899445176124573
0.8153606057167053
0.31276005506515503
0.0
0.040395285934209824
0.09240637719631196
0.1197988912463188
0.121359221637249
0.11581137031316756
0.1197988912463188
0.12222607433795928
0.12118585407733916
0.12465325742959976
0.13453537225723267
0.13817614316940308
0.14216366410255432
0.14667129516601562
0.1572468727827072
0.16764910519123075
0.0
0.0
0.0
0.0
