1.0
0.6092057824134827
0.15493381023406982
0.01744885742664337
0.0
0.07851985841989517
0.11522262543439864
0.15643802285194397
0.1826113164424896
0.20126353204250333
0.20427195727825165
0.20968712866306305
0.2126955538988113
0.2175090312957764
0.21600481867790225
0.21901324391365048
0.22232250869274137
0.2277376651763916
0.23435619473457336
0.2436823099851608
0.2496991604566574
0.25691938400268555
0.2689530551433563
0.2785800099372864
0.29783394932746887
0.3167870044708252
0.3393501937389374
0.3580023944377899
0.3826714754104614
0.4034295976161957
0.41967508196830744
0.4389289915561676
0.4416365921497345
0.43020457029342646
0.40493381023406977
0.36010831594467163
0.30956679582595825
0.27406740188598633
0.2397713661193848
0.22021660208702087
0.20758122205734247
0.20246690511703488
0.1967509090900421
0.194344162940979
0.19735258817672727
0.1946450024843216
0.18531888723373413
0.18200962245464325
0.1871239542961121
0.19013236463069916
0.1961492151021957
0.20186522603034973
0.20697954297065732
0.19915764033794403
0.20006017386913297
0.20126353204250333
0.19765342772006989
0.195246696472168
0.19584837555885315
0.19223827123641968
0.1946450024843216
0.19374248385429385
0.19494584202766416
0.19494584202766416
0.19795426726341248
0.19735258817672727
0.195246696472168
0.19795426726341248
0.19494584202766416
0.19283995032310483
0.1919374316930771
0.19584837555885315
0.1883273124694824
0.1889290064573288
0.189530685544014
0.19344162940979004
0.19013236463069916
0.19344162940979004
0.19103489816188807
0.19013236463069916
0.18772563338279724
0.18622142076492307
0.18682309985160828
0.18531888723373413
0.18531888723373413
0.18983152508735657
0.19374248385429385
0.19554753601551053
0.19855596125125885
0.20968712866306305
0.22081829607486725
0.22412756085395807
0.2436823099851608
0.24879662692546844
0.2551143169403076
0.2575210630893707
0.24308063089847565
0.2108904868364334
0.2111913412809372
0.1913357377052307
0.18381467461586
0.17960289120674133
0.17569193243980408
0.17839951813220975
0.17689530551433563
0.1726835072040558
0.1720818281173706
0.1335740089416504
0.10048134624958038
0.2728640139102936
0.4810469448566437
0.931708812713623
0.8237063884735107
0.311973512172699
0.04362214356660842
0.034596871584653854
0.07821901142597198
0.13567990064620972
0.17719614505767822
0.2078820765018463
0.22081829607486725
0.23435619473457336
0.2355595678091049
0.24308063089847565
0.24007220566272733
0.24338147044181824
0.2439831495285034
0.2436823099851608
0.2475932538509369
0.26022863388061523
0.2695547640323639
0.27888086438179016
