1.0
0.5392221212387085
0.22808173298835757
0.014502307400107384
0.0
0.1898483783006668
0.24192485213279724
0.24653922021389008
0.2689518928527832
0.27488464117050165
0.2926829159259796
0.29927489161491394
0.29729729890823364
0.29927489161491394
0.3124588131904602
0.3177323639392853
0.3197099566459656
0.331575483083725
0.33816742897033686
0.3599208891391754
0.3737640082836151
0.3895847201347351
0.4113381803035736
0.44561633467674255
0.47264337539672846
0.5042847990989685
0.5280157923698425
0.5695451498031616
0.5985497832298279
0.6123929023742676
0.6176664233207704
0.6130520701408385
0.5919578075408936
0.5675675868988037
0.5069215297698976
0.4601186513900757
0.39815425872802734
0.35398814082145685
0.32366514205932617
0.3124588131904602
0.2867501676082611
0.2926829159259796
0.29004615545272827
0.2742254436016083
0.27488464117050165
0.2801582217216492
0.27554383873939514
0.2808173894882202
0.27949902415275574
0.27488464117050165
0.27158865332603455
0.27752143144607544
0.2946605086326599
0.2742254436016083
0.2841133773326874
0.2907053530216217
0.2808173894882202
0.27818062901496887
0.2742254436016083
0.26961106061935425
0.2623599171638489
0.27554383873939514
0.2584047317504883
0.2663151025772095
0.25576797127723694
0.2570863664150238
0.2524719834327698
0.2524719834327698
0.2603823244571686
0.2485168129205704
0.24983520805835724
0.23862887918949127
0.2471984177827835
0.2531311810016632
0.2491760104894638
0.2504943907260895
0.24456162750720975
0.2603823244571686
0.24653922021389008
0.24983520805835724
0.25181278586387634
0.25181278586387634
0.24390244483947757
0.2564271688461304
0.2623599171638489
0.2504943907260895
0.2478576153516769
0.24192485213279724
0.2570863664150238
0.2551087737083435
0.25576797127723694
0.2570863664150238
0.2623599171638489
0.2926829159259796
0.3276202976703644
0.33091628551483154
0.36980882287025446
0.3968358635902405
0.375082403421402
0.36783125996589666
0.3843111395835877
0.3414634168148041
0.3085036277770996
0.2762030363082886
0.25576797127723694
0.25181278586387634
0.2564271688461304
0.261041522026062
0.2663151025772095
0.261041522026062
0.2630191147327423
0.2603823244571686
0.272247850894928
0.386288732290268
0.42518126964569086
0.5306525826454163
0.9202373027801511
0.9644034504890442
0.4660514295101166
0.24258404970169067
0.03493737801909447
0.0672379732131958
0.2406064569950104
0.27752143144607544
0.30718523263931274
0.32696110010147095
0.3256427049636841
0.34475940465927124
0.35266974568367004
0.34871456027030945
0.3658536672592163
0.375082403421402
