1.0
0.17834922671318054
0.0
0.0423060953617096
0.041476566344499595
0.09498133510351181
0.11074242740869522
0.12525923550128937
0.12194110453128813
0.1231854036450386
0.12650352716445923
0.12733305990695953
0.1277478188276291
0.1343840658664703
0.13604313135147095
0.137287437915802
0.13853172957897186
0.14019079506397247
0.14765657484531403
0.15097470581531525
0.15470759570598602
0.16175860166549683
0.16673579812049863
0.17751969397068024
0.18498548865318296
0.19576938450336456
0.20904189348220825
0.21941103041172028
0.23143923282623288
0.24388220906257627
0.2525922954082489
0.26171714067459106
0.2695976793766022
0.2708419859409332
0.2712567448616028
0.26545003056526184
0.2550808787345886
0.24139361083507535
0.232683539390564
0.21526338160037997
0.19784322381019592
0.18415595591068268
0.17046868801116943
0.16175860166549683
0.1530485302209854
0.14848610758781433
0.15180422365665436
0.14931564033031464
0.14765657484531403
0.14765657484531403
0.14475321769714355
0.14931564033031464
0.1489008665084839
0.1530485302209854
0.15055993199348447
0.15346328914165497
0.1592700183391571
0.16590626537799835
0.16466195881366727
0.1725425124168396
0.16922438144683835
0.170883446931839
0.16798008978366852
0.16839486360549927
0.1671505570411682
0.16341766715049744
0.16217337548732755
0.1592700183391571
0.15346328914165497
0.1522189974784851
0.15055993199348447
0.14724180102348328
0.1435089111328125
0.1443384438753128
0.1381169706583023
0.14060555398464203
0.1347988396883011
0.13396930694580078
0.13148070871829987
0.1343840658664703
0.13396930694580078
0.13355454802513123
0.12733305990695953
0.13148070871829987
0.13355454802513123
0.1310659497976303
0.1381169706583023
0.15470759570598602
0.1725425124168396
0.20323517918586728
0.2040646970272064
0.1891331374645233
0.1924512684345245
0.2181667387485504
0.19908751547336576
0.1820821166038513
0.18788884580135343
0.18457071483135223
0.1389464884996414
0.11571961641311644
0.10369141399860382
0.10410618036985396
0.10244711488485336
0.09664040058851242
0.09041891247034074
0.09207797795534133
0.08834508806467056
0.09000414609909058
0.09166321158409119
0.09705516695976256
0.08958937972784041
0.06636250764131546
0.12525923550128937
0.22148485481739044
0.5732061266899109
0.9261717200279235
0.8971381187438964
0.14102032780647275
0.03027789294719696
0.042720861732959754
0.04562422260642052
0.09498133510351181
0.10576524585485458
0.11364579200744628
0.10991290211677553
0.11364579200744628
0.1161343827843666
0.11986727267503738
0.11862298101186752
0.12235587090253829
0.12608875334262848
0.12899212539196014
