0.9934611916542051
0.7297297120094299
0.20706190168857572
0.07279860228300095
0.05361813306808472
0.06756756454706192
0.04664341732859612
0.02702702768146992
0.023539667949080467
0.02136006951332092
0.023103749379515648
0.024411508813500404
0.025283347815275192
0.027462946251034737
0.03618134185671806
0.03836094215512276
0.03748910129070281
0.04489973932504654
0.047515258193016045
0.0531822144985199
0.05361813306808472
0.06320837140083313
0.0671316459774971
0.07279860228300095
0.08631211519241333
0.08979947865009309
0.10026155412197112
0.11028770357370377
0.12205754220485689
0.13557104766368863
0.1530078500509262
0.16826504468917847
0.19267654418945312
0.21185702085494995
0.24149955809116364
0.2615518867969513
0.28857889771461487
0.30950304865837097
0.3260680139064789
0.33653008937835693
0.3234524726867676
0.30078464746475214
0.26503923535346985
0.2218831777572632
0.17654751241207123
0.13469921052455902
0.10723626613616943
0.0836965963244438
0.06408020853996277
0.04795117676258087
0.04097646102309226
0.037053182721138
0.03356582298874855
0.037053182721138
0.03618134185671806
0.038796860724687576
0.03618134185671806
0.04097646102309226
0.03661726415157318
0.030514385551214215
0.04097646102309226
0.04577157646417618
0.0440278984606266
0.04489973932504654
0.0440278984606266
0.04882301762700081
0.04795117676258087
0.04141237959265709
0.04228422045707703
0.04577157646417618
0.03618134185671806
0.035309504717588425
0.04141237959265709
0.04097646102309226
0.03487358242273331
0.03400174528360367
0.037053182721138
0.03400174528360367
0.028770705685019493
0.03356582298874855
0.042720139026641846
0.03487358242273331
0.037053182721138
0.03400174528360367
0.030514385551214215
0.03312990441918373
0.029642546549439434
0.027462946251034737
0.03269398584961891
0.040104620158672326
0.035745423287153244
0.030950305983424183
0.035745423287153244
0.03356582298874855
0.035309504717588425
0.02920662611722946
0.03356582298874855
0.03661726415157318
0.03923278301954269
0.03618134185671806
0.03443766385316849
0.038796860724687576
0.04228422045707703
0.037053182721138
0.04184829816222191
0.04097646102309226
0.038796860724687576
0.043156057596206665
0.042720139026641846
0.0440278984606266
0.04664341732859612
0.0440278984606266
0.04577157646417618
0.04664341732859612
0.04969485476613045
0.0440278984606266
0.0510026142001152
0.04228422045707703
0.042720139026641846
0.04228422045707703
0.04141237959265709
0.0531822144985199
0.05448997393250465
0.06843940913677216
0.06974716484546661
0.08238884061574936
0.08892763406038284
0.11421098560094832
0.12685266137123108
0.10767218470573424
0.10156930983066557
0.08979947865009309
