0.9302468895912169
1.0
0.6660493612289429
0.3635802567005157
0.16172839701175687
0.17283950746059415
0.3839506208896637
0.4339506030082703
0.4604938328266144
0.48703703284263605
0.4950617253780365
0.500617265701294
0.5012345910072327
0.5154321193695068
0.5172839760780334
0.5154321193695068
0.5327160358428955
0.5333333611488342
0.5444444417953491
0.5345678925514221
0.5444444417953491
0.550000011920929
0.5740740895271301
0.6030864119529724
0.6314814686775208
0.6802468895912169
0.7222222089767456
0.7419753074645997
0.7827160358428955
0.7888888716697693
0.8166666626930237
0.8358024954795836
0.8370370268821715
0.8030864000320433
0.7530864477157592
0.6790123581886292
0.6135802268981934
0.5518518686294556
0.5
0.4567901194095612
0.4395061731338501
0.4253086447715759
0.4203703701496124
0.4271605014801025
0.4246913492679596
0.4296296238899231
0.42592594027519226
0.4290123581886292
0.4240740835666656
0.43888887763023376
0.4444444477558136
0.4290123581886292
0.4246913492679596
0.4370370507240296
0.44567900896072393
0.4382716119289398
0.4407407343387604
0.45432099699974066
0.4395061731338501
0.4333333373069763
0.43888887763023376
0.4444444477558136
0.4253086447715759
0.4179012477397919
0.4043209850788117
0.3969135880470276
0.4117283821105957
0.39938271045684814
0.41111111640930176
0.41419753432273854
0.4074074029922485
0.37901234626770014
0.4000000059604645
0.4253086447715759
0.42592594027519226
0.41728395223617554
0.39938271045684814
0.39074075222015375
0.3870370388031006
0.3919753134250641
0.39629629254341125
0.38765433430671686
0.39567902684211725
0.3783950507640839
0.3740740716457367
0.37098765373229986
0.3827160596847534
0.39753085374832153
0.40308642387390137
0.40370368957519526
0.3777777850627899
0.3734567761421204
0.39876544475555414
0.42654320597648626
0.46358025074005127
0.4703703820705414
0.5080246925354004
0.47407406568527216
0.44567900896072393
0.4672839641571045
0.4246913492679596
0.39629629254341125
0.36296296119689936
0.3561728298664093
0.354938268661499
0.35925924777984614
0.34074074029922485
0.34382715821266174
0.3419753015041352
0.3382716178894043
0.32777777314186096
0.34382715821266174
0.46975308656692494
0.4888888895511627
0.5895061492919922
0.8709876537322998
0.6839506030082704
0.354938268661499
0.1388888955116272
0.0
0.16790123283863068
0.27716049551963806
0.2938271462917328
0.3092592656612396
0.3191358149051666
0.3216049373149872
0.3185185194015503
0.0
0.0
0.0
0.0
0.0
