0.9561403393745422
0.5
0.11330409348011015
0.06652046740055084
0.0
0.047514621168375015
0.03801169618964195
0.020467836409807205
0.029239766299724575
0.021198829635977745
0.02704678289592266
0.010233918204903603
0.0241228062659502
0.03216374292969704
0.028508771210908886
0.034356724470853806
0.02266081795096397
0.02485380135476589
0.04970760270953178
0.0760233923792839
0.07748538255691528
0.10014619678258896
0.12207602709531784
0.11695906519889832
0.13742689788341522
0.1388888955116272
0.15497076511383057
0.15497076511383057
0.16008771955966947
0.18713450431823728
0.2097953259944916
0.22880117595195767
0.21198830008506772
0.22587719559669492
0.21856725215911865
0.2039473652839661
0.1659356653690338
0.13304093480110168
0.11403508484363556
0.07748538255691528
0.0621345043182373
0.048245612531900406
0.03874269127845764
0.01315789483487606
0.012426900677382946
0.021929824724793438
0.021929824724793438
0.035818714648485184
0.037280701100826256
0.051169589161872864
0.051169589161872864
0.04605263099074364
0.030701754614710808
0.05628655105829239
0.046783626079559326
0.04459064453840256
0.05409356579184532
0.06578947603702545
0.0767543837428093
0.07821637392044067
0.0760233923792839
0.07821637392044067
0.09064327180385587
0.08187134563922882
0.09137427061796188
0.08771929889917372
0.09137427061796188
0.08991228044033049
0.09576023370027542
0.07967836409807205
0.06505847722291945
0.06505847722291945
0.06505847722291945
0.06652046740055084
0.07309941202402115
0.08333333581686019
0.08040935546159744
0.07236842066049574
0.06432748585939407
0.05774853751063346
0.05701754242181777
0.08187134563922882
0.08040935546159744
0.08552631735801695
0.09137427061796188
0.07967836409807205
0.07821637392044067
0.05847953259944916
0.05190058425068855
0.04020467773079872
0.05994151905179024
0.05263157933950424
0.06432748585939407
0.07017543911933899
0.07309941202402115
0.08479531854391098
0.08187134563922882
0.0760233923792839
0.06359649449586868
0.07894736528396606
0.08771929889917372
0.13011695444583893
0.11549707502126692
0.1432748585939407
0.1520467847585678
0.10453216731548308
0.08260233700275421
0.07383041083812714
0.06432748585939407
0.05336257442831993
0.05555555596947669
0.046783626079559326
0.048976607620716095
0.06432748585939407
0.07967836409807205
0.06871344894170761
0.0628654956817627
0.05994151905179024
0.0051169591024518
0.05921052768826485
0.2214912325143814
0.5007309913635254
0.9948830604553223
1.0
0.4729532301425934
0.19736842811107635
0.1388888955116272
0.10964912176132202
0.1513157933950424
0.16081871092319489
0.13523392379283905
0.13304093480110168
