0.9197324514389038
0.9632107019424438
0.7469342350959779
0.28149387240409846
0.0
0.21627648174762723
0.32943144440650934
0.38963210582733154
0.44035673141479487
0.44481605291366577
0.45094761252403254
0.4598662257194519
0.4648829400539398
0.47380155324935913
0.47603121399879456
0.4743589758872986
0.48049053549766546
0.48550724983215326
0.4838350117206573
0.49331104755401606
0.49609810113906866
0.4921962022781372
0.5039018988609314
0.5027870535850525
0.5183946490287781
0.5206242799758911
0.525083601474762
0.5256410241127014
0.5334448218345642
0.5334448218345642
0.5390189290046692
0.541248619556427
0.5484949946403505
0.5551839470863342
0.5646599531173706
0.5746934413909912
0.5869565010070801
0.5886287689208984
0.5964325666427612
0.604236364364624
0.6103678941726685
0.6159420013427734
0.6103678941726685
0.5914158225059509
0.5613154768943787
0.5395763516426086
0.5206242799758911
0.4955406785011292
0.476588636636734
0.4498327672481537
0.4414715766906738
0.43366777896881104
0.4314381182193756
0.4258639812469482
0.42474916577339167
0.4292084872722626
0.43589743971824646
0.4470457136631012
0.4470457136631012
0.45875138044357294
0.4637681245803833
0.4654403626918793
0.47770345211029047
0.47268673777580256
0.4721293151378632
0.4710144996643066
0.47268673777580256
0.4693422615528106
0.4654403626918793
0.4643255174160004
0.4542920887470245
0.44760313630104065
0.4442586302757263
0.4375696778297424
0.43589743971824646
0.43366777896881104
0.43366777896881104
0.4314381182193756
0.4286510646343231
0.4342252016067505
0.4375696778297424
0.4453734755516052
0.43589743971824646
0.44314381480216974
0.43979933857917786
0.44035673141479487
0.4409141540527344
0.44035673141479487
0.44035673141479487
0.43366777896881104
0.4342252016067505
0.4297658801078796
0.4347825944423676
0.4331103563308716
0.43366777896881104
0.43032330274581915
0.4286510646343231
0.4264214038848877
0.4219620823860168
0.4191750288009644
0.42251950502395624
0.4219620823860168
0.42251950502395624
0.4191750288009644
0.41527312994003296
0.4169453680515289
0.41973245143890386
0.4269788265228272
0.4492753744125366
0.4860646724700928
0.4871794879436493
0.4866220653057098
0.48327758908271784
0.45875138044357294
0.45652174949646
0.46042364835739136
0.45261985063552856
0.44760313630104065
0.43589743971824646
0.44481605291366577
0.4175027906894684
0.4147157073020935
0.408584177494049
0.41248607635498047
0.41248607635498047
0.4091415703296661
0.4113712310791016
0.413600891828537
0.41527312994003296
0.41304346919059753
0.37959864735603327
0.4286510646343231
