0.9674022197723389
0.8480441570281982
0.2753259837627411
0.0
0.002006018068641424
0.12487462162971497
0.18304914236068723
0.21514543890953064
0.22517552971839905
0.24473419785499567
0.25877633690834045
0.26328986883163447
0.26980942487716675
0.2813440263271332
0.2733199596405029
0.2813440263271332
0.28335005044937134
0.302908718585968
0.3079237639904022
0.3074222803115845
0.30641925334930414
0.3129388093948364
0.31043130159378046
0.3219659030437469
0.3239719271659851
0.3319959938526153
0.3520561754703522
0.37161484360694885
0.3926780223846436
0.4172517657279968
0.4503510594367981
0.47943830490112305
0.5125375986099243
0.5356068015098572
0.5426278710365297
0.5631895661354065
0.5807422399520874
0.5837512612342833
0.5772317051887512
0.5446339249610901
0.5060180425643921
0.45837512612342834
0.4097291827201843
0.3650952875614166
0.3435305953025818
0.3259779214859009
0.3114342987537384
0.30090269446372986
0.3034102320671081
0.29588764905929565
0.29187563061714167
0.29638916254043574
0.2988967001438141
0.30140420794487
0.29739218950271606
0.29739218950271606
0.2988967001438141
0.2988967001438141
0.31093278527259827
0.30842527747154236
0.3129388093948364
0.30190572142601013
0.29939818382263184
0.29237714409828186
0.2913741171360016
0.2898696064949036
0.30090269446372986
0.29237714409828186
0.2938816547393799
0.28836509585380554
0.2843530476093292
0.29237714409828186
0.27733200788497925
0.2748244702816009
0.2703109383583069
0.2668004035949707
0.2703109383583069
0.25325977802276606
0.2612838447093964
0.26228687167167664
0.2718154489994049
0.2748244702816009
0.2657974064350128
0.2627883553504944
0.2592778205871582
0.252758264541626
0.24924774467945096
0.24974924325942996
0.24774323403835297
0.2467402219772339
0.2562687993049621
0.25325977802276606
0.25977933406829834
0.26379138231277466
0.2928786277770996
0.31093278527259827
0.3385155498981476
0.347041130065918
0.34302908182144165
0.36308926343917847
0.3505516648292541
0.30942827463150024
0.23921765387058255
0.22668004035949707
0.22367101907730105
0.2161484509706497
0.2286860644817352
0.22166499495506287
0.22016048431396484
0.22417251765728
0.2402206659317017
0.2321965843439102
0.2347041070461273
0.23169508576393127
0.22918756306171417
0.2156469374895096
0.24974924325942996
0.31594783067703247
0.34302908182144165
0.7111334204673767
1.0
0.4829488396644592
0.12387161701917648
0.0
0.04513540491461754
0.16399197280406952
0.20461383461952207
0.23069207370281217
0.2567703127861023
0.2683049142360687
0.2713139355182648
0.28335005044937134
