1.0
0.6253501176834105
0.23249299824237823
0.0
0.02240896411240101
0.26120448112487793
0.31862744688987726
0.32983192801475525
0.3564425706863404
0.36274510622024536
0.3648459315299988
0.37815126776695246
0.39425769448280334
0.3963585495948792
0.4383753538131714
0.4348739385604858
0.456582635641098
0.45378151535987854
0.4796918630599976
0.48949578404426575
0.4950980246067047
0.5329131484031677
0.5581232309341431
0.5889355540275574
0.6400560140609741
0.6722689270973206
0.7079831957817078
0.7485994100570679
0.7878151535987854
0.8207283020019531
0.8487395048141478
0.843837559223175
0.8284313678741454
0.7717086672782899
0.6736694574356079
0.593837559223175
0.5105041861534119
0.4572829008102417
0.4369747936725616
0.4096638560295105
0.39425769448280334
0.3795518279075623
0.375350147485733
0.3760504126548767
0.41386553645133967
0.3998599350452423
0.4047619104385376
0.3921568691730499
0.4047619104385376
0.4005602300167084
0.39355742931365967
0.40266105532646174
0.3928571343421936
0.4117647111415863
0.406862735748291
0.4061624705791473
0.4054621756076813
0.424369752407074
0.4166666567325592
0.406862735748291
0.4082632958889008
0.413165271282196
0.407563030719757
0.407563030719757
0.4110644161701202
0.41946777701377863
0.4089635908603668
0.41386553645133967
0.3977591097354889
0.4082632958889008
0.39845937490463257
0.3872548937797546
0.39005601406097407
0.3970588147640228
0.3837535083293914
0.39005601406097407
0.3795518279075623
0.3774509727954865
0.3606442511081696
0.3823529481887817
0.3774509727954865
0.3816526532173157
0.39495798945426946
0.41036415100097656
0.4096638560295105
0.42226889729499817
0.4054621756076813
0.4096638560295105
0.4110644161701202
0.39005601406097407
0.4033613502979279
0.4061624705791473
0.4481792747974396
0.46568626165390015
0.4985994398593903
0.5147058963775635
0.5392156839370728
0.49789914488792414
0.5126050710678101
0.5112044811248779
0.4600840210914612
0.42577031254768366
0.3732492923736572
0.35854342579841614
0.3592436909675598
0.36624649167060846
0.3823529481887817
0.37464985251426697
0.3760504126548767
0.35504201054573054
0.34173670411109924
0.413165271282196
0.5539215803146361
0.6092436909675598
0.7955182194709779
0.9635854363441468
0.75
0.35574230551719666
0.08543417602777481
0.00910364184528589
0.27240896224975586
0.33053222298622126
0.3340336084365845
0.34383752942085266
0.35854342579841614
0.3599439859390259
0.35084033012390137
0.37464985251426697
0.37464985251426697
0.3970588147640228
0.39565825462341303
0.3977591097354889
