0.9441953301429747
0.5784753561019897
0.2037867456674576
0.0
0.11509715765714644
0.18634778261184687
0.23119083046913144
0.22122570872306824
0.2252117544412613
0.21973094344139096
0.2272047847509384
0.2391629368066788
0.22919781506061557
0.23218734562397003
0.23966118693351743
0.22969606518745425
0.21773791313171384
0.22969606518745425
0.22820129990577695
0.22321873903274536
0.2257100194692612
0.22421523928642273
0.23667165637016296
0.23168909549713132
0.23766815662384036
0.24265071749687195
0.24265071749687195
0.24364723265171048
0.23517687618732447
0.2585949301719665
0.2805181741714477
0.278525173664093
0.27902340888977045
0.2939710915088653
0.31589436531066895
0.32436472177505493
0.3218734562397003
0.3124065697193146
0.3009466826915741
0.2825112044811249
0.2575984001159668
0.2391629368066788
0.2247135043144226
0.21474838256835935
0.20627802610397336
0.2117588371038437
0.20478326082229611
0.1953163892030716
0.18385650217533112
0.19631290435791013
0.20129546523094177
0.1953163892030716
0.198804184794426
0.2247135043144226
0.18734429776668549
0.19930243492126465
0.21425011754035947
0.19730941951274872
0.20577977597713473
0.2037867456674576
0.19282510876655576
0.1853512674570084
0.19631290435791013
0.21624314785003665
0.20777279138565063
0.2222222238779068
0.2222222238779068
0.20229198038578036
0.20827105641365048
0.21823617815971372
0.20577977597713473
0.22371698915958405
0.22122570872306824
0.21325361728668207
0.22820129990577695
0.2247135043144226
0.22919781506061557
0.2222222238779068
0.22272047400474548
0.22371698915958405
0.23667165637016296
0.23617339134216309
0.2306925803422928
0.23966118693351743
0.22371698915958405
0.23168909549713132
0.2391629368066788
0.23467862606048584
0.2630792260169983
0.2541106045246124
0.2745391130447388
0.2894867956638336
0.28849029541015625
0.30792227387428284
0.30991530418396
0.31888389587402344
0.32386645674705505
0.28101643919944763
0.25909316539764404
0.2625809609889984
0.23866467177867887
0.2137518674135208
0.20229198038578036
0.20627802610397336
0.20627802610397336
0.20727454125881195
0.20976582169532773
0.22421523928642273
0.23368211090564728
0.2496263086795807
0.22620826959609985
0.23119083046913144
0.2192326784133911
0.11061285436153412
0.09317389130592346
0.2551071345806122
0.8689586520195006
1.0
0.3602391481399536
0.03437967225909233
0.057797707617282874
0.18435475230216977
0.2521175742149353
0.2605879306793213
0.25909316539764404
0.26208269596099854
0.26357749104499817
0.2715495824813843
0.29147982597351074
0.27902340888977045
0.2864972651004791
0.2740408480167389
