0.9786552786827089
0.6520811319351196
0.10725720226764678
0.09124866873025894
0.046958379447460175
0.04002134501934052
0.04215581715106964
0.03521878272294998
0.043756671249866486
0.03788687288761138
0.04162219911813736
0.049092847853899
0.036819636821746826
0.047491997480392456
0.06189968064427376
0.049092847853899
0.05869797244668007
0.06830309331417084
0.08431163430213928
0.08858057856559753
0.10512273013591766
0.12593382596969604
0.15154749155044556
0.18623265624046323
0.22732123732566836
0.2540021240711212
0.29402348399162287
0.329775869846344
0.3703308403491974
0.3938100337982178
0.41141942143440247
0.40875133872032166
0.38633936643600464
0.352187842130661
0.3004269003868103
0.24439701437950132
0.20117396116256717
0.16382069885730743
0.1440768390893936
0.12486659735441208
0.10618996620178223
0.09978654980659485
0.09605123102664948
0.09658484160900117
0.09871931374073027
0.09178228676319121
0.09978654980659485
0.09925293177366255
0.10245463997125624
0.10725720226764678
0.1040554940700531
0.1040554940700531
0.10458911210298538
0.1040554940700531
0.09658484160900117
0.09018143266439436
0.09178228676319121
0.08697972446680069
0.08804696053266525
0.08110992610454558
0.07844183593988417
0.0747065097093582
0.07630736380815507
0.08004269003868103
0.07844183593988417
0.07630736380815507
0.07150480151176453
0.07310565561056137
0.07897545397281647
0.08057630807161331
0.08110992610454558
0.07844183593988417
0.07363927364349365
0.07363927364349365
0.07417289167642593
0.07203841954469681
0.08377801626920701
0.11472785472869872
0.13233724236488342
0.14674493670463562
0.16275346279144287
0.17876200377941132
0.18089647591114044
0.16275346279144287
0.14941301941871643
0.14621131122112274
0.10832443833351137
0.08164354413747787
0.05442902818322182
0.05976520851254463
0.043756671249866486
0.050160083919763565
0.05442902818322182
0.0
0.13500533998012543
0.43009606003761286
0.8665955066680909
1.0
0.6216648817062378
0.12860192358493805
0.10032016783952712
0.06243329867720604
0.07203841954469681
0.05976520851254463
0.06456776708364487
0.04802561551332474
0.05656350031495094
0.05176093801856041
0.05122731998562813
0.05549626424908639
0.05709711834788322
0.06243329867720604
0.06616862118244171
0.07310565561056137
0.07950907200574873
0.0
0.0
0.0
0.0
0.0
0.0
0.0
0.0
0.0
0.0
0.0
0.0
0.0
0.0
0.0
0.0
0.0
