1.0
0.7582278251647949
0.35253164172172546
0.10189873725175856
0.016455696895718575
0.21202531456947327
0.2924050688743592
0.3000000119209289
0.3164556920528412
0.3265822827816009
0.3329114019870758
0.3462025225162506
0.3455696105957031
0.3588607609272003
0.3531645536422729
0.3607594966888428
0.3664557039737701
0.3708860874176025
0.3778480887413025
0.38860759139060974
0.4069620370864868
0.4291139245033264
0.43860760331153864
0.45759493112564087
0.48544302582740784
0.5316455960273743
0.5518987178802489
0.5829113721847534
0.6069620251655579
0.6373417973518372
0.6487341523170471
0.6468354463577272
0.6354430317878723
0.600632905960083
0.5481012463569641
0.49746835231781006
0.4367088675498962
0.40126582980155934
0.36582279205322266
0.3398734033107757
0.3341772258281708
0.3113923966884613
0.3126582205295563
0.3132911324501037
0.30063292384147644
0.3025316596031189
0.30569618940353394
0.30569618940353394
0.3082278370857239
0.30949366092681885
0.3069620132446289
0.3037974536418915
0.30506327748298645
0.30949366092681885
0.31012657284736633
0.3107594847679138
0.3075949251651764
0.3031645715236664
0.30949366092681885
0.2993671000003814
0.2993671000003814
0.2955696284770965
0.29113924503326416
0.2892405092716217
0.2860759496688843
0.2892405092716217
0.28797468543052673
0.28037974238395685
0.2816455662250519
0.27025315165519714
0.2772151827812195
0.27594935894012446
0.27151897549629206
0.2721518874168396
0.2683544158935547
0.27405062317848206
0.26139241456985474
0.2626582384109497
0.2594936788082123
0.2727847993373871
0.2632911503314972
0.2727847993373871
0.2683544158935547
0.25569620728492737
0.2620253264904022
0.28037974238395685
0.30443036556243896
0.33037975430488586
0.3430379629135132
0.37594935297966
0.4088607728481293
0.3936708867549896
0.37848100066185
0.400632917881012
0.3531645536422729
0.3329114019870758
0.2892405092716217
0.2550632953643799
0.24810126423835757
0.2626582384109497
0.2531645596027374
0.2620253264904022
0.24683544039726257
0.2455696165561676
0.2493670880794525
0.27341771125793457
0.3873417675495148
0.42151898145675654
0.5677215456962585
0.9221519231796264
0.7987341880798339
0.36835443973541254
0.18670886754989624
0.0
0.0962025299668312
0.24430379271507263
0.27405062317848206
0.2772151827812195
0.30506327748298645
0.31012657284736633
0.3208860754966736
0.3265822827816009
0.3265822827816009
0.3468354344367981
0.34493669867515564
0.3411392271518707
0.3531645536422729
0.3626582324504852
0.3734177350997925
0.37721517682075506
0.400632917881012
0.4151898622512817
