1.0
0.5064854621887207
0.07659048587083817
0.05250154435634613
0.19950586557388303
0.2804200053215027
0.33292156457901
0.3465102016925812
0.3421865403652191
0.36009883880615234
0.3656578063964844
0.3693638145923615
0.37862879037857056
0.3823347687721253
0.38974675536155695
0.37924644351005554
0.4033353924751282
0.40889438986778254
0.415071040391922
0.4021000564098358
0.420012354850769
0.4218653440475464
0.43113031983375544
0.4342186450958252
0.43360099196434015
0.4163063764572144
0.42124769091606146
0.44224831461906433
0.44163063168525696
0.450277954339981
0.4700432419776917
0.4959851801395416
0.5052501559257507
0.49351450800895685
0.5126621127128601
0.5274860858917236
0.5361334085464478
0.5392217636108398
0.537986397743225
0.5367510914802551
0.5478690266609192
0.5373687744140625
0.4700432419776917
0.446571946144104
0.4051883816719055
0.4039530456066132
0.390364408493042
0.36380481719970703
0.3514515161514282
0.3304508924484253
0.3341569006443024
0.3428041934967041
0.3428041934967041
0.3187152445316314
0.3298332393169403
0.3495985269546509
0.3693638145923615
0.3526868522167206
0.34836319088935846
0.3520691692829132
0.3557751774787903
0.3452748656272888
0.3298332393169403
0.3403335511684418
0.3526868522167206
0.36751079559326166
0.34095120429992676
0.33539220690727234
0.3421865403652191
0.3187152445316314
0.3526868522167206
0.3248918950557709
0.3428041934967041
0.30821493268013
0.34403952956199646
0.3421865403652191
0.3390982151031494
0.3211859166622162
0.31006795167922974
0.3119209408760071
0.3205682635307312
0.3341569006443024
0.3137739300727844
0.31995058059692383
0.3150092661380768
0.3273625671863556
0.31562691926956177
0.3119209408760071
0.31253859400749207
0.33168622851371765
0.31315627694129944
0.3113032877445221
0.31253859400749207
0.33353921771049494
0.32859790325164795
0.3347745537757873
0.3119209408760071
0.31253859400749207
0.29771465063095087
0.3113032877445221
0.3137739300727844
0.3113032877445221
0.33724522590637207
0.3137739300727844
0.30697962641716003
0.31686225533485407
0.30080297589302063
0.32921555638313293
0.3267449140548706
0.31562691926956177
0.3174799382686615
0.3576281666755676
0.38789376616477966
0.38418775796890253
0.3743051290512085
0.36380481719970703
0.3730697929859161
0.3823347687721253
0.38480544090271
0.3452748656272888
0.3248918950557709
0.3137739300727844
0.3180975914001465
0.277331680059433
0.28103768825531006
0.28412601351737976
0.3014206290245056
0.28721433877944946
0.2989499568939209
0.3088326156139374
0.2835083305835724
0.3119209408760071
