1.0
0.8633646368980407
0.40264731645584106
0.1733561009168625
0.01921434700489044
0.0
0.08625106513500212
0.11912894994020462
0.11571306735277176
0.1238257884979248
0.11400512605905531
0.11998292058706284
0.112724170088768
0.1063193827867508
0.1118701994419098
0.12425277382135393
0.1349274069070816
0.14901793003082275
0.1520068347454071
0.16011956334114075
0.1635354459285736
0.17634500563144684
0.2002561986446381
0.2015371471643448
0.219897523522377
0.231853112578392
0.24978651106357572
0.2566182613372803
0.2681468725204468
0.2847993075847626
0.3070025742053985
0.3304867744445801
0.3548249304294586
0.3582408130168915
0.3620837032794952
0.36080273985862726
0.3377455174922943
0.3040136694908142
0.2758326232433319
0.2352689951658249
0.21818958222866056
0.19598633050918576
0.1686592698097229
0.1592655777931213
0.16097353398799896
0.15542271733283997
0.14901793003082275
0.15328778326511383
0.1460290402173996
0.1460290402173996
0.1409052163362503
0.14304013550281525
0.1511528640985489
0.15584969520568848
0.15029889345169067
0.15072587132453918
0.1456020474433899
0.1515798419713974
0.15072587132453918
0.15499572455883026
0.1511528640985489
0.14218616485595703
0.1400512456893921
0.14218616485595703
0.1413321942090988
0.1464560180902481
0.14432109892368317
0.1464560180902481
0.1460290402173996
0.13919726014137268
0.14432109892368317
0.14389410614967346
0.13834328949451447
0.1293766051530838
0.12339880317449568
0.12254483252763748
0.13108454644680023
0.1353543996810913
0.14389410614967346
0.1400512456893921
0.14175918698310852
0.1460290402173996
0.1515798419713974
0.14901793003082275
0.15542271733283997
0.1592655777931213
0.16097353398799896
0.15328778326511383
0.1622544825077057
0.1682322770357132
0.1690862476825714
0.16737830638885498
0.16737830638885498
0.16396242380142212
0.1626814752817154
0.16609735786914823
0.15883859992027283
0.1575576364994049
0.15883859992027283
0.15584969520568848
0.16396242380142212
0.17506404221057892
0.17890691757202148
0.17079418897628784
0.17079418897628784
0.16567036509513855
0.16524338722229004
0.16609735786914823
0.1801878809928894
0.18445773422718048
0.20452605187892917
0.20836891233921048
0.24423569440841675
0.2523484230041504
0.2574722468852997
0.24252775311470032
0.22715628147125244
0.20367208123207087
0.18744662404060364
0.16524338722229004
0.12510675191879272
0.10760033875703812
0.08838599175214766
0.08795900642871857
0.09436379373073578
0.10375747084617613
0.1007685735821724
0.07258753478527069
0.12724167108535767
0.23740392923355105
0.6473100185394287
0.9923142790794371
