1.0
0.807646334171295
0.22540821135044095
0.0023894861806184053
0.03743528574705124
0.11230585724115372
0.10832338035106658
0.10195141285657883
0.09637594223022462
0.09836718440055849
0.0951812043786049
0.10035842657089232
0.09557945281267166
0.09000398218631744
0.0876144990324974
0.09398645907640456
0.09557945281267166
0.09318996220827103
0.099163681268692
0.10991636663675308
0.11589008569717409
0.12226204574108124
0.12624453008174896
0.1314217448234558
0.13978494703769684
0.15531660616397855
0.1800079643726349
0.19076065719127652
0.2154520153999329
0.24651533365249637
0.27996814250946045
0.3174034357070923
0.34806850552558893
0.3827160596847534
0.4137793779373169
0.43687772750854487
0.42970928549766546
0.38908800482749933
0.3321385979652405
0.26961371302604675
0.2074870616197586
0.16208681464195251
0.12465153634548189
0.0995619297027588
0.08243727684020995
0.07566706836223601
0.06969334930181503
0.06491437554359436
0.07128634303808212
0.07526881992816925
0.07964954525232315
0.08522500842809677
0.08482675999402998
0.08562325686216353
0.08641975373029709
0.08363202214241028
0.08522500842809677
0.09000398218631744
0.09279171377420424
0.09876543283462524
0.1095181182026863
0.10872162133455276
0.10593388974666595
0.10394265502691268
0.1051373928785324
0.10195141285657883
0.10314615815877914
0.09478295594453812
0.09836718440055849
0.09119872748851776
0.08880923688411713
0.08562325686216353
0.08482675999402998
0.07407407462596893
0.07447232306003569
0.06969334930181503
0.06849860399961472
0.06610912084579468
0.06411787867546082
0.06411787867546082
0.067303866147995
0.07686180621385574
0.10314615815877914
0.12066905945539474
0.12305854260921478
0.13341298699378967
0.13978494703769684
0.14974114298820496
0.12624453008174896
0.12226204574108124
0.10434090346097946
0.10434090346097946
0.0951812043786049
0.07088809460401535
0.06252489238977432
0.05455993488430977
0.052568696439266205
0.04540023952722549
0.04301075264811516
0.04301075264811516
0.05217045173048973
0.05734767019748688
0.05734767019748688
0.06292314082384108
0.067303866147995
0.050975706428289407
0.0
0.03185981512069702
0.1927518844604492
0.6475507616996765
0.9757068753242493
0.7638391256332396
0.18319395184516904
0.009159697219729424
0.05774591863155365
0.1330147385597229
0.11827956885099412
0.11270410567522048
0.11071286350488661
0.11150936037302016
0.11031461507081984
0.11150936037302016
0.10712863504886629
0.10752688348293304
0.11031461507081984
0.12066905945539474
0.1242532879114151
0.0
0.0
0.0
0.0
0.0
