1.0
0.7753713130950927
0.3879950642585754
0.1349009871482849
0.039603959769010544
0.2314356416463852
0.29950493574142456
0.3106435537338257
0.3397277295589447
0.35952970385551447
0.353960394859314
0.36262375116348267
0.3706683218479157
0.37623763084411616
0.3780940473079681
0.38118812441825867
0.3842821717262268
0.4022277295589447
0.4022277295589447
0.40470296144485474
0.4176980257034302
0.43688118457794184
0.4467821717262268
0.4814356565475464
0.510519802570343
0.5439356565475464
0.5804455280303955
0.6008663177490233
0.6256188154220581
0.6497524976730347
0.665841579437256
0.6633663177490233
0.6528465151786804
0.6150990128517151
0.5711633563041687
0.5136138796806335
0.4560643434524536
0.4121287167072296
0.39232674241065973
0.37376236915588373
0.3632425665855408
0.36076733469963074
0.351485162973404
0.35024753212928766
0.34467822313308716
0.3490099012851715
0.34591585397720337
0.3378712832927704
0.34467822313308716
0.33601483702659607
0.33601483702659607
0.33477723598480225
0.34344059228897095
0.35024753212928766
0.3384900987148285
0.33168315887451166
0.33539605140686035
0.34405940771102905
0.3397277295589447
0.33415842056274414
0.33539605140686035
0.33601483702659607
0.32982674241065973
0.32054454088211054
0.31683167815208435
0.3143564462661743
0.32054454088211054
0.3137376308441162
0.3118811845779419
0.3193069398403168
0.31559404730796814
0.29888615012168884
0.30940595269203186
0.30816832184791565
0.3038366436958313
0.3050742447376251
0.30816832184791565
0.3100247383117676
0.3007425665855408
0.30940595269203186
0.30012375116348267
0.29207921028137207
0.29702970385551447
0.29207921028137207
0.29826733469963074
0.29084157943725586
0.2964108884334564
0.3050742447376251
0.3025990128517151
0.291460394859314
0.2846534550189972
0.2933168411254883
0.2883663475513458
0.2926980257034302
0.3044554591178894
0.33168315887451166
0.3638613820075989
0.3688118755817413
0.4146039485931397
0.41398516297340393
0.3917079269886017
0.39542078971862793
0.3978960514068604
0.34591585397720337
0.32487624883651733
0.27227723598480225
0.27289605140686035
0.2698019742965698
0.27660891413688654
0.2741336524486542
0.2759900987148285
0.28094059228897095
0.2660891115665436
0.2660891115665436
0.3038366436958313
0.39851483702659607
0.44306930899620056
0.6070544719696045
0.9313119053840637
0.7704207897186278
0.37871286273002625
0.1788366287946701
0.0
0.13737623393535614
0.25618812441825867
0.27289605140686035
0.2902227640151977
0.3106435537338257
0.31683167815208435
0.32673266530036926
0.3279702961444855
0.3397277295589447
