1.0
0.5305962562561035
0.08786610513925552
0.012029288336634636
0.05047070980072021
0.03844142332673073
0.025627614930272102
0.019612969830632206
0.01830543950200081
0.01987447775900364
0.0243200846016407
0.025366108864545826
0.02876568958163261
0.031119246035814285
0.03478033468127251
0.03713389113545418
0.04027196764945984
0.04550209268927574
0.052301254123449326
0.05517782270908356
0.06093096360564232
0.06668409705162048
0.07609832286834717
0.08786610513925552
0.09806485474109648
0.11087866127490996
0.12316945940256117
0.1372907906770706
0.15428870916366577
0.17390167713165283
0.19508367776870728
0.2084205001592636
0.2256799191236496
0.2366631776094437
0.2429393231868744
0.2366631776094437
0.21652719378471372
0.1893305480480194
0.15690375864505768
0.12630753219127655
0.10381799191236496
0.07845187932252885
0.06537657231092453
0.055700838565826416
0.052824266254901886
0.05334728211164474
0.04942468553781509
0.04654811695218086
0.047332637012004845
0.04628660902380943
0.04916318133473396
0.04707112908363342
0.04916318133473396
0.047855649143457406
0.052824266254901886
0.05073221772909165
0.04916318133473396
0.052824266254901886
0.051516737788915634
0.052301254123449326
0.056223850697278976
0.05334728211164474
0.05308577418327332
0.052824266254901886
0.052301254123449326
0.052039749920368195
0.04890167340636253
0.051516737788915634
0.05047070980072021
0.050993725657463074
0.051778241991996765
0.05020920559763908
0.05308577418327332
0.04890167340636253
0.046809624880552285
0.05047070980072021
0.05047070980072021
0.050993725657463074
0.04890167340636253
0.0486401692032814
0.04942468553781509
0.04576359689235687
0.04994769766926765
0.051778241991996765
0.05360878631472588
0.05334728211164474
0.05047070980072021
0.05700836703181266
0.054654810577631
0.05413179844617844
0.05334728211164474
0.05308577418327332
0.054916318506002426
0.054393306374549866
0.052039749920368195
0.05543933063745499
0.05256276205182076
0.05648535490036011
0.05831589922308922
0.05753137916326522
0.056223850697278976
0.05360878631472588
0.05596234276890755
0.055700838565826416
0.054916318506002426
0.05334728211164474
0.052824266254901886
0.07269874215126036
0.08472803235054016
0.11192468553781508
0.10957112908363342
0.12186192721128464
0.14016737043857574
0.14801254868507385
0.1294456124305725
0.10538703203201293
0.08760460466146469
0.08472803235054016
0.06066945567727089
0.05073221772909165
0.046809624880552285
0.04184100404381752
0.04184100404381752
0.04131799191236496
0.04262552410364151
0.0381799153983593
0.0
0.01464435178786516
0.12316945940256117
0.4558054506778717
0.946914255619049
0.868462324142456
