0.9564655423164368
0.9612069129943848
0.6948275566101073
0.39008620381355286
0.1870689690113068
0.04137931019067764
0.09094827622175217
0.1681034415960312
0.16249999403953552
0.1564655154943466
0.1650862097740173
0.16422413289546967
0.17499999701976776
0.17629310488700867
0.1870689690113068
0.18922413885593412
0.18620689213275907
0.20129311084747317
0.20775862038135529
0.221120685338974
0.23017241060733795
0.23706896603107447
0.2538793087005615
0.27327585220336914
0.28793102502822876
0.29741379618644714
0.30086207389831543
0.32370689511299133
0.3336206972599029
0.3534482717514038
0.3814655244350433
0.39827585220336914
0.40991377830505366
0.4181034564971924
0.43491378426551813
0.4314655065536499
0.4275861978530884
0.40043103694915766
0.3698275983333588
0.33965516090393066
0.3112069070339203
0.28534483909606934
0.2594827711582184
0.23836207389831543
0.22456896305084229
0.21551723778247836
0.2021551728248596
0.19568964838981628
0.19612069427967072
0.2116379290819168
0.21508620679378507
0.22327585518360135
0.23146551847457883
0.23793102800846097
0.22715517878532407
0.2275862097740173
0.22413793206214905
0.2237069010734558
0.21810345351696012
0.2262931019067764
0.2310344874858856
0.22241379320621488
0.20775862038135529
0.2116379290819168
0.21250000596046448
0.2116379290819168
0.2068965584039688
0.20474137365818024
0.19913792610168457
0.19870689511299133
0.20129311084747317
0.19525861740112305
0.19568964838981628
0.18793103098869324
0.17974138259887695
0.18491379916667935
0.1780172437429428
0.17887930572032928
0.18663793802261353
0.17931035161018372
0.18922413885593412
0.17887930572032928
0.17887930572032928
0.18448275327682492
0.18491379916667935
0.21465517580509183
0.23922413587570193
0.25560346245765686
0.27327585220336914
0.30991378426551813
0.3159482777118683
0.3125
0.3000000119209289
0.26982757449150085
0.26034483313560486
0.2521551847457886
0.21810345351696012
0.18836206197738647
0.17241379618644714
0.17241379618644714
0.1741379350423813
0.16551724076271057
0.15775862336158752
0.15000000596046448
0.1176724135875702
0.18060344457626343
0.47844827175140386
0.9077585935592652
1.0
0.7603448033332824
0.3620689511299133
0.15818965435028076
0.0
0.04353448376059532
0.1297413855791092
0.13405172526836395
0.1405172348022461
0.15258620679378507
0.1551724076271057
0.15603448450565338
0.16077585518360135
0.16293103992938995
0.17499999701976776
0.1767241358757019
0.17758621275424957
0.18318966031074524
0.18965516984462735
0.20258620381355283
0.0
0.0
0.0
0.0
