1.0
0.477407842874527
0.05291320011019707
0.0
0.07907253503799438
0.13198572397232056
0.16884660720825195
0.18489892780780792
0.17657551169395447
0.18608799576759336
0.2086801379919052
0.2211652845144272
0.2051129639148712
0.20749108493328092
0.21640904247760767
0.214030921459198
0.22413793206214905
0.22889417409896848
0.24137930572032928
0.25564804673194885
0.2615933418273926
0.2675386369228363
0.2824018895626068
0.28478002548217773
0.3216409087181092
0.3602853715419769
0.3602853715419769
0.39833530783653254
0.4369798004627228
0.4464922845363617
0.48513674736022955
0.4857312738895416
0.4785968959331512
0.46195006370544434
0.447681337594986
0.39952436089515686
0.3852556347846985
0.32639715075492853
0.30083233118057245
0.29072532057762146
0.27051129937171936
0.263376921415329
0.256242573261261
0.2639714479446411
0.2568370997905731
0.2568370997905731
0.256242573261261
0.26516053080558777
0.2419738471508026
0.2711058259010315
0.2728894054889679
0.2746730148792267
0.2717003524303436
0.26634958386421204
0.27051129937171936
0.2806183099746704
0.2734839618206024
0.2764565944671631
0.24970273673534396
0.25564804673194885
0.2604042887687683
0.24613554775714877
0.25208085775375366
0.24435196816921237
0.24613554775714877
0.25029727816581726
0.2586206793785095
0.2621878683567047
0.29607608914375305
0.3412604033946991
0.35493460297584534
0.41141498088836664
0.32580262422561646
0.3579072654247284
0.3662306666374207
0.3061831295490265
0.3156956136226654
0.3026159405708313
0.2615933418273926
0.2378121316432953
0.20749108493328092
0.19560047984123227
0.2128418534994125
0.18192628026008603
0.2027348428964615
0.2158145010471344
0.19857312738895416
0.20808561146259308
0.1771700382232666
0.11177170276641844
0.19916765391826627
0.4964328110218048
0.6557669639587401
0.9482758641242981
0.5891795754432678
0.11771700531244277
0.013079667463898659
0.1034482792019844
0.14803804457187653
0.18906064331531525
0.2122473269701004
0.2217598110437393
0.19976218044757843
0.18906064331531525
0.24256837368011477
0.2300832271575928
0.21878716349601743
0.24970273673534396
0.2604042887687683
0.25267538428306574
0.23543401062488556
0.0
0.0
0.0
0.0
0.0
0.0
0.0
0.0
0.0
0.0
0.0
0.0
0.0
0.0
0.0
0.0
0.0
0.0
0.0
0.0
0.0
