0.917792797088623
0.347597599029541
0.0
0.08295796066522598
0.12199699878692626
0.1343843787908554
0.13100600242614746
0.12237237393856049
0.13138137757778168
0.13363362848758695
0.125
0.12837837636470795
0.12875375151634216
0.1317567527294159
0.1340090036392212
0.13513512909412384
0.14076577126979828
0.14902402460575104
0.15090090036392212
0.16328829526901245
0.16066065430641174
0.17980480194091797
0.18806307017803192
0.1959459483623505
0.22560060024261477
0.22560060024261477
0.24962462484836576
0.254879891872406
0.27439939975738525
0.2965465486049652
0.3014264404773712
0.3262012004852295
0.31756755709648127
0.3104354441165924
0.2942942976951599
0.2661411464214325
0.24737237393856049
0.21283784508705136
0.21133632957935333
0.1925675719976425
0.1805555522441864
0.16403904557228088
0.18768769502639768
0.17867867648601532
0.1805555522441864
0.18768769502639768
0.19069069623947144
0.18130630254745483
0.18581080436706543
0.18581080436706543
0.1846846789121628
0.18205705285072327
0.18768769502639768
0.18355855345726013
0.18430930376052856
0.18205705285072327
0.17642642557621002
0.17079579830169675
0.18806307017803192
0.1760510504245758
0.17492492496967316
0.16478979587554932
0.1692942976951599
0.17492492496967316
0.16066065430641174
0.16591592133045197
0.16141140460968015
0.171171173453331
0.1599099040031433
0.16366367042064667
0.16741742193698883
0.16103602945804596
0.17079579830169675
0.17042042315006256
0.17755255103111267
0.21546547114849088
0.24849849939346316
0.23573572933673856
0.21884384751319885
0.23310810327529907
0.23273272812366483
0.20195195078849792
0.2064564526081085
0.18318317830562592
0.16779279708862305
0.1527777761220932
0.1388888955116272
0.13363362848758695
0.1343843787908554
0.13513512909412384
0.1340090036392212
0.15240240097045898
0.11448948830366135
0.12087087333202362
0.2691441476345062
0.527402400970459
0.7650150060653687
1.0
0.434684693813324
0.03190690651535988
0.09046546369791031
0.14489489793777463
0.16028527915477753
0.1512762755155563
0.14977477490901947
0.14714714884757996
0.1433933973312378
0.1666666716337204
0.15878377854824066
0.15240240097045898
0.15840840339660645
0.15427927672863007
0.15915915369987488
0.16816817224025726
0.17304804921150208
0.17755255103111267
0.0
0.0
0.0
0.0
0.0
0.0
0.0
0.0
0.0
0.0
0.0
0.0
0.0
0.0
0.0
0.0
