1.0
0.8477951884269713
0.3911806643009186
0.23613086342811584
0.18918919563293457
0.17354196310043335
0.18018017709255216
0.16927453875541687
0.16785205900669095
0.1588430553674698
0.15789473056793213
0.16595542430877683
0.16263632476329803
0.15030820667743683
0.16548126935958862
0.1806543320417404
0.18681839108467105
0.1929824501276016
0.19393077492713928
0.20151731371879575
0.2143195867538452
0.2356567084789276
0.23470839858055115
0.2508297860622406
0.2622095644474029
0.2750118672847748
0.2878141403198242
0.3162636458873749
0.31294453144073486
0.31721195578575134
0.33712661266326904
0.35372215509414673
0.34471312165260315
0.3394973874092102
0.3082029521465301
0.26979610323905945
0.23707918822765353
0.19630156457424164
0.1759127527475357
0.1559981107711792
0.15362730622291565
0.14319582283496857
0.1389283984899521
0.1375059336423874
0.13039354979991913
0.13229018449783325
0.1313418745994568
0.13798008859157562
0.14414414763450623
0.13276433944702148
0.12612612545490265
0.1346609741449356
0.13987672328948975
0.143669992685318
0.12470365315675735
0.12470365315675735
0.12802276015281677
0.12897107005119324
0.12422949075698853
0.11901374906301498
0.1209103837609291
0.11806543171405792
0.1133238524198532
0.12802276015281677
0.128496915102005
0.1375059336423874
0.13371266424655914
0.12043622881174088
0.1408250331878662
0.14746324717998505
0.1484115719795227
0.15789473056793213
0.15552394092082977
0.15267899632453918
0.10526315867900848
0.08961593359708786
0.08297771215438841
0.07586533576250076
0.06258890777826309
0.058795638382434845
0.06306306272745132
0.08013276755809784
0.07539118081331253
0.09103840589523315
0.08013276755809784
0.07064959406852722
0.06353722512722015
0.0
0.07871028780937193
0.24703651666641235
0.5903271436691284
0.9435751438140867
0.762446641921997
0.33380749821662903
0.22095780074596405
0.1545756310224533
0.15931721031665802
0.1759127527475357
0.1531531512737274
0.14177335798740387
0.13560929894447327
0.13276433944702148
0.13418681919574735
0.1422475129365921
0.1427216678857803
0.15694642066955566
0.16026553511619568
0.15504978597164154
0.15362730622291565
0.16358463466167447
0.17259365320205688
0.0
0.0
0.0
0.0
0.0
0.0
0.0
0.0
0.0
0.0
0.0
0.0
0.0
0.0
0.0
0.0
0.0
0.0
0.0
0.0
0.0
