0.96705424785614
0.8423772454261779
0.4043927788734436
0.23578810691833496
0.1543927639722824
0.17700257897377014
0.18604651093482968
0.19832041859626767
0.21124030649662015
0.21511627733707428
0.21834625303745267
0.1944444477558136
0.21188630163669583
0.20413435995578763
0.21124030649662015
0.22028423845767972
0.2293281704187393
0.24289405345916748
0.24160206317901609
0.26744186878204346
0.2577519416809082
0.26291990280151367
0.28036177158355713
0.29198965430259705
0.3217054307460785
0.3326873481273651
0.3701550364494324
0.39987081289291376
0.4496124088764191
0.475452184677124
0.5142118930816649
0.524547815322876
0.5865632891654968
0.5471576452255249
0.5361757278442383
0.5071059465408325
0.48643410205841053
0.41472867131233215
0.3578811287879944
0.3449612259864807
0.29586562514305115
0.27519381046295166
0.2635658979415893
0.2325581461191177
0.2474160194396973
0.24224805831909177
0.2189922481775284
0.22093023359775543
0.23320414125919345
0.23708009719848633
0.22028423845767972
0.20542635023593905
0.21124030649662015
0.22028423845767972
0.21188630163669583
0.22286821901798248
0.22351421415805817
0.2067183405160904
0.21124030649662015
0.22674418985843656
0.203488364815712
0.2189922481775284
0.19315245747566223
0.20865632593631744
0.20542635023593905
0.20413435995578763
0.20542635023593905
0.20284238457679749
0.2060723453760147
0.23901808261871335
0.19315245747566223
0.19638243317604065
0.2015503942966461
0.24160206317901609
0.18733850121498108
0.1789405643939972
0.1918604671955109
0.217700257897377
0.1944444477558136
0.22093023359775543
0.25
0.2648578882217407
0.28423771262168884
0.2894056737422943
0.3062015473842621
0.3604651093482971
0.3604651093482971
0.32364341616630554
0.31201550364494324
0.2894056737422943
0.2131782919168472
0.20801033079624176
0.17312660813331604
0.16795866191387177
0.16149871051311493
0.17635658383369443
0.15697674453258514
0.1466408222913742
0.15310077369213104
0.18475452065467837
0.1304909586906433
0.0
0.1505167931318283
0.823643386363983
1.0
0.801033616065979
0.3339793384075165
0.18410852551460263
0.09302325546741484
0.15697674453258514
0.16925065219402313
0.18023255467414853
0.1621447056531906
0.15374676883220673
0.1466408222913742
0.17248061299324036
0.17248061299324036
0.18410852551460263
0.16279070079326627
0.16925065219402313
0.19896641373634336
0.19896641373634336
0.21705426275730133
0.21576227247715
0.21059431135654447
0.23191215097904205
0.0
0.0
0.0
0.0
0.0
0.0
