0.940968096256256
0.6127508878707886
0.16410861909389496
0.12750884890556335
0.06965761631727219
0.09681227803230284
0.11275088787078856
0.10035419464111328
0.0855962187051773
0.0796930342912674
0.07733175903558731
0.0820543095469475
0.08795749396085739
0.08500590175390244
0.11452183872461318
0.09681227803230284
0.09208972752094269
0.0796930342912674
0.08854781836271286
0.11511216312646864
0.11983471363782883
0.11924438923597336
0.14226682484149933
0.1511216014623642
0.13754427433013916
0.1487603336572647
0.16469894349575043
0.18240849673748016
0.19185359776020047
0.19362455606460569
0.21546635031700132
0.22845336794853208
0.2266824096441269
0.2526564300060272
0.26682409644126887
0.26859503984451294
0.23848877847194672
0.22255018353462216
0.19657614827156064
0.1635182946920395
0.14580874145030975
0.11570248007774352
0.10212514549493788
0.08736717700958253
0.08382526785135269
0.08146399259567261
0.08264462649822235
0.09208972752094269
0.09622196108102798
0.09268004447221759
0.10330578684806824
0.10035419464111328
0.0820543095469475
0.0714285746216774
0.08736717700958253
0.0938606858253479
0.0979929193854332
0.10330578684806824
0.09740259498357773
0.11393152177333832
0.11038961261510848
0.11570248007774352
0.08972845226526259
0.0997638702392578
0.08795749396085739
0.09031876921653748
0.09090909361839294
0.09563164412975313
0.09858323633670807
0.10153482854366302
0.10920897126197814
0.0997638702392578
0.08618654310703276
0.08441558480262755
0.10743801295757292
0.10684769600629807
0.10743801295757292
0.10743801295757292
0.10330578684806824
0.10684769600629807
0.10861865431070328
0.11334120482206345
0.1180637553334236
0.1121605634689331
0.11038961261510848
0.12219598889350893
0.14935064315795898
0.14817000925540924
0.1570248007774353
0.15997639298439023
0.18654073774814603
0.15879574418067932
0.14639905095100403
0.10448642075061798
0.10566706210374832
0.10212514549493788
0.07319952547550201
0.08972845226526259
0.07378984987735747
0.0820543095469475
0.07260920852422714
0.08087366819381715
0.0714285746216774
0.07319952547550201
0.06434474885463715
0.0
0.09622196108102798
0.23907910287380216
0.5844155550003052
1.0
0.8896104097366333
0.41263282299041754
0.19834710657596588
0.11334120482206345
0.09031876921653748
0.13754427433013916
0.1345926821231842
0.11393152177333832
0.10861865431070328
0.11570248007774352
0.1257379055023193
0.12219598889350893
0.12514758110046387
0.1286894977092743
0.12750884890556335
0.1369539499282837
0.13518299162387848
0.1446280926465988
0.1487603336572647
0.13990554213523865
0.0
0.0
