0.9641166925430298
0.4518927335739136
0.0003943217743653804
0.01813880167901516
0.0
0.03785489127039909
0.07294952869415283
0.07965299487113953
0.09029968082904816
0.09187696874141693
0.09305993467569353
0.0950315445661545
0.0997634083032608
0.10449526458978652
0.10567823052406312
0.10764984041452408
0.10488958656787872
0.11080441623926161
0.11553627997636796
0.11908517032861708
0.12933753430843353
0.12973186373710632
0.13564668595790863
0.14787065982818604
0.1561514139175415
0.1616719216108322
0.17705047130584717
0.18848580121994016
0.19361199438571927
0.20425868034362793
0.21529968082904813
0.22082018852233887
0.22791798412799835
0.23146687448024747
0.23107255995273593
0.22949527204036713
0.22003154456615448
0.21293374896049497
0.201498419046402
0.18809148669242856
0.1742902249097824
0.15654574334621427
0.1435331255197525
0.13406939804553983
0.13170346617698667
0.1257886439561844
0.11947949230670928
0.11947949230670928
0.11947949230670928
0.11514195799827576
0.111593060195446
0.11553627997636796
0.11553627997636796
0.11750788986682892
0.11947949230670928
0.1238170340657234
0.12657728791236875
0.13012617826461792
0.13406939804553983
0.136435329914093
0.13604101538658142
0.13604101538658142
0.13446372747421265
0.13367508351802823
0.13604101538658142
0.1380126178264618
0.13367508351802823
0.12618295848369598
0.12342271208763123
0.12657728791236875
0.12657728791236875
0.1242113560438156
0.11987381428480148
0.12105678021907806
0.11790221184492113
0.11632492393255232
0.11514195799827576
0.11790221184492113
0.11908517032861708
0.11435331404209136
0.11356467008590698
0.11356467008590698
0.1182965263724327
0.11671924591064452
0.11632492393255232
0.11435331404209136
0.11395899206399916
0.11395899206399916
0.11119873821735382
0.1238170340657234
0.1447160840034485
0.16995267570018768
0.18296529352664948
0.17902208864688873
0.17626182734966278
0.19045741856098172
0.1916403770446777
0.1754731833934784
0.162066251039505
0.18533122539520264
0.13525237143039703
0.11474763602018356
0.09582018852233887
0.09621451050043106
0.09345425665378569
0.09187696874141693
0.09069400280714035
0.08635646849870682
0.0871451124548912
0.08911672234535217
0.0938485786318779
0.09266561269760132
0.09187696874141693
0.06506308913230896
0.09858044236898422
0.16561514139175415
0.414432168006897
0.8268927335739135
1.0
0.2484227120876312
0.0019716087263077497
0.039037853479385376
0.03115141950547695
0.08201892673969267
0.09739747643470764
0.11080441623926161
0.11356467008590698
0.11317034810781477
0.11711356788873672
0.12026813626289368
0.0
0.0
