0.901036262512207
1.0
0.34041449427604675
0.0
0.07461139559745789
0.17927461862564087
0.26062175631523127
0.2751295268535614
0.2808290123939514
0.2896372973918915
0.2854922413825989
0.28911918401718134
0.28808289766311646
0.2854922413825989
0.28393781185150146
0.287564754486084
0.29015544056892395
0.29844558238983154
0.29015544056892395
0.31088083982467646
0.30051812529563904
0.30207252502441406
0.29844558238983154
0.3093264102935791
0.29637306928634644
0.31191709637641907
0.31036269664764404
0.3134714961051941
0.34248703718185425
0.33834198117256165
0.34766837954521174
0.3575129508972168
0.37668395042419434
0.3839378356933594
0.3870466351509094
0.405181348323822
0.4300518035888672
0.4300518035888672
0.40829014778137207
0.3948186635971069
0.3559585511684418
0.3388600945472717
0.3269430100917816
0.3056994676589966
0.2896372973918915
0.2808290123939514
0.27772021293640137
0.2735751271247864
0.2792746126651764
0.27046632766723633
0.26062175631523127
0.25388601422309875
0.2492228001356125
0.2569948136806488
0.25492227077484125
0.26062175631523127
0.25492227077484125
0.2569948136806488
0.26010361313819885
0.25647667050361633
0.24404145777225492
0.25025907158851624
0.24611398577690125
0.2668393850326538
0.2668393850326538
0.26632124185562134
0.2647668421268463
0.27409327030181885
0.27772021293640137
0.28445595502853394
0.2792746126651764
0.29844558238983154
0.2953367829322815
0.294818639755249
0.2813471555709839
0.29792746901512146
0.28860104084014887
0.2772020697593689
0.28860104084014887
0.27616581320762634
0.2694300413131714
0.2730569839477539
0.27564767003059387
0.287564754486084
0.2766839265823364
0.2689119279384613
0.2730569839477539
0.2720207273960113
0.27772021293640137
0.2715025842189789
0.26113989949226374
0.24766840040683744
0.28445595502853394
0.28445595502853394
0.29015544056892395
0.304663211107254
0.3165803253650665
0.3290155529975891
0.3637305796146393
0.32797926664352417
0.3196891248226166
0.291709840297699
0.2792746126651764
0.28445595502853394
0.2678756415843964
0.23419688642024997
0.23005181550979611
0.22227978706359863
0.22487047314643857
0.2160621732473373
0.21088083088397977
0.2067357450723648
0.20880828797817233
0.21347150206565857
0.1963730603456497
0.20362694561481476
0.20777201652526853
0.09689119458198547
0.09430051594972609
0.2751295268535614
0.8709844350814819
0.9756476879119872
0.3414507806301117
0.019689118489623066
0.07668393850326538
0.18393781781196597
0.2373057007789612
0.2528497278690338
0.2673574984073639
0.2632124423980713
0.2554404139518738
0.26424869894981384
