1.0
0.789329707622528
0.296853631734848
0.036935705691576
0.09233926236629486
0.3166894614696502
0.35567715764045715
0.3618330955505371
0.393296867609024
0.395348846912384
0.398084819316864
0.41381669044494634
0.4165526628494263
0.4186046421527863
0.4377565085887909
0.4404924809932709
0.4541723728179932
0.4603283107280731
0.48016417026519775
0.5
0.5116279125213623
0.5335157513618469
0.5595075488090515
0.5943912267684937
0.6313269734382628
0.6696306467056273
0.7188782691955566
0.7469220161437987
0.7756497859954835
0.8139534592628478
0.8290013670921325
0.8153215050697327
0.789329707622528
0.7284541726112365
0.6511628031730652
0.5690834522247313
0.4931600689888
0.44186046719551086
0.4097127318382263
0.3837209343910217
0.37414500117301935
0.3700410425662994
0.35636115074157715
0.3652530908584594
0.3481532037258148
0.3543091714382172
0.35704514384269714
0.35704514384269714
0.35636115074157715
0.35499316453933716
0.3522571921348572
0.3536251783370972
0.3515731990337372
0.35499316453933716
0.3536251783370972
0.3604651093482971
0.36867305636405934
0.3495211899280548
0.36388507485389704
0.36867305636405934
0.36388507485389704
0.36730507016181946
0.3645690977573394
0.36798906326293945
0.3652530908584594
0.3502052128314972
0.34131327271461487
0.3372093141078949
0.34336525201797485
0.34131327271461487
0.36867305636405934
0.41450068354606634
0.45896032452583313
0.4514364004135132
0.4829001426696777
0.5191518664360046
0.5212038159370422
0.5437756776809692
0.49589604139328
0.4384405016899109
0.403556764125824
0.34268125891685486
0.301641583442688
0.30574554204940796
0.304377555847168
0.300273597240448
0.303009569644928
0.303009569644928
0.29411765933036804
0.3105335235595703
0.46374827623367304
0.47948017716407776
0.596443235874176
0.9829001426696776
0.9220246076583862
0.5123118758201599
0.13474692404270172
0.0
0.21203830838203433
0.3310533463954925
0.34131327271461487
0.3652530908584594
0.38577291369438166
0.38508892059326166
0.396032840013504
0.39192885160446167
0.393296867609024
0.398084819316864
0.4131326973438263
0.42612859606742853
0.4336525201797485
0.4445964395999909
0.45896032452583313
0.4644322991371154
0.4822161495685577
0.5170998573303223
0.5383036732673645
0.5772913694381714
0.0
0.0
0.0
0.0
0.0
0.0
0.0
0.0
0.0
0.0
0.0
0.0
0.0
0.0
