0.9228282570838928
0.6747474670410156
0.1022222191095352
0.0
0.08484848588705063
0.12242424488067626
0.11272726953029633
0.10787878930568696
0.11151514947414398
0.11151514947414398
0.10787878930568696
0.1111111119389534
0.10989899188280104
0.10707070678472518
0.12242424488067626
0.11797979474067688
0.1216161623597145
0.1151515170931816
0.13090908527374268
0.13090908527374268
0.14020201563835144
0.14262625575065613
0.16080808639526367
0.175353541970253
0.1797979772090912
0.19878788292407987
0.2133333384990692
0.226262629032135
0.24121211469173431
0.26424241065979004
0.28080809116363525
0.2997979819774628
0.29414141178131104
0.2953535318374634
0.27919191122055054
0.2505050599575043
0.2246464639902115
0.19838383793830872
0.17818181216716766
0.16484849154949188
0.1539393961429596
0.14989899098873138
0.14222222566604614
0.14747475087642667
0.14262625575065613
0.15111111104488373
0.15434344112873075
0.1349494904279709
0.14181818068027496
0.15111111104488373
0.15030303597450256
0.14747475087642667
0.145454540848732
0.1365656554698944
0.14707070589065552
0.15070706605911255
0.13333334028720856
0.14424242079257965
0.13818182051181793
0.1305050551891327
0.1369697004556656
0.12888889014720917
0.12969696521759033
0.128484845161438
0.1345454603433609
0.12727272510528564
0.12646465003490448
0.12969696521759033
0.1301010102033615
0.12929293513298035
0.1236363649368286
0.12484848499298096
0.13131313025951383
0.13373737037181854
0.1466666609048843
0.1967676728963852
0.1963636428117752
0.1854545474052429
0.18949495255947116
0.1874747425317764
0.1886868625879288
0.15919192135334015
0.1345454603433609
0.12282828241586684
0.09535353630781171
0.09050504863262177
0.09373737126588819
0.08363636583089827
0.08888889104127885
0.09494949132204056
0.07838384062051773
0.07434343546628952
0.05494949594140053
0.19070707261562347
0.4480808079242706
0.7183838486671448
1.0
0.4610100984573364
0.010101010091602802
0.035959597676992416
0.09090909361839294
0.1107070744037628
0.0981818214058876
0.10141414403915404
0.09454545378684995
0.09373737126588819
0.08969696611166
0.10383838415145874
0.10989899188280104
0.10868687182664873
0.11191919445991516
0.12080807983875275
0.11797979474067688
0.12282828241586684
0.12323231995105743
0.1430303007364273
0.1365656554698944
0.14020201563835144
0.15272727608680725
0.175353541970253
0.17939393222332
0.19878788292407987
0.2117171734571457
0.24080808460712433
0.2581818103790283
0.26868686079978943
0.2844444513320923
0.30222222208976746
0.3010101020336151
0.27676767110824585
0.2646464705467224
0.24525251984596247
