1.0
0.7042132616043091
0.19862425327301023
0.0
0.03740326687693596
0.14746345579624176
0.2192605286836624
0.2540842592716217
0.2609630227088928
0.26784178614616394
0.2717110812664032
0.2721410095691681
0.2794497013092041
0.29277729988098145
0.28675839304924006
0.2863284647464752
0.3043852150440216
0.2966465950012207
0.3147033452987671
0.319862425327301
0.32717111706733704
0.3452278673648834
0.3705932796001434
0.3929492831230164
0.4041272699832916
0.4337919056415558
0.454858124256134
0.4815133213996887
0.5073086619377136
0.5382631421089172
0.5623387694358826
0.5954428315162659
0.6100602149963379
0.6070507168769836
0.5958727598190308
0.569647490978241
0.5343937873840332
0.4815133213996887
0.4432502090930938
0.40713670849800104
0.37747204303741455
0.35253652930259705
0.33963885903358454
0.33447977900505066
0.32330179214477534
0.31857267022132874
0.3129836618900299
0.3116939067840576
0.3056749701499939
0.3026655316352844
0.3069647550582886
0.3086844384670257
0.3048151433467865
0.31642305850982666
0.29965606331825256
0.3022356033325196
0.29965606331825256
0.2966465950012207
0.3030954301357269
0.29191744327545166
0.29965606331825256
0.3069647550582886
0.29965606331825256
0.2962166666984558
0.29148754477500916
0.2983663082122803
0.2923473715782165
0.29277729988098145
0.2897678315639496
0.28460878133773804
0.28460878133773804
0.2833189964294433
0.2781599164009094
0.27558040618896484
0.282029241323471
0.2785898447036743
0.2811693847179413
0.2876182198524475
0.2876182198524475
0.28288906812667847
0.27558040618896484
0.277300089597702
0.282459169626236
0.28675839304924006
0.2897678315639496
0.2957867681980133
0.28546860814094543
0.2923473715782165
0.2884780764579773
0.29449698328971863
0.2953568398952484
0.30739468336105347
0.3030954301357269
0.3069647550582886
0.3043852150440216
0.3168529570102692
0.3177128136157989
0.33018055558204645
0.3220120370388031
0.31728288531303406
0.34307825565338135
0.357695609331131
0.33576956391334534
0.315133273601532
0.2790197730064392
0.27773001790046686
0.27558040618896484
0.2790197730064392
0.2760103046894073
0.2794497013092041
0.27515047788619995
0.2708512544631958
0.269991397857666
0.2717110812664032
0.277300089597702
0.27472054958343506
0.25881341099739075
0.2858985364437103
0.4273430705070496
0.6294066905975342
0.9084264636039732
0.9991401433944702
0.4587274193763733
0.15090283751487732
0.05417025089263916
0.1771281212568283
0.2708512544631958
0.315133273601532
0.3306104838848114
0.3340498805046081
0.3422183990478516
0.3473774790763855
