0.9481175541877745
0.33425161242485046
0.03994490206241608
0.02341597713530064
0.06014692410826683
0.10651974380016326
0.1501377373933792
0.1487603336572647
0.1501377373933792
0.15243342518806455
0.15518824756145477
0.1629935652017593
0.16115702688694
0.1652892529964447
0.16758494079113007
0.1657483875751495
0.1685032099485397
0.17033976316452026
0.17539027333259583
0.17539027333259583
0.1818181872367859
0.19100092351436612
0.19926537573337555
0.2056932896375656
0.21258035302162168
0.2222222238779068
0.23232322931289673
0.244719922542572
0.258034884929657
0.27318641543388367
0.2933884263038635
0.3108356297016144
0.31450873613357544
0.3080808222293854
0.29247015714645386
0.2653810977935791
0.24517905712127683
0.23094582557678223
0.211202934384346
0.19926537573337555
0.19054177403450007
0.18549127876758573
0.1850321441888809
0.1850321441888809
0.17768594622612
0.18135903775691983
0.1818181872367859
0.1845730096101761
0.1873278170824051
0.1891643702983856
0.1873278170824051
0.1873278170824051
0.18595041334629056
0.18135903775691983
0.18411386013031003
0.18640954792499545
0.18411386013031003
0.18089990317821503
0.17952249944210052
0.17539027333259583
0.1749311238527298
0.17263545095920563
0.17447198927402496
0.1721763014793396
0.16804407536983487
0.1694214940071106
0.1657483875751495
0.17033976316452026
0.17263545095920563
0.17079889774322507
0.17814508080482483
0.19375574588775635
0.2194674015045166
0.24196510016918185
0.23002754151821136
0.2598714530467987
0.28604224324226374
0.28650137782096863
0.27685949206352234
0.2640036642551422
0.21900826692581177
0.19834710657596588
0.18962350487709043
0.1528925597667694
0.1418732851743698
0.1345270872116089
0.13085399568080902
0.12718090415000916
0.127640038728714
0.12993572652339935
0.13131313025951383
0.12580348551273343
0.0821854919195175
0.2539026737213135
0.5619834661483765
0.8172635436058044
1.0
0.7070707082748413
0.12029384821653366
0.015610652044415472
0.0
0.05509641766548157
0.11616161465644836
0.13131313025951383
0.1391184628009796
0.14646464586257935
0.14692378044128415
0.15932047367095947
0.1542699784040451
0.15794306993484497
0.15932047367095947
0.15243342518806455
0.0
0.0
0.0
0.0
0.0
0.0
0.0
0.0
0.0
0.0
0.0
0.0
0.0
0.0
0.0
0.0
0.0
0.0
0.0
0.0
