0.9591178297996522
0.668101131916046
0.1559978425502777
0.010758472606539726
0.017213555052876472
0.06293706595897675
0.08176439255475998
0.07530930638313293
0.05917159840464592
0.06616460531949997
0.06885422021150589
0.08122646808624268
0.08230230957269667
0.1000537946820259
0.10704679787158966
0.12157073616981506
0.13286712765693665
0.13663259148597717
0.15492200851440427
0.1705217808485031
0.19741795957088473
0.22323830425739288
0.24098977446556089
0.2824099063873291
0.3216783106327057
0.3630984425544738
0.3980634808540344
0.4389456808567047
0.46637976169586176
0.4916621744632721
0.5056481957435608
0.48897257447242737
0.4432490468025208
0.3878429234027863
0.31253361701965326
0.24959655106067655
0.17213556170463562
0.13770844042301175
0.10112963616847992
0.09144701808691023
0.06885422021150589
0.07208176702260971
0.06293706595897675
0.06186121702194214
0.05486821010708809
0.060247443616390235
0.05002689734101296
0.07369553297758102
0.06562668085098267
0.07261969149112701
0.07530930638313293
0.0710059180855751
0.0844540074467659
0.08230230957269667
0.09198493510484695
0.07746100425720215
0.09090909361839294
0.0849919319152832
0.08230230957269667
0.08606778085231781
0.0731576085090637
0.07423345744609831
0.07961269468069075
0.06239913776516914
0.06508875638246536
0.06670252978801727
0.06401290744543076
0.05217859148979187
0.05755782499909401
0.05433028563857079
0.06186121702194214
0.05809574946761131
0.04518558457493783
0.05755782499909401
0.059709522873163216
0.06347498297691345
0.05809574946761131
0.07530930638313293
0.10866057127714156
0.10220548510551453
0.08122646808624268
0.15277031064033508
0.171059712767601
0.14631521701812744
0.12372243404388428
0.09090909361839294
0.06777837872505188
0.05002689734101296
0.027434105053544044
0.03496503457427025
0.034427110105752945
0.03119956888258457
0.019903173670172688
0.02097902074456215
0.022592792287468914
0.020441098138689995
0.012372243218123913
0.05433028563857079
0.11726734787225725
0.33028510212898254
0.880580961704254
1.0
0.7746099829673766
0.21839699149131772
0.02958579920232296
0.0
0.039806347340345376
0.07477138191461563
0.05433028563857079
0.060785368084907525
0.06670252978801727
0.06831629574298859
0.07477138191461563
0.08122646808624268
0.0844540074467659
0.09521248191595075
0.09359870851039886
0.10328133404254912
0.12372243404388428
0.14039807021617887
0.15922538936138153
0.0
0.0
0.0
0.0
0.0
0.0
0.0
0.0
0.0
0.0
0.0
