1.0
0.9601655602455139
0.49508535861968994
0.09260217100381853
0.0
0.03414381667971611
0.060527678579092026
0.06414899230003357
0.04759441316127777
0.06311433017253876
0.06777030229568481
0.06725297123193741
0.0755302608013153
0.07966890931129454
0.0910501778125763
0.1008794605731964
0.11433005332946776
0.12157268822193144
0.12674598395824432
0.14795655012130737
0.1670977771282196
0.17951370775699615
0.21314018964767456
0.24780134856700897
0.2907397747039795
0.32177960872650146
0.36213141679763794
0.4004138708114624
0.42783239483833313
0.4614588618278504
0.48836004734039307
0.49094671010971064
0.4588722288608551
0.42058974504470825
0.34350749850273127
0.2814278304576874
0.21883083879947665
0.16399379074573517
0.1179513707756996
0.09311950206756592
0.08277288824319838
0.06466632336378098
0.0667356476187706
0.07139161974191666
0.0750129297375679
0.061045005917549126
0.06570098549127579
0.06363166123628616
0.07656492292881013
0.08018624037504195
0.06828763335943222
0.07397827506065369
0.07863424718379974
0.08846352994441986
0.07915157824754715
0.08018624037504195
0.08587687462568283
0.08587687462568283
0.08639420568943022
0.08277288824319838
0.08329021930694579
0.08329021930694579
0.08070357143878935
0.07242628186941145
0.0667356476187706
0.06880496442317963
0.06001034751534461
0.06725297123193741
0.06311433017253876
0.05742369219660759
0.05587170273065567
0.060527678579092026
0.04914640635251999
0.05638903379440308
0.0667356476187706
0.07190895080566406
0.100362129509449
0.11122607439756392
0.1008794605731964
0.13760992884635925
0.1655457764863968
0.14692188799381256
0.1086394190788269
0.1008794605731964
0.07190895080566406
0.05069839581847191
0.03828246146440505
0.02017589285969734
0.02327987551689148
0.01758923940360546
0.032074496150016785
0.02017589285969734
0.022762544453144077
0.011381272226572037
0.00413864478468895
0.054319709539413445
0.13967925310134888
0.3564407527446747
0.8334195613861085
0.9327470064163208
0.6983962655067444
0.1758923977613449
0.018623901531100277
0.0082772895693779
0.06001034751534461
0.06466632336378098
0.060527678579092026
0.0662183165550232
0.06828763335943222
0.07397827506065369
0.07759958505630493
0.07915157824754715
0.0920848399400711
0.09467149525880812
0.1013967916369438
0.11484738439321517
0.1257113367319107
0.1515778601169586
0.1665804386138916
0.18054836988449097
0.20538023114204407
0.0
0.0
0.0
0.0
0.0
0.0
0.0
0.0
0.0
0.0
0.0
