0.9821640849113464
0.36087989807128906
0.0
0.043400712311267846
0.1367419809103012
0.175386443734169
0.19976218044757843
0.20749108493328092
0.19619500637054443
0.21700356900691983
0.20749108493328092
0.2580261528491974
0.214030921459198
0.21521997451782224
0.23305588960647583
0.25089180469512934
0.22235433757305145
0.23959572613239288
0.26278239488601685
0.2687277197837829
0.2639714479446411
0.28359097242355347
0.2972651720046997
0.30737218260765076
0.3341260552406311
0.3840665817260742
0.38644471764564514
0.42152199149131775
0.44530320167541504
0.46789535880088806
0.4815695583820343
0.5107015371322632
0.5035671591758728
0.43757432699203486
0.4387633800506592
0.3852556347846985
0.38287752866745
0.3287752568721771
0.30499404668807983
0.28478002548217773
0.2580261528491974
0.25208085775375366
0.29548156261444086
0.2598097622394562
0.24078477919101715
0.25148633122444153
0.2598097622394562
0.24791914224624637
0.2568370997905731
0.26516053080558777
0.2687277197837829
0.2764565944671631
0.26516053080558777
0.27229487895965576
0.2853745520114898
0.2824018895626068
0.2746730148792267
0.2675386369228363
0.24910821020603177
0.26516053080558777
0.25326991081237793
0.25089180469512934
0.25921520590782166
0.24435196816921237
0.26694411039352417
0.25148633122444153
0.24910821020603177
0.24673008918762207
0.24494649469852448
0.26099881529808044
0.256242573261261
0.25564804673194885
0.23067776858806607
0.25267538428306574
0.3026159405708313
0.3579072654247284
0.3442330658435821
0.3662306666374207
0.3430439829826355
0.36325803399086
0.35136741399765015
0.2699167728424072
0.27051129937171936
0.2734839618206024
0.22057074308395383
0.2235434055328369
0.25386443734169006
0.21462544798851013
0.2086801379919052
0.20986920595169067
0.20808561146259308
0.18608799576759336
0.2092746794223785
0.22057074308395383
0.15992864966392517
0.13198572397232056
0.23127229511737823
0.5772889256477356
0.7045184373855591
1.0
0.5291320085525513
0.05112960934638977
0.025564804673194885
0.12841854989528656
0.175386443734169
0.20630201697349548
0.20630201697349548
0.21462544798851013
0.22235433757305145
0.21521997451782224
0.24673008918762207
0.22413793206214905
0.23067776858806607
0.240190252661705
0.24435196816921237
0.2419738471508026
0.25148633122444153
0.0
0.0
0.0
0.0
0.0
0.0
0.0
0.0
0.0
0.0
0.0
0.0
0.0
0.0
0.0
