0.9456953406333923
0.7991169691085814
0.2600441575050354
0.0732891857624054
0.06357616186141968
0.10905077308416367
0.14569535851478577
0.1403973549604416
0.13686534762382507
0.1448123604059219
0.14569535851478577
0.14878587424755096
0.14790287613868713
0.14878587424755096
0.16158939898014069
0.1686534285545349
0.17086093127727509
0.1823399513959885
0.18498896062374115
0.1916114836931229
0.20044149458408356
0.20883002877235407
0.2176600396633148
0.22428256273269653
0.23399558663368225
0.24812361598014832
0.2693156599998474
0.2865342199802398
0.3094922602176666
0.3298013210296631
0.3549668788909912
0.3841059505939484
0.40529802441596974
0.4181015491485596
0.4423840939998626
0.4503311216831207
0.4569536447525024
0.45121413469314575
0.41721853613853455
0.3801324367523193
0.3395143449306488
0.2922737300395965
0.24724061787128448
0.21368654072284696
0.18807947635650635
0.1854304671287537
0.17086093127727509
0.16335541009902954
0.1682119220495224
0.15673288702964783
0.16556291282176971
0.16026489436626434
0.16423840820789337
0.1589404046535492
0.1589404046535492
0.1571743935346603
0.16379691660404205
0.16335541009902954
0.16379691660404205
0.1624724119901657
0.16909492015838623
0.1739514321088791
0.17262692749500275
0.17086093127727509
0.1686534285545349
0.16953642666339874
0.15364238619804382
0.1682119220495224
0.16335541009902954
0.16070640087127683
0.16026489436626434
0.16379691660404205
0.15761590003967285
0.15055187046527863
0.155849888920784
0.16070640087127683
0.15673288702964783
0.14834436774253845
0.1593818962574005
0.1501103788614273
0.15540838241577148
0.14260485768318176
0.1571743935346603
0.15364238619804382
0.1470198631286621
0.1562913954257965
0.1571743935346603
0.15187637507915497
0.15982340276241302
0.15982340276241302
0.15761590003967285
0.15364238619804382
0.16600441932678223
0.155849888920784
0.16114790737628937
0.15673288702964783
0.155849888920784
0.16291390359401703
0.16644591093063354
0.20618101954460144
0.2313465774059296
0.2512141168117523
0.24812361598014832
0.24017660319805145
0.2596026360988617
0.2635761499404907
0.24415011703968048
0.2344370931386948
0.19249448180198667
0.15231788158416748
0.13333334028720856
0.11699779331684113
0.12141280621290206
0.11214128136634827
0.11743929237127304
0.1165562942624092
0.11169978231191637
0.11125827580690384
0.08123620599508284
0.007505518849939107
0.0
0.14746136963367462
0.5584989190101624
0.7788079380989074
1.0
0.753200888633728
0.25209712982177734
0.10551876574754714
0.0980132445693016
0.15408387780189514
0.17262692749500275
0.17174392938613892
