1.0
0.8554964661598204
0.535017728805542
0.21985815465450287
0.002659574383869767
0.1591311991214752
0.25310283899307245
0.3085106313228607
0.3151595890522003
0.3085106313228607
0.32890069484710693
0.3164893686771393
0.3333333432674408
0.33776596188545227
0.32491135597229004
0.34574466943740845
0.3373226821422577
0.3497340381145477
0.35239362716674805
0.34485816955566406
0.36702126264572144
0.36037233471870417
0.37012410163879395
0.3723404109477997
0.36524823307991033
0.3891843855381012
0.38785460591316223
0.40957447886466974
0.4317376017570496
0.4233156144618988
0.43306738138198847
0.390070915222168
0.375
0.355053186416626
0.3160460889339447
0.32446807622909546
0.30008864402771
0.30452126264572144
0.306294322013855
0.28457447886466974
0.30053192377090454
0.306294322013855
0.29964539408683777
0.2992021143436432
0.28457447886466974
0.3054077923297882
0.2916666567325592
0.30053192377090454
0.3089539110660553
0.3054077923297882
0.35239362716674805
0.3723404109477997
0.3816489279270172
0.41179078817367554
0.41799646615982056
0.4140070974826813
0.43306738138198847
0.4339539110660553
0.402482271194458
0.36214539408683777
0.326241135597229
0.278812050819397
0.2734929025173187
0.265070915222168
0.2442375868558884
0.25797873735427856
0.23714539408683777
0.24069148302078247
0.23936170339584353
0.22517730295658112
0.2358155995607376
0.21409574151039124
0.27969858050346375
0.3838652372360229
0.7708333134651184
0.9530141949653624
0.5571808218955994
0.32225176692008967
0.0
0.04388297721743584
0.1733155995607376
0.23404255509376523
0.25576239824295044
0.2632978856563568
0.2566489279270172
0.28014183044433594
0.27526596188545227
0.2881205677986145
0.2890070974826813
0.2814716398715973
0.3023049533367157
0.2921099364757538
0.30407801270484924
0.3089539110660553
0.30053192377090454
0.32446807622909546
0.3133865296840668
0.3280141949653625
0.33510637283325195
0.33111703395843506
0.3546099364757538
0.3581560254096985
0.38608154654502874
0.40115249156951904
0.38608154654502874
0.38297873735427856
0.33865249156951904
0.32491135597229004
0.30008864402771
0.269946813583374
0.2743794322013855
0.26285460591316223
0.27304965257644653
0.2703900635242462
0.25310283899307245
0.2681737542152405
0.25797873735427856
0.26861703395843506
0.2677305042743683
0.2535460889339447
0.26640069484710693
0.25576239824295044
0.2743794322013855
0.28945034742355347
0.3071808516979217
0.3546099364757538
0.3404255211353302
0.3816489279270172
0.40203902125358576
0.375
0.41976949572563166
0.39627659320831293
