0.9948914647102357
0.7522349953651427
0.39804172515869135
0.1966794431209564
0.0400170274078846
0.07577692717313766
0.15368241071701047
0.16432525217533112
0.16900809109210968
0.1758195012807846
0.18177947402000427
0.19242230057716367
0.19923371076583865
0.20647083222866056
0.2043422758579254
0.2056194096803665
0.21157939732074735
0.21668794751167297
0.22562792897224423
0.23073647916316983
0.24989357590675357
0.2686249613761902
0.276713490486145
0.29416772723197937
0.297573447227478
0.3099191188812256
0.3265219330787658
0.3397190272808075
0.3516390025615692
0.3699446618556976
0.3933588862419128
0.4095359742641449
0.4193273782730103
0.4282673597335816
0.42358449101448054
0.40017029643058777
0.3827160596847534
0.35461899638175964
0.3239676356315613
0.2903363108634949
0.26819923520088196
0.24350787699222565
0.22903363406658167
0.2196679413318634
0.2056194096803665
0.2068965584039688
0.20604512095451355
0.20774798095226288
0.20306512713432312
0.19795657694339752
0.2043422758579254
0.19795657694339752
0.1915708780288696
0.18305662274360657
0.18773946166038516
0.18561090528965
0.18901659548282623
0.18305662274360657
0.16858237981796265
0.1719880849123001
0.1749680787324905
0.1770966351032257
0.1800766289234161
0.17411664128303528
0.17283950746059415
0.17369093000888824
0.16730523109436035
0.16602809727191925
0.1656023859977722
0.16475096344947815
0.16687951982021332
0.16645380854606628
0.17283950746059415
0.17411664128303528
0.18135376274585724
0.1796509176492691
0.17794805765151975
0.1851851791143417
0.17539379000663757
0.18390804529190063
0.1915708780288696
0.19455087184906003
0.1949765831232071
0.19242230057716367
0.18305662274360657
0.1749680787324905
0.17752234637737274
0.17667092382907867
0.17411664128303528
0.18135376274585724
0.1834823340177536
0.1796509176492691
0.17411664128303528
0.16687951982021332
0.17411664128303528
0.18135376274585724
0.19029374420642847
0.19412516057491305
0.2120051085948944
0.21583652496337888
0.2477650046348572
0.26053640246391296
0.2711792290210724
0.26521924138069153
0.2477650046348572
0.22605364024639127
0.22009365260601044
0.19710515439510343
0.149850994348526
0.134525328874588
0.1396338939666748
0.1358024626970291
0.1294167786836624
0.14048531651496887
0.14176245033740997
0.1162196695804596
0.1396338939666748
0.22903363406658167
0.59727543592453
1.0
0.9174116849899294
0.5419327616691588
0.2558535635471344
0.07747977972030638
0.0
0.08812260627746582
0.1251596361398697
0.1319710463285446
0.13111962378025055
0.12643678486347198
0.12984248995780945
0.13793103396892548
