0.9224190711975097
0.9389126300811768
0.44410505890846247
0.17593158781528473
0.0
0.10812462121248244
0.25473427772521967
0.2706169784069061
0.2834453284740448
0.31276726722717285
0.3225412368774414
0.34514355659484863
0.34208917617797846
0.35186317563056946
0.3579719066619873
0.36652413010597223
0.3738546073436737
0.37813073396682734
0.38607206940650934
0.39951130747795105
0.4160048961639404
0.4398289620876312
0.4410507082939148
0.4746487438678741
0.5027489066123961
0.5326817631721497
0.5632253885269165
0.5968234539031982
0.6273671388626099
0.6487476825714111
0.6579108238220215
0.6725717782974243
0.6609652042388916
0.6401954889297485
0.5870494842529297
0.5400122404098511
0.47770312428474426
0.4416615664958954
0.4056200385093689
0.38851559162139887
0.3677458763122559
0.3671349883079529
0.3628588914871216
0.3573610186576843
0.3573610186576843
0.3506414294242859
0.3536957800388336
0.36224800348281855
0.34880879521369934
0.3604153990745544
0.3677458763122559
0.3683567643165588
0.3677458763122559
0.3604153990745544
0.36652413010597223
0.3573610186576843
0.36224800348281855
0.3671349883079529
0.3695785105228424
0.36652413010597223
0.3726328611373901
0.3689676225185394
0.361637145280838
0.3738546073436737
0.3695785105228424
0.36591324210166926
0.35552841424942017
0.3604153990745544
0.35430666804313654
0.3604153990745544
0.3585827648639679
0.3549175262451172
0.34819793701171875
0.3469761908054352
0.3506414294242859
0.34819793701171875
0.35247403383255005
0.361637145280838
0.3494196832180023
0.35003054141998285
0.3506414294242859
0.35186317563056946
0.353084921836853
0.3573610186576843
0.3469761908054352
0.3512522876262665
0.3591936528682709
0.35247403383255005
0.3628588914871216
0.39951130747795105
0.43066585063934326
0.43127673864364624
0.463653028011322
0.48992058634758
0.46731826663017273
0.4502138197422028
0.47770312428474426
0.43860721588134766
0.3866829574108124
0.3573610186576843
0.3414783179759979
0.3353695869445801
0.3390348255634308
0.33720219135284424
0.3353695869445801
0.3390348255634308
0.33659133315086365
0.34086742997169495
0.3573610186576843
0.45998778939247126
0.4905314743518829
0.6267562508583069
1.0
0.9914477467536926
0.4917532205581665
0.251069039106369
0.06597433984279633
0.1655467301607132
0.3036041557788849
0.3304826021194458
0.33720219135284424
0.36102625727653503
0.378741592168808
0.3891264498233795
0.3848503232002258
0.39156994223594666
0.3897373378276825
0.3946243226528168
0.40317654609680176
0.41967013478279114
0.41967013478279114
0.4288332462310791
