1.0
0.466734915971756
0.10696008056402206
0.0
0.033265098929405205
0.14022517204284668
0.15813715755939484
0.18730808794498444
0.18986694514751437
0.19140225648880005
0.19703173637390137
0.20470829308032987
0.2041965126991272
0.21136130392551425
0.2118730843067169
0.22006140649318692
0.227226197719574
0.2374616116285324
0.2395087033510208
0.24667349457740784
0.24564994871616364
0.24411463737487793
0.25537359714508057
0.2620266079902649
0.28505629301071167
0.303991824388504
0.31576254963874817
0.33162742853164673
0.3536335825920105
0.37256908416748047
0.3766632676124573
0.3828045129776001
0.3884339928627014
0.3884339928627014
0.3602865934371948
0.3234390914440155
0.2922210991382599
0.27226203680038447
0.2436028718948364
0.2395087033510208
0.22824974358081815
0.21647901833057404
0.2118730843067169
0.2123848497867584
0.21545547246932983
0.2098259925842285
0.2062436044216156
0.2082906812429428
0.20317298173904416
0.21136130392551425
0.2088024616241455
0.21647901833057404
0.21392016112804407
0.22006140649318692
0.21494370698928836
0.21392016112804407
0.2251791208982468
0.2246673554182053
0.22057318687438965
0.22210849821567533
0.21545547246932983
0.22620266675949097
0.22006140649318692
0.21392016112804407
0.21903787553310397
0.22569088637828824
0.22671443223953247
0.23592630028724673
0.2650972306728363
0.28966224193573
0.2988741099834442
0.2988741099834442
0.30808597803115845
0.2998976409435272
0.31269192695617676
0.2876151502132416
0.2671443223953247
0.24923233687877652
0.2292732894420624
0.2103377729654312
0.209314227104187
0.2062436044216156
0.21340839564800265
0.20573183894157407
0.1954964250326157
0.1438075751066208
0.3249744176864624
0.6223132014274597
0.9600818753242493
0.6381781101226808
0.2947799265384674
0.03224155679345131
0.042476970702409744
0.08444216847419737
0.16683726012706757
0.1801432967185974
0.20112589001655576
0.2072671502828598
0.22210849821567533
0.22415557503700256
0.233367457985878
0.23029682040214536
0.23592630028724673
0.2389969229698181
0.25025588274002075
0.25742068886756897
0.2691914141178131
0.26816785335540766
0.27737972140312195
0.28198567032814026
0.2922210991382599
0.30706244707107544
0.322927325963974
0.33981576561927795
0.35772773623466486
0.37052199244499207
0.3812691867351532
0.3971340954303741
0.4068577289581298
0.41351073980331426
0.43193450570106506
0.4129989743232727
0.39201638102531433
0.36284545063972473
0.3331627547740936
0.30910950899124146
0.2860798239707947
0.27021494507789606
0.2604913115501404
0.258444219827652
0.26151484251022333
0.2604913115501404
