1.0
0.7361880540847777
0.17430730164051056
0.0
0.03560033440589905
0.09890848398208618
0.10629723221063613
0.10428211838006972
0.10512174665927886
0.10478589683771132
0.10764063894748688
0.11167086660861968
0.12006717175245284
0.1272879987955093
0.1244332492351532
0.12963895499706268
0.13887488842010498
0.14508816599845886
0.15230898559093475
0.16272039711475372
0.17833752930164337
0.19815281033515927
0.21511335670948029
0.2382871508598328
0.2612930238246918
0.28715366125106806
0.31469354033470154
0.32997480034828186
0.34525609016418457
0.3507976531982422
0.3382031917572021
0.31351804733276367
0.27321577072143555
0.23157010972499847
0.19378674030303955
0.1654072254896164
0.14760705828666687
0.1294710338115692
0.1239294707775116
0.11402183026075365
0.10663308203220367
0.1039462611079216
0.10310663282871246
0.1054575964808464
0.10713686048984528
0.10780856758356094
0.11133500933647156
0.11049538105726242
0.11217464506626128
0.11251049488782883
0.11234256625175476
0.11150293797254562
0.10864819586277008
0.11217464506626128
0.11066330969333649
0.11049538105726242
0.10881612449884415
0.10764063894748688
0.11015953123569489
0.10680101066827774
0.10680101066827774
0.1054575964808464
0.09958018362522125
0.09958018362522125
0.09806884825229645
0.09874055534601213
0.10075566917657852
0.09907640516757965
0.10025189071893692
0.10025189071893692
0.1019311472773552
0.10209907591342926
0.09991603344678879
0.10008396208286284
0.09790092706680298
0.10025189071893692
0.09941225498914719
0.10209907591342926
0.10361041128635406
0.09722921997308732
0.09722921997308732
0.09840470552444458
0.09739714860916136
0.09924433380365373
0.09958018362522125
0.09974811226129533
0.09739714860916136
0.09521410614252089
0.09722921997308732
0.09638959169387816
0.09857262670993806
0.09722921997308732
0.09471032768487929
0.09655751287937164
0.09722921997308732
0.10361041128635406
0.10831234604120255
0.12476909905672072
0.13585221767425537
0.1306465119123459
0.13786733150482175
0.12308984249830245
0.12073887139558792
0.12141057848930357
0.1099916025996208
0.09638959169387816
0.0942065492272377
0.08782535791397095
0.09437447786331175
0.09084802865982056
0.0901763215661049
0.09084802865982056
0.09051217138767241
0.09068010002374648
0.0
0.0
0.0
0.0
0.0
0.0
0.0
0.0
0.0
0.0
0.0
0.0
0.0
0.0
0.0
0.0
0.0
0.0
