1.0
0.6263803839683533
0.15766870975494385
0.05398773029446602
0.15153373777866364
0.20368097722530365
0.2631901800632477
0.24785275757312772
0.262576699256897
0.24478527903556824
0.2613497078418732
0.26993864774703974
0.2693251669406891
0.2785276174545288
0.29386502504348755
0.2846625745296478
0.28036808967590326
0.2815950810909271
0.29815950989723206
0.3079754710197449
0.31717792153358454
0.33006134629249567
0.33865031599998474
0.349693238735199
0.36687117815017695
0.4134969413280487
0.4355828166007996
0.4380367994308472
0.4631901979446411
0.4883435666561127
0.508588969707489
0.5128834247589111
0.5361962914466858
0.5331288576126099
0.49877300858497614
0.45398771762847906
0.4239263832569122
0.36687117815017695
0.35214725136756897
0.3282208442687988
0.306748479604721
0.29386502504348755
0.30245399475097656
0.29263803362846375
0.2840490937232971
0.30061349272727966
0.28527608513832087
0.2846625745296478
0.29263803362846375
0.30122700333595276
0.3073619604110718
0.2950920164585113
0.29877302050590515
0.28834354877471924
0.28834354877471924
0.30245399475097656
0.29815950989723206
0.2693251669406891
0.2865030765533447
0.2865030765533447
0.2754601240158081
0.2950920164585113
0.2693251669406891
0.25766870379447937
0.2631901800632477
0.2754601240158081
0.2644171714782715
0.25460124015808105
0.25828221440315247
0.24846625328063965
0.2638036906719208
0.306748479604721
0.3245398700237274
0.3803680837154389
0.4000000059604645
0.33987730741500854
0.36932516098022466
0.3607361912727356
0.349693238735199
0.3116564452648163
0.3073619604110718
0.268711656332016
0.24662576615810397
0.2349693179130554
0.2325153350830078
0.2331288307905197
0.21779140830039975
0.20981594920158383
0.20552147924900052
0.2220858931541443
0.2220858931541443
0.2141104340553284
0.15582822263240814
0.18036809563636777
0.3950920104980469
0.6386502981185913
0.8938650488853455
0.7472392916679382
0.24662576615810397
0.0
0.061349693685770035
0.1386503130197525
0.1914110481739044
0.2116564363241196
0.21533742547035217
0.21717791259288788
0.23926380276679993
0.23987729847431183
0.24110428988933563
0.2190183997154236
0.2736196219921112
0.0
0.0
0.0
0.0
0.0
0.0
0.0
0.0
0.0
0.0
0.0
0.0
0.0
0.0
0.0
0.0
0.0
0.0
0.0
0.0
0.0
