0.9288079738616944
1.0
0.9168046116828918
0.564155638217926
0.3836920559406281
0.23013244569301605
0.15149006247520447
0.11713576316833496
0.09726820886135101
0.08692052960395813
0.08857616037130356
0.08278145641088484
0.08278145641088484
0.08402317762374878
0.09395695477724077
0.09105960279703139
0.09768211841583253
0.1084437072277069
0.1084437072277069
0.11051324754953384
0.11506622284650803
0.11713576316833496
0.12872517108917236
0.13865894079208374
0.15024834871292114
0.16100993752479553
0.17508278787136075
0.2040562927722931
0.23013244569301605
0.2591059505939484
0.2901490032672882
0.3207781314849853
0.3456125855445862
0.3745861053466797
0.4031457006931305
0.4023178815841674
0.3799668848514557
0.3447847664356232
0.3050496578216553
0.2599337697029114
0.2226821184158325
0.19412252306938169
0.17011588811874387
0.14942052960395813
0.14445364475250244
0.1357615888118744
0.13245032727718353
0.13245032727718353
0.1357615888118744
0.13410596549510956
0.1365894079208374
0.13327814638614655
0.1303807944059372
0.1316225230693817
0.12872517108917236
0.12913906574249268
0.1312086135149002
0.12210264801979064
0.11754966527223588
0.12127483636140823
0.11548013240098952
0.11216887086629868
0.1088576167821884
0.10720198601484297
0.10347682237625122
0.09892383962869644
0.09271523356437683
0.09519867599010468
0.09519867599010468
0.08857616037130356
0.08485099673271179
0.08567880839109421
0.08360926806926726
0.08402317762374878
0.08567880839109421
0.08153973519802092
0.08319536596536636
0.08319536596536636
0.07822847366333008
0.08360926806926726
0.07905629277229309
0.07615894079208374
0.0740894004702568
0.07657285034656525
0.08360926806926726
0.07243377715349197
0.07160595804452896
0.0740894004702568
0.0749172195792198
0.07822847366333008
0.07243377715349197
0.07036423683166504
0.0678807944059372
0.06870860606431961
0.07201986759901047
0.06912251561880112
0.07201986759901047
0.07822847366333008
0.07615894079208374
0.07698675245046614
0.07781457155942915
0.08029801398515701
0.07740066200494766
0.07905629277229309
0.08153973519802092
0.0740894004702568
0.08609271794557571
0.09519867599010468
0.12044701725244522
0.13493376970291135
0.13493376970291135
0.15190397202968595
0.1821192055940628
0.1829470247030258
0.15604305267333984
0.14900662004947662
0.12955297529697418
0.12127483636140823
0.11092714965343475
0.09188741445541379
0.06498344242572784
0.04428808018565178
0.042218543589115136
0.035596027970314026
0.035596027970314026
0.034354303032159805
0.0
0.028145695105195045
0.16721853613853455
0.5529801249504088
0.8865894079208374
0.9751655459403992
