1.0
0.7936170101165771
0.4768321514129639
0.25910165905952454
0.17234042286872864
0.20307329297065732
0.2113475203514099
0.20567375421524048
0.20260047912597656
0.20496453344821927
0.208983451128006
0.21040189266204837
0.21158392727375033
0.21182033419609067
0.21418440341949463
0.2182033061981201
0.22434988617897036
0.22742316126823425
0.23404255509376523
0.243026003241539
0.25177305936813354
0.26170212030410767
0.27328604459762573
0.284397155046463
0.30094563961029047
0.3184397220611572
0.33286052942276
0.34940898418426514
0.361465722322464
0.3716312050819397
0.37706854939460754
0.37966904044151306
0.37257683277130127
0.3539007008075714
0.319621741771698
0.2914893627166748
0.26312056183815
0.24326241016387937
0.22458629310131076
0.2146572172641754
0.2042553126811981
0.20023640990257263
0.19976359605789185
0.20023640990257263
0.20141844451427457
0.20047281682491305
0.2011820375919342
0.19929078221321103
0.1976359337568283
0.19858156144618988
0.20023640990257263
0.2037824988365173
0.2037824988365173
0.2075650095939636
0.2061465680599213
0.20661938190460205
0.20638297498226163
0.20638297498226163
0.20732860267162323
0.2087470442056656
0.2094562649726868
0.20709219574928284
0.2075650095939636
0.20496453344821927
0.20496453344821927
0.20496453344821927
0.2042553126811981
0.20283688604831693
0.2009456306695938
0.2042553126811981
0.21938534080982208
0.235697403550148
0.23758865892887115
0.24231678247451785
0.2477541416883469
0.2612293064594269
0.2638297975063324
0.2803782522678375
0.2612293064594269
0.23829787969589236
0.20567375421524048
0.195035457611084
0.18888889253139493
0.1843971610069275
0.1808510571718216
0.17777778208255768
0.1801418513059616
0.17825059592723846
0.18463356792926788
0.17943263053894043
0.18297871947288516
0.1843971610069275
0.17565011978149414
0.0763593390583992
0.0
0.2373522520065308
0.564302623271942
0.9664302468299864
0.8796690106391906
0.5224586129188538
0.3130023777484894
0.19196216762065887
0.21867612004280088
0.229078009724617
0.2252955138683319
0.22080378234386444
0.22434988617897036
0.22458629310131076
0.22789597511291504
0.22978723049163816
0.2366430312395096
0.23900708556175232
0.2399527132511139
0.24728132784366608
0.2534278929233551
0.25933805108070374
0.2678487002849579
0.2782506048679352
0.28581559658050537
0.3002364039421081
0.3132387697696686
0.0
0.0
0.0
0.0
0.0
0.0
0.0
0.0
0.0
0.0
0.0
