1.0
0.4470939040184021
0.09140586107969283
0.10134128481149672
0.06507699936628342
0.08544460684061049
0.06954793632030487
0.06805762648582457
0.06507699936628342
0.06507699936628342
0.07103825360536575
0.06756085157394409
0.07302533835172653
0.07848981767892836
0.08246398717164993
0.09041231870651245
0.09339294582605362
0.09935420006513597
0.11077993363142012
0.1227024346590042
0.13959264755249023
0.15747641026973724
0.17784401774406433
0.21261797845363617
0.23994038999080655
0.27521112561225886
0.30501738190650934
0.34227520227432245
0.3710879385471344
0.3894684612751007
0.4038748145103455
0.3999006450176239
0.373075008392334
0.33184301853179926
0.2747143507003784
0.23199205100536344
0.1847988069057465
0.15350224077701569
0.13611525297164917
0.11525087058544158
0.10730253159999847
0.10233482718467712
0.10233482718467712
0.10233482718467712
0.09885742515325546
0.09985096752643584
0.10233482718467712
0.09935420006513597
0.10034774243831635
0.1043219044804573
0.1048186793923378
0.09985096752643584
0.0948832556605339
0.09935420006513597
0.09388971328735352
0.09289617836475372
0.08345752954483032
0.0849478393793106
0.0849478393793106
0.08246398717164993
0.07054147869348526
0.07799304276704787
0.0750124156475067
0.07799304276704787
0.07302533835172653
0.07352210581302643
0.06458023190498352
0.06458023190498352
0.06159960106015205
0.06010929122567177
0.06259314715862274
0.06209637224674225
0.056631892919540405
0.056631892919540405
0.05514157935976982
0.05613512173295021
0.06110282987356186
0.06060606241226196
0.06159960106015205
0.06060606241226196
0.0576254352927208
0.05911574885249138
0.05911574885249138
0.0571286641061306
0.06308991461992264
0.06110282987356186
0.0665673092007637
0.08743169158697128
0.1048186793923378
0.12518629431724548
0.14803776144981384
0.14754098653793335
0.12866368889808655
0.12518629431724548
0.1142573282122612
0.09239940345287323
0.05911574885249138
0.04421261698007584
0.0377545952796936
0.04520615935325623
0.05116741359233856
0.04719324409961701
0.0
0.18777942657470703
0.5240933895111084
0.8931942582130432
0.983109772205353
0.3412816822528839
0.10730253159999847
0.09090909361839294
0.06458023190498352
0.06756085157394409
0.06159960106015205
0.0476900152862072
0.05067064240574837
0.056631892919540405
0.06010929122567177
0.06358668953180313
0.06110282987356186
0.05911574885249138
0.06458023190498352
0.06756085157394409
0.0760059580206871
0.0849478393793106
0.09090909361839294
0.10233482718467712
0.0
0.0
0.0
0.0
0.0
0.0
