0.9680656790733336
0.48129561543464655
0.1104014590382576
0.1135948896408081
0.11222627758979796
0.06021897867321968
0.044708028435707085
0.03877737373113632
0.03375912457704544
0.03877737373113632
0.0333029180765152
0.029653284698724743
0.03147810325026512
0.029653284698724743
0.029653284698724743
0.0364963486790657
0.03968977928161621
0.04014598578214645
0.04972627758979797
0.05337591096758842
0.054288320243358605
0.0625
0.07208029180765152
0.0729926973581314
0.08622262626886366
0.09078466892242432
0.10401459783315659
0.11085766553878784
0.12317518144845963
0.1354926973581314
0.15100364387035367
0.16423358023166656
0.17427007853984833
0.18111313879489896
0.19297444820404047
0.2043795585632324
0.21076641976833344
0.20666058361530304
0.20118613541126248
0.1792883276939392
0.1583029180765152
0.13640511035919187
0.11998175084590912
0.11131387203931808
0.0406021885573864
0.1104014590382576
0.09671533107757568
0.07983576506376265
0.07253649830818176
0.07162408530712128
0.07025547325611115
0.0666058361530304
0.0739051103591919
0.06751824915409088
0.06614963710308075
0.0697992667555809
0.0739051103591919
0.0739051103591919
0.0666058361530304
0.06432481855154037
0.06706204265356064
0.0697992667555809
0.06706204265356064
0.06341240555047989
0.07025547325611115
0.06888686120510101
0.06797445565462112
0.06341240555047989
0.06797445565462112
0.06432481855154037
0.058394160121679306
0.0666058361530304
0.06341240555047989
0.05656934157013893
0.059306569397449486
0.0739051103591919
0.07071167975664139
0.06295620650053024
0.061587590724229806
0.06341240555047989
0.0656934306025505
0.06797445565462112
0.062043797224760056
0.0729926973581314
0.07071167975664139
0.06614963710308075
0.06432481855154037
0.05702554807066917
0.05337591096758842
0.06113138794898986
0.06341240555047989
0.060675181448459625
0.06614963710308075
0.059306569397449486
0.05018248036503792
0.05474452674388885
0.05656934157013893
0.052007298916578286
0.048813868314027786
0.052007298916578286
0.05976277217268944
0.10173358023166656
0.1208941638469696
0.125
0.13001824915409088
0.1459853947162628
0.16605839133262634
0.1405109465122223
0.1291058361530304
0.08941605687141417
0.07253649830818176
0.04562043771147728
0.02554744482040405
0.01824817433953285
0.010036496445536612
0.0
0.010948904789984226
0.012317518703639507
0.013686131685972212
0.0018248175038024783
0.03604014590382576
0.08895985037088394
0.46304744482040405
1.0
0.8635948896408081
0.31797444820404047
0.12545619904994965
0.16012774407863617
0.12682481110095975
0.0916970819234848
0.07846715301275253
0.06614963710308075
