0.9613578915596008
0.9216323494911194
0.6099674701690674
0.3163596987724304
0.1003972589969635
0.01697363704442978
0.07258938252925871
0.12459371984004974
0.11773203313350676
0.11520404368638992
0.11195377260446548
0.11845431476831436
0.11917659640312193
0.13037197291851044
0.13506680727005005
0.13289996981620789
0.13326109945774078
0.13145539164543152
0.1325388252735138
0.13867822289466855
0.14120620489120483
0.1480678915977478
0.15709643065929413
0.16287468373775482
0.1794871836900711
0.1953773945569992
0.20910075306892395
0.22499097883701324
0.24629829823970795
0.269772469997406
0.29396894574165344
0.3214156627655029
0.34019502997398376
0.359696626663208
0.3716143071651458
0.3777537047863007
0.3770314157009125
0.37269771099090576
0.34669557213783264
0.3116648495197296
0.2762730121612549
0.24629829823970795
0.21415673196315765
0.19609966874122617
0.17876489460468292
0.1646803915500641
0.15167930722236633
0.13976164162158966
0.13470566272735596
0.12964969873428345
0.11989887803792952
0.11809317767620087
0.12206573039293288
0.12423257529735564
0.12026002258062363
0.12206573039293288
0.12278801202774048
0.12351029366254807
0.11989887803792952
0.12314914911985396
0.1209823042154312
0.11664860695600508
0.1209823042154312
0.1217045858502388
0.11881545931100844
0.12062115967273712
0.11664860695600508
0.11845431476831436
0.11231491714715956
0.1101480647921562
0.10870350152254105
0.10906464606523512
0.11050920933485033
0.10400866717100143
0.10870350152254105
0.10870350152254105
0.1054532304406166
0.10906464606523512
0.10653665661811829
0.1054532304406166
0.10436981171369553
0.10834236443042757
0.10978692770004272
0.10400866717100143
0.10436981171369553
0.10436981171369553
0.09967496991157533
0.1000361144542694
0.1000361144542694
0.09750812500715256
0.10942578315734865
0.10581437498331069
0.10292524099349976
0.10581437498331069
0.10798121988773345
0.10220295935869216
0.1000361144542694
0.09823040664196014
0.09461899846792221
0.09714698791503906
0.09678584337234496
0.09714698791503906
0.10509209334850313
0.10473094880580902
0.10473094880580902
0.11845431476831436
0.13001082837581635
0.16179126501083374
0.17623691260814667
0.21126760542392728
0.21271216869354248
0.22426868975162503
0.23546406626701355
0.20657277107238767
0.19140483438968656
0.18526543676853177
0.15456843376159668
0.10292524099349976
0.08161791414022444
0.07836764305830003
0.07728421688079835
0.07042253762483597
0.0686168298125267
0.06500541418790817
0.03322499245405197
0.08703503012657164
0.3214156627655029
0.7732033133506776
1.0
0.8526543974876403
0.4315637350082397
0.18634885549545288
