1.0
0.5096750855445862
0.2705366909503937
0.054034318774938576
0.04125593230128288
0.10660824924707411
0.12851405143737793
0.13070464134216309
0.13179992139339447
0.131434828042984
0.13654617965221405
0.1380065679550171
0.1434830278158188
0.14092734456062317
0.1442132145166397
0.14457830786705017
0.1471339911222458
0.15370573103427887
0.15845198929309845
0.16283315420150757
0.17123037576675415
0.18145307898521423
0.1945965737104416
0.2000730186700821
0.21029572188854215
0.22709017992019653
0.2343921065330505
0.2482657879590988
0.2530120611190796
0.2661555409431457
0.2687112092971802
0.26542532444000244
0.2632347643375397
0.2446148246526718
0.2227090150117874
0.2018985003232956
0.17050018906593323
0.15224534273147583
0.13033953309059143
0.1241328939795494
0.11171960830688477
0.10441767424345016
0.10368748009204865
0.09930631518363953
0.1022270917892456
0.10368748009204865
0.10916392505168913
0.10843373835086823
0.10697335004806519
0.10624315589666367
0.10989411920309065
0.10697335004806519
0.1113545075058937
0.10624315589666367
0.11171960830688477
0.1150054782629013
0.11098941415548325
0.11719605326652525
0.1058780550956726
0.1077035441994667
0.10113179683685301
0.1040525734424591
0.1040525734424591
0.10076670348644257
0.09894122183322905
0.09638553857803343
0.09163928776979446
0.09382986277341841
0.09273457527160643
0.0839722529053688
0.08835341036319731
0.08725812286138535
0.0857977345585823
0.0839722529053688
0.08543264120817184
0.08251186460256577
0.08178167045116425
0.08360715955495833
0.0857977345585823
0.08908360451459885
0.08871851116418839
0.07813070714473724
0.08324205875396729
0.08105147629976273
0.0894487053155899
0.08543264120817184
0.07959108799695969
0.08178167045116425
0.08835341036319731
0.08689302951097488
0.0894487053155899
0.08360715955495833
0.08068638294935225
0.09638553857803343
0.10259218513965607
0.10003650933504105
0.11464037746191023
0.1369112879037857
0.13837166130542755
0.13727638125419617
0.11902154237031937
0.11208470165729521
0.10806863754987717
0.1004016101360321
0.11391018331050871
0.09529025107622145
0.07776560634374617
0.06389193236827849
0.06170134991407394
0.0675428956747055
0.06535232067108153
0.07046367228031158
0.07374954223632812
0.0766703188419342
0.08178167045116425
0.08543264120817184
0.08652792870998383
0.09382986277341841
0.06352683156728745
0.1799926906824112
0.4830229878425598
0.950346827507019
0.683826208114624
0.38298648595809937
0.14457830786705017
0.0
0.053669221699237823
0.11829134821891785
0.11573567241430283
0.10843373835086823
0.11281489580869675
0.11829134821891785
