1.0
0.5163447260856628
0.3001485764980316
0.05720653757452965
0.005943536292761564
0.0657503679394722
0.12407132238149642
0.11552748829126358
0.115898959338665
0.11664190143346786
0.11887072771787643
0.121099554002285
0.12518572807312012
0.123699851334095
0.1263001412153244
0.12815749645233154
0.12481426447629929
0.1355869174003601
0.1433878093957901
0.14561663568019867
0.15713223814964294
0.16158989071846008
0.17310549318790436
0.1853640377521515
0.1946508139371872
0.2106240689754486
0.21953937411308289
0.23068350553512573
0.24814264476299283
0.25445765256881714
0.2615155875682831
0.2630014717578888
0.2607726454734802
0.2488855868577957
0.22473996877670288
0.2028231769800186
0.17942050099372864
0.15824665129184723
0.1433878093957901
0.1274145543575287
0.11775631457567214
0.11144130676984786
0.11292719095945358
0.11367013305425644
0.113298662006855
0.11441307514905928
0.11255571991205215
0.11441307514905928
0.11441307514905928
0.113298662006855
0.11664190143346786
0.11144130676984786
0.11181277781724928
0.11478454619646072
0.11367013305425644
0.11478454619646072
0.11106983572244644
0.10884100943803789
0.10958395153284071
0.11032689362764359
0.1092124804854393
0.1051262989640236
0.1040118858218193
0.10066864639520644
0.10104011744260788
0.1025260016322136
0.09621099382638931
0.09323922544717789
0.09621099382638931
0.0895245149731636
0.08841010183095933
0.08766715973615646
0.08729568868875502
0.08580980449914931
0.08580980449914931
0.08395244926214218
0.0854383334517479
0.08915304392576218
0.08803863078355789
0.08432392030954361
0.08618127554655075
0.08283803611993788
0.08841010183095933
0.09658246487379074
0.08580980449914931
0.09101039916276932
0.113298662006855
0.12927190959453583
0.13224367797374725
0.11961366981267928
0.10995542258024216
0.1040118858218193
0.09881129115819932
0.09658246487379074
0.09249628335237504
0.08766715973615646
0.07392273098230363
0.06240713223814964
0.06612183898687363
0.06760772317647934
0.0683506652712822
0.06463595479726791
0.08135215193033217
0.07875185459852217
0.08172362297773361
0.08246656507253648
0.08729568868875502
0.0776374414563179
0.2076523005962372
0.5742942094802856
0.9910846948623656
0.6010401248931885
0.3514115810394287
0.11515601724386217
0.0
0.06537889689207077
0.11998514086008072
0.11367013305425644
0.11292719095945358
0.11441307514905928
0.11664190143346786
0.11664190143346786
0.11552748829126358
0.11961366981267928
0.11812778562307356
0.11998514086008072
0.12332838028669356
0.12518572807312012
0.13521544635295868
0.13521544635295868
0.1433878093957901
0.14710251986980438
