1.0
0.835804283618927
0.48888066411018366
0.237212747335434
0.012601926922798157
0.009266123175621033
0.07079318165779114
0.08487768471240997
0.08636026829481123
0.09080800414085388
0.09710896760225296
0.09933283925056456
0.09822090715169905
0.1085989624261856
0.10340993106365204
0.11304669827222824
0.1267605572938919
0.12527798116207123
0.1267605572938919
0.127872496843338
0.1401037871837616
0.14418087899684906
0.15863603353500366
0.1604892462491989
0.1738324612379074
0.18902890384197235
0.21163825690746307
0.22349888086318967
0.25203853845596313
0.27242401242256165
0.3042994737625122
0.3235730230808258
0.3435878455638885
0.3554484844207764
0.3632320165634155
0.36842104792594904
0.3517420291900635
0.33246850967407227
0.29540401697158813
0.25315049290657043
0.22349888086318967
0.1990363299846649
0.16790215671062467
0.15492957830429077
0.14899925887584686
0.1326908767223358
0.11971831321716309
0.1171237975358963
0.11527056992053984
0.11156412214040756
0.1085989624261856
0.10600444674491882
0.10711637884378432
0.10748703032732008
0.11082283407449722
0.10600444674491882
0.10822831839323044
0.11415863782167435
0.11156412214040756
0.10896960645914076
0.11452928185462952
0.1123054102063179
0.11082283407449722
0.10415122658014296
0.10971089452505112
0.10674573481082916
0.11156412214040756
0.10489251464605331
0.11008153855800629
0.11193476617336272
0.11082283407449722
0.10711637884378432
0.10229799896478652
0.10563380271196364
0.10748703032732008
0.10415122658014296
0.10118606686592102
0.10303928703069686
0.10081541538238524
0.10711637884378432
0.10563380271196364
0.10192735493183136
0.10452187061309814
0.11675315350294112
0.10934025049209593
0.1037805750966072
0.10081541538238524
0.09933283925056456
0.1037805750966072
0.1015567108988762
0.10415122658014296
0.11304669827222824
0.1085989624261856
0.10563380271196364
0.10674573481082916
0.11638250201940536
0.1219421774148941
0.14158636331558228
0.16271312534809113
0.1856931000947952
0.21942178905010223
0.23535951972007751
0.24054855108261108
0.24351371824741364
0.23498888313770291
0.21089695394039157
0.20644922554492953
0.17197924852371216
0.11749444156885148
0.0989621952176094
0.09859155118465424
0.08858413994312286
0.08561898022890091
0.08784284442663191
0.08524832874536514
0.04373610019683838
0.11267605423927309
0.4262416660785675
0.8851000666618347
0.9822090268135072
0.7694588303565979
0.41549295186996454
0.15863603353500366
0.0
0.04188287630677223
0.1160118579864502
0.10971089452505112
0.11008153855800629
0.11489992588758469
0.12045960128307343
0.12750186026096344
0.12268347293138504
