1.0
0.6073018908500671
0.15286435186862943
0.026714159175753597
0.011872959323227404
0.08756307512521742
0.12229148298501968
0.16562777757644653
0.1789848655462265
0.1855149865150452
0.18729592859745023
0.1947165280580521
0.19679430127143857
0.20124666392803192
0.20480854809284207
0.21015137434005737
0.21786880493164065
0.2202433943748474
0.22054022550582883
0.22410210967063904
0.23360048234462735
0.24191154539585116
0.25408133864402765
0.2724844217300415
0.2902938425540924
0.30840012431144714
0.33363014459609985
0.3606411516666412
0.37963786721229553
0.3953695595264434
0.4128821492195129
0.422083705663681
0.42386466264724726
0.40397745370864874
0.36806175112724304
0.3235381543636322
0.2810923159122467
0.2454734295606613
0.22588305175304407
0.21252597868442533
0.2062926739454269
0.2003561854362488
0.19976253807544708
0.20094983279705048
0.19827842712402344
0.19976253807544708
0.2024339586496353
0.2033244222402573
0.20747996866703036
0.20540219545364377
0.2042149007320404
0.203027606010437
0.20094983279705048
0.2027307748794556
0.20391806960105896
0.20065301656723025
0.2018403112888336
0.20094983279705048
0.19827842712402344
0.19590382277965543
0.18878005445003507
0.18788957595825195
0.1852181702852249
0.18165627121925357
0.17809438705444336
0.1777975708246231
0.17928168177604675
0.1730483770370483
0.1730483770370483
0.17334520816802979
0.17008014023303983
0.17245472967624664
0.17393885552883148
0.17423567175865173
0.17334520816802979
0.1691896766424179
0.16948649287223816
0.1703769713640213
0.17482931911945343
0.17542298138141632
0.18343722820281985
0.19827842712402344
0.20955772697925568
0.2202433943748474
0.22202433645725247
0.22736717760562897
0.23775601387023923
0.24191154539585116
0.1938260644674301
0.19352923333644864
0.17542298138141632
0.17008014023303983
0.15672306716442108
0.16147224605083463
0.1599881201982498
0.1599881201982498
0.15909765660762787
0.15672306716442108
0.1300089061260223
0.05402196571230888
0.16206589341163635
0.3122588396072388
0.6844760775566101
0.9860492944717408
0.4588898718357086
0.06500445306301117
0.004749183543026447
0.0
0.06322351098060608
0.09290590882301329
0.12941525876522064
0.14188186824321747
0.1531611680984497
0.15731671452522275
0.15642623603343964
0.15672306716442108
0.1635500192642212
0.16651825606822968
0.16681507229804993
0.16800238192081451
0.1727515608072281
0.17928168177604675
0.1861086338758469
0.0
0.0
0.0
0.0
0.0
0.0
0.0
0.0
0.0
