1.0
0.7920680046081544
0.3422096371650696
0.0759206786751747
0.06118980050086975
0.03342776373028755
0.020396601408720016
0.010764872655272484
0.005099150352180004
0.009065155871212482
0.007932011038064957
0.011898016557097437
0.014164306223392487
0.01303116139024496
0.02096317335963249
0.027195466682314873
0.0345609076321125
0.04249291867017745
0.05155807361006737
0.0577903687953949
0.06515580415725708
0.07365439087152481
0.09008498489856721
0.10538243502378464
0.12067988514900208
0.1314447522163391
0.15127478539943695
0.1756373941898346
0.19943343102931976
0.22719547152519223
0.25325778126716614
0.2702549695968628
0.288385272026062
0.29915013909339905
0.2980169951915741
0.28328612446784973
0.24589234590530396
0.21189801394939425
0.1756373941898346
0.1427762061357498
0.1155807375907898
0.09518413245677951
0.07875353842973709
0.07422096282243729
0.07308781892061234
0.06798867136240005
0.07082153111696243
0.07252124696969987
0.0764872506260872
0.07705382257699966
0.07932011038064957
0.082719549536705
0.0855524092912674
0.09008498489856721
0.0923512727022171
0.09405098855495453
0.09405098855495453
0.094617560505867
0.08951841294765472
0.09575071185827257
0.08895184099674223
0.08611898124217987
0.08441926538944243
0.08045325428247452
0.08101983368396759
0.0764872506260872
0.07478753477334976
0.07308781892061234
0.07365439087152481
0.07365439087152481
0.06968838721513748
0.069121815264225
0.07025495916604996
0.07082153111696243
0.06798867136240005
0.06798867136240005
0.07138810306787491
0.07365439087152481
0.10934843868017197
0.13824363052845
0.14674220979213715
0.16317281126976013
0.18583568930625916
0.2039660066366196
0.20793201029300687
0.22606232762336728
0.20793201029300687
0.14504249393939972
0.10028328746557236
0.06515580415725708
0.05495750531554222
0.04362606257200241
0.036827195435762405
0.03172804415225983
0.028328612446784973
0.028328612446784973
0.02436260692775249
0.024929178878664967
0.02436260692775249
0.02436260692775249
0.021529745310544968
0.0
0.011898016557097437
0.21586401760578156
0.7218130230903625
0.9994333982467651
0.735410749912262
0.29518413543701166
0.10594900697469713
0.10311614722013472
0.07422096282243729
0.06628895550966263
0.0600566565990448
0.05439093336462975
0.049858357757329934
0.048158641904592514
0.058356940746307366
0.0577903687953949
0.06118980050086975
0.06968838721513748
0.07422096282243729
0.08045325428247452
0.08838526904582977
0.09291784465312956
0.09915014356374739
0.10254957526922225
0.0
0.0
0.0
0.0
0.0
0.0
