1.0
0.7167798280715942
0.34287101030349726
0.1930164843797684
0.20077595114707944
0.1804073750972748
0.16440349817276
0.1580989360809326
0.14791464805603027
0.1566440314054489
0.1585838943719864
0.16537342965602875
0.1755577176809311
0.17749758064746857
0.19156159460544583
0.202230840921402
0.22259941697120664
0.23860329389572144
0.2526673078536988
0.2740058302879333
0.2997090220451355
0.33171677589416504
0.37633365392684937
0.40397670865058893
0.4398642182350159
0.45780795812606806
0.462172657251358
0.4723569452762604
0.46023279428482056
0.4296799302101135
0.38554802536964417
0.3419010639190674
0.2861299812793732
0.24878758192062375
0.2245392799377441
0.20659554004669187
0.1838021278381348
0.1818622648715973
0.17652764916419983
0.18137730658054352
0.18768186867237088
0.18719689548015597
0.1838021278381348
0.17652764916419983
0.182832196354866
0.18574199080467224
0.1784675121307373
0.1707080453634262
0.16197866201400757
0.16779825091362
0.16585838794708252
0.16634336113929749
0.1551891416311264
0.1580989360809326
0.15470416843891144
0.16343356668949127
0.19592627882957456
0.19835111498832703
0.22162948548793793
0.26721629500389094
0.2565470337867737
0.266731321811676
0.2575169801712036
0.2129001021385193
0.15567409992218015
0.1290009766817093
0.108632393181324
0.10378273576498032
0.0931134819984436
0.09796313941478728
0.09699320793151855
0.09359844774007796
0.08923375606536865
0.09456837922334672
0.0
0.0465567409992218
0.27885547280311584
0.7318137884140015
0.9553831219673156
0.6450048685073853
0.28322017192840576
0.13918524980545044
0.15179437398910522
0.1508244425058365
0.14161008596420288
0.1367604285478592
0.13288070261478424
0.12609116733074188
0.13579049706459043
0.1353055238723755
0.1353055238723755
0.1469447165727615
0.0
0.0
0.0
0.0
0.0
0.0
0.0
0.0
0.0
0.0
0.0
0.0
0.0
0.0
0.0
0.0
0.0
0.0
0.0
0.0
0.0
0.0
0.0
0.0
0.0
0.0
0.0
0.0
0.0
0.0
0.0
0.0
0.0
0.0
0.0
0.0
0.0
0.0
0.0
0.0
