1.0
0.4388202428817749
0.026703866198658943
0.04424073174595833
0.1004384234547615
0.10960542410612106
0.09804703295230864
0.09764846414327619
0.10163411498069765
0.09685133397579192
0.10801115632057189
0.10243124514818192
0.10003985464572906
0.11398963630199432
0.1147867664694786
0.12116380780935287
0.11717815697193144
0.12674371898174283
0.13152649998664856
0.12475089728832243
0.149063378572464
0.15703468024730682
0.1586289405822754
0.16500598192214963
0.19011558592319489
0.19569548964500427
0.21283379197120664
0.23595057427883148
0.2502989172935486
0.27580708265304565
0.2801913022994995
0.3041052222251892
0.30530092120170593
0.2869669198989868
0.2686329185962677
0.24392187595367432
0.2208051085472107
0.19370266795158383
0.18094858527183527
0.16620168089866638
0.15424472093582153
0.15823036432266235
0.15424472093582153
0.14627341926097867
0.14786767959594727
0.1566361039876938
0.149063378572464
0.15185332298278809
0.14746911823749542
0.1558389812707901
0.15025906264781952
0.15982462465763092
0.1566361039876938
0.14069350063800812
0.16181746125221252
0.15942606329917908
0.14866480231285095
0.1538461595773697
0.14388202130794525
0.1347150206565857
0.15065763890743256
0.14428058266639707
0.13989637792110443
0.141490638256073
0.13710641860961914
0.1387006789445877
0.133917897939682
0.14268632233142853
0.1394978016614914
0.14467915892601013
0.1434834599494934
0.1319250762462616
0.14866480231285095
0.14029493927955627
0.14268632233142853
0.12953367829322815
0.15145476162433624
0.1538461595773697
0.181745707988739
0.21004384756088257
0.21402949094772336
0.21402949094772336
0.1980868875980377
0.2200079709291458
0.17895576357841492
0.1721801459789276
0.15823036432266235
0.14228776097297668
0.12076524645090105
0.12156237661838531
0.10840972512960433
0.11359107494354248
0.10681546479463576
0.10003985464572906
0.10840972512960433
0.07612594962120056
0.09964129328727722
0.275009959936142
0.575528085231781
0.7851733565330505
0.9238740801811217
0.3343961834907532
0.0
0.06616181880235672
0.11040255427360535
0.12156237661838531
0.1195695474743843
0.12674371898174283
0.1195695474743843
0.12156237661838531
0.11917098611593246
0.1223595067858696
0.11598246544599532
0.12116380780935287
0.13232363760471344
0.14467915892601013
0.14707054197788239
0.14707054197788239
0.0
0.0
0.0
0.0
0.0
0.0
0.0
0.0
0.0
0.0
0.0
0.0
0.0
0.0
