0.966044783592224
0.9429104328155516
0.7078357934951782
0.3697761297225952
0.12649253010749817
0.008208955638110638
0.05634328350424767
0.1197761222720146
0.11082089692354202
0.1044776141643524
0.11268656700849532
0.12089551985263824
0.12350746244192123
0.12201492488384245
0.12425373494625092
0.13843283057212827
0.13097015023231506
0.13917911052703855
0.14552238583564758
0.14440298080444336
0.15485075116157532
0.164552241563797
0.17910447716712952
0.18507462739944455
0.19440297782421112
0.20373134315013883
0.21902984380722043
0.23358209431171417
0.2518656849861145
0.2805970013141632
0.3037313520908356
0.3328358232975006
0.35298508405685425
0.37201493978500366
0.3891791105270386
0.38992536067962646
0.38992536067962646
0.3776119351387024
0.35895523428916926
0.32238805294036865
0.28246268630027765
0.2440298497676849
0.21380597352981567
0.18470148742198944
0.16679105162620544
0.15149253606796265
0.1429104506969452
0.13731342554092407
0.1287313401699066
0.1253731399774551
0.12798507511615753
0.12276119738817214
0.12611940503120422
0.12462686747312544
0.12723881006240845
0.122388057410717
0.13059701025485992
0.12910448014736176
0.1294776052236557
0.12910448014736176
0.12649253010749817
0.12388059496879576
0.12462686747312544
0.1268656700849533
0.122388057410717
0.1160447746515274
0.122388057410717
0.11455223709344864
0.11641790717840193
0.1115671619772911
0.1070895493030548
0.1070895493030548
0.1097014918923378
0.10820895433425903
0.10186567157506941
0.10037313401699066
0.10037313401699066
0.09776119142770769
0.10037313401699066
0.09888059645891187
0.1007462665438652
0.10298507660627364
0.10037313401699066
0.10410447418689728
0.10111940652132034
0.10000000149011612
0.10111940652132034
0.10298507660627364
0.09776119142770769
0.0981343314051628
0.09253731369972228
0.09552238881587982
0.09328357875347136
0.09589552134275436
0.09738805890083313
0.09552238881587982
0.09440298378467561
0.10037313401699066
0.09664179384708403
0.09776119142770769
0.10111940652132034
0.10223880410194396
0.10000000149011612
0.09141790866851807
0.10037313401699066
0.10000000149011612
0.09738805890083313
0.09664179384708403
0.09738805890083313
0.09141790866851807
0.09253731369972228
0.08768656849861145
0.09402985125780104
0.08955223858356477
0.08694029599428175
0.09029851108789445
0.10149253904819489
0.113432839512825
0.13955223560333252
0.1574626863002777
0.1735074669122696
0.20746268332004547
0.22537313401699063
0.21567164361476895
0.21007463335990903
0.17947761714458463
0.17425373196601868
0.15970149636268616
0.10111940652132034
0.07126865535974503
0.06343283504247665
0.06044775992631912
