1.0
0.6512194871902466
0.2624390125274658
0.19609756767749784
0.14243902266025543
0.15707316994667053
0.1560975611209869
0.14000000059604645
0.13951219618320465
0.14195121824741364
0.13024389743804932
0.1336585432291031
0.11951219290494917
0.1331707388162613
0.13658536970615387
0.14000000059604645
0.14878049492835999
0.17073170840740204
0.178048774600029
0.17219512164592743
0.18731707334518433
0.18536585569381717
0.205365851521492
0.22975610196590424
0.23170731961727145
0.24195121228694916
0.2443902492523193
0.2609755992889404
0.2824390232563019
0.2931707203388214
0.30682927370071406
0.31853657960891724
0.3126829266548157
0.28634145855903625
0.26926830410957336
0.23560975492000577
0.19804878532886505
0.16487805545330048
0.1478048712015152
0.14000000059604645
0.12585365772247314
0.14146341383457184
0.1312195062637329
0.1312195062637329
0.1268292665481567
0.12634146213531494
0.12146341800689696
0.1321951150894165
0.12536585330963135
0.12926828861236572
0.1307317018508911
0.117560975253582
0.13512195646762848
0.13902439177036283
0.13853658735752103
0.12439024448394775
0.1307317018508911
0.12926828861236572
0.12634146213531494
0.10780487954616547
0.11073170602321623
0.09804878383874893
0.09853658825159071
0.10487804561853407
0.10926829278469084
0.1170731708407402
0.10731707513332366
0.1024390235543251
0.10097561031579971
0.09268292784690857
0.10439024120569228
0.09707316756248474
0.12048780173063278
0.12829267978668213
0.13756097853183746
0.13756097853183746
0.15951219201087952
0.1614634096622467
0.1180487796664238
0.10487804561853407
0.09853658825159071
0.08780487626791
0.07170731574296951
0.05121951177716255
0.056585364043712616
0.06195122003555298
0.05609755963087082
0.05121951177716255
0.06048780307173729
0.06390243768692017
0.05707317218184471
0.0
0.05804878100752831
0.22341462969779968
0.5136585235595703
0.9253658652305603
0.8531707525253296
0.4263414740562439
0.24195121228694916
0.1775609701871872
0.1560975611209869
0.17121951282024384
0.17073170840740204
0.1560975611209869
0.145853653550148
0.13951219618320465
0.14097560942173004
0.14243902266025543
0.14292682707309723
0.1443902403116226
0.15024390816688535
0.1468292623758316
0.1614634096622467
0.17024390399456024
0.17951218783855438
0.19073170423507688
0.1965853720903397
0.20682926476001737
0.0
0.0
0.0
0.0
0.0
0.0
0.0
0.0
0.0
0.0
0.0
0.0
0.0
0.0
