0.958936095237732
0.925338327884674
0.5377974510192871
0.32337844371795654
0.19972002506256104
0.2274848371744156
0.23821745812892917
0.23495100438594815
0.23075127601623532
0.23005132377147677
0.2319178730249405
0.2340177297592163
0.2347176820039749
0.23588427901268005
0.24078394472599027
0.2424171715974808
0.24895006418228147
0.25361642241477966
0.26061594486236567
0.2666822075843811
0.2739150822162628
0.2893140316009521
0.2928138077259064
0.3044796884059906
0.3161455988883972
0.3341110646724701
0.34997665882110596
0.3667755424976349
0.3800746500492096
0.39174056053161616
0.3999066650867462
0.4071395099163056
0.4076061546802521
0.39337378740310663
0.3737750947475433
0.3439103960990906
0.3103126585483551
0.2846477031707764
0.2615492343902588
0.250583291053772
0.23588427901268005
0.2340177297592163
0.2328511476516724
0.2265515625476837
0.22631824016571045
0.22865141928195956
0.22701819241046903
0.22818478941917417
0.23238450288772583
0.2319178730249405
0.23238450288772583
0.2319178730249405
0.2316845506429672
0.23028464615345
0.23075127601623532
0.2316845506429672
0.22911806404590607
0.23028464615345
0.23121792078018188
0.22981801629066467
0.22841811180114743
0.23075127601623532
0.2309845983982086
0.2265515625476837
0.22725151479244232
0.23028464615345
0.22631824016571045
0.2258516103029251
0.2246850281953812
0.22538498044013977
0.22678488492965695
0.22725151479244232
0.22841811180114743
0.22678488492965695
0.2228184789419174
0.22538498044013977
0.22515165805816648
0.22631824016571045
0.22538498044013977
0.2356509566307068
0.2533831000328064
0.2550163269042969
0.2585161030292511
0.26481568813323975
0.28044795989990234
0.2844143807888031
0.29584693908691406
0.27671489119529724
0.26271581649780273
0.23028464615345
0.21698553860187528
0.20858609676361084
0.2050863206386566
0.2001866549253464
0.20228651165962216
0.20415306091308597
0.20111992955207825
0.20135323703289032
0.20461969077587128
0.20345310866832733
0.20228651165962216
0.19855342805385587
0.1278581470251083
0.0
0.18828745186328888
0.4745683670043945
0.8455436229705809
1.0
0.5823611617088318
0.37120857834815973
0.20228651165962216
0.213252454996109
0.23495100438594815
0.23681753873825076
0.23075127601623532
0.23121792078018188
0.23121792078018188
0.23331777751445767
0.2398506700992584
0.2391507178544998
0.2398506700992584
0.24895006418228147
0.25151655077934265
0.25594961643218994
0.26108258962631226
0.2708819508552551
0.27834811806678766
0.0
0.0
0.0
0.0
0.0
