0.910971760749817
0.5072100162506104
0.20940439403057096
0.0
0.003761755535379052
0.18871472775936127
0.23260188102722168
0.237617552280426
0.2695924639701843
0.2846395075321197
0.2871473431587219
0.30031347274780273
0.3059561252593994
0.3115987479686737
0.3141065835952759
0.33103448152542114
0.32915359735488886
0.3360501527786255
0.35548588633537287
0.369905948638916
0.3749216198921204
0.3949843347072601
0.4181818068027496
0.43887147307395935
0.475862056016922
0.5115987658500671
0.5423197746276855
0.5761755704879761
0.5836990475654602
0.6043887138366699
0.6263322830200195
0.619435727596283
0.5937303900718689
0.5523511171340942
0.502194344997406
0.45203760266304016
0.4043887257575989
0.36300939321517933
0.33730408549308777
0.3184953033924103
0.33291536569595337
0.3040752410888672
0.3009404242038727
0.30783697962760925
0.3115987479686737
0.3097178637981415
0.30783697962760925
0.3147335350513458
0.3159874677658081
0.3260188102722168
0.3028213083744049
0.3153605163097381
0.31347963213920593
0.3103448152542114
0.3153605163097381
0.3184953033924103
0.3272727131843567
0.3272727131843567
0.3416927754878998
0.32539185881614685
0.32225704193115234
0.3191222548484802
0.31974920630455017
0.32413792610168457
0.3159874677658081
0.3109717965126037
0.3153605163097381
0.3128526508808136
0.31974920630455017
0.3141065835952759
0.30783697962760925
0.3159874677658081
0.3115987479686737
0.3097178637981415
0.3053291440010071
0.31222569942474365
0.3084639608860016
0.3115987479686737
0.3059561252593994
0.301567405462265
0.30344828963279724
0.3028213083744049
0.3084639608860016
0.3147335350513458
0.31347963213920593
0.3103448152542114
0.3072100281715393
0.30909091234207153
0.30783697962760925
0.3040752410888672
0.3072100281715393
0.33981192111968994
0.3830721080303192
0.36300939321517933
0.3818181753158569
0.4269592463970184
0.4576802551746368
0.4482758641242981
0.4351097047328949
0.4275861978530884
0.37680250406265253
0.3504702150821686
0.3109717965126037
0.2952978014945984
0.3009404242038727
0.29780563712120056
0.2952978014945984
0.30219435691833496
0.3040752410888672
0.28777429461479187
0.29843258857727045
0.369905948638916
0.4526645839214325
0.5542320013046265
0.834482729434967
1.0
0.6833855509757996
0.343573659658432
0.11347962170839308
0.05454545468091965
0.24451410770416257
0.29467085003852844
0.29843258857727045
0.3272727131843567
0.34984326362609863
0.35987460613250727
0.3623824417591095
0.36426332592964167
0.3755486011505127
0.3749216198921204
0.3862068951129913
0.39811912178993225
