1.0
0.39347290992736816
0.0
0.008620689623057842
0.09790640324354173
0.15147782862186432
0.18349753320217127
0.1761083751916885
0.19889162480831143
0.19150246679782867
0.20135468244552607
0.20443350076675412
0.21366995573043823
0.2105911374092102
0.23337438702583313
0.21490147709846497
0.2216748744249344
0.24137930572032928
0.24384236335754397
0.2463054209947586
0.2567734122276306
0.27093595266342163
0.2887931168079376
0.30110836029052734
0.32019704580307007
0.346059113740921
0.3823891580104828
0.4168719351291656
0.4310344755649567
0.44704434275627136
0.4759852290153504
0.48152709007263184
0.4907635450363159
0.4482758641242981
0.45135468244552607
0.4181034564971924
0.3614532053470612
0.3269704580307007
0.3103448152542114
0.2764778435230255
0.26908865571022034
0.2610837519168854
0.23522166907787323
0.2586206793785095
0.2604679763317108
0.25492611527442927
0.24815270304679873
0.2586206793785095
0.26354679465293884
0.2733990252017975
0.2647783160209656
0.278940886259079
0.27032020688056946
0.2697044312953949
0.25246304273605347
0.2641625702381134
0.26662561297416687
0.26908865571022034
0.24815270304679873
0.2641625702381134
0.27032020688056946
0.2647783160209656
0.26847290992736816
0.26169949769973755
0.26539409160614014
0.25246304273605347
0.26724138855934143
0.28017240762710566
0.24199508130550385
0.24445812404155728
0.2580049335956573
0.24137930572032928
0.2697044312953949
0.25369459390640253
0.28509852290153503
0.3318965435028076
0.3571428656578064
0.36391624808311457
0.3706896603107452
0.33682265877723694
0.3866994976997376
0.35160097479820246
0.2752462923526764
0.2887931168079376
0.2924876809120178
0.23460590839385984
0.2660098373889923
0.24384236335754397
0.2216748744249344
0.22413793206214905
0.23029556870460513
0.20751231908798215
0.20935960114002228
0.2216748744249344
0.22536945343017575
0.2216748744249344
0.17056649923324585
0.2216748744249344
0.44766008853912354
0.6650246381759644
0.9039409160614013
0.7438423633575438
0.2296798080205917
0.020935960114002228
0.08128079026937485
0.16009852290153503
0.23830048739910123
0.2389162629842758
0.22105911374092105
0.2321428507566452
0.23830048739910123
0.2543103396892548
0.24568966031074524
0.2518472969532013
0.2844827473163605
0.2567734122276306
0.2838670015335083
0.2678571343421936
0.2937192022800445
0.28817734122276306
0.0
0.0
0.0
0.0
0.0
0.0
0.0
0.0
0.0
0.0
0.0
0.0
