0.9961140155792236
0.6943005323410033
0.16709844768047333
0.0
0.05138169229030609
0.18609671294689176
0.25086355209350586
0.27633851766586304
0.27936097979545593
0.276770293712616
0.2772020697593689
0.2784973978996277
0.28238341212272644
0.29231432080268854
0.2953367829322815
0.29749569296836853
0.3061312735080719
0.3177892863750458
0.32772019505500793
0.3333333432674408
0.3380829095840454
0.34715026617050165
0.35837650299072266
0.3808290064334869
0.39853194355964655
0.4218479990959168
0.4550949931144714
0.4840241670608521
0.5120897889137268
0.5371329784393312
0.5716753005981445
0.5984455943107605
0.6183074116706848
0.6260794401168823
0.6070811748504639
0.5712435245513916
0.5233160853385925
0.4693436920642853
0.4257340133190155
0.3808290064334869
0.3557858467102051
0.33376511931419367
0.31908461451530457
0.3121761679649353
0.313903272151947
0.31563040614128113
0.2983592450618744
0.29231432080268854
0.2957685589790344
0.2953367829322815
0.30526769161224365
0.3130397200584412
0.31908461451530457
0.31519863009452814
0.31606218218803406
0.30958548188209534
0.3082901537418365
0.31476685404777527
0.3056994676589966
0.300949901342392
0.30008634924888605
0.29879102110862726
0.3018134832382202
0.3078583776950836
0.3078583776950836
0.29879102110862726
0.2970639169216156
0.289723664522171
0.2953367829322815
0.287564754486084
0.2819516360759735
0.28411054611206055
0.287564754486084
0.29447323083877563
0.29792746901512146
0.3018134832382202
0.2983592450618744
0.3018134832382202
0.29188254475593567
0.28540587425231934
0.28540587425231934
0.2759067416191101
0.2772020697593689
0.2815198600292206
0.27331605553627014
0.2728842794895172
0.2685664892196655
0.26899826526641846
0.26424869894981384
0.26424869894981384
0.2590673565864563
0.26813471317291254
0.2664076089859009
0.27072539925575256
0.27331605553627014
0.2789291739463806
0.27633851766586304
0.2724525034427643
0.2685664892196655
0.27029362320899963
0.26597583293914795
0.2651122510433197
0.26381692290306086
0.2603626847267151
0.2715889513492584
0.30958548188209534
0.29490500688552856
0.3013817071914673
0.260794460773468
0.2599309086799621
0.2512953281402588
0.2474093288183212
0.23359240591526031
0.237910196185112
0.2417961955070496
0.237910196185112
0.24093264341354367
0.2417961955070496
0.24784110486507413
0.24481865763664243
0.2405008673667908
0.23402418196201324
0.26165804266929626
0.4058721959590912
0.6157167553901672
0.9119170904159546
1.0
0.44602763652801514
0.12392055243253708
0.04274611547589302
0.16968911886215207
0.2577720284461975
