1.0
0.8189771175384521
0.33983850479125977
0.1500672996044159
0.08882907032966612
0.10969044268131256
0.10026917606592178
0.11911170929670332
0.11305518448352812
0.12247644364833832
0.10699865221977232
0.12247644364833832
0.13391655683517456
0.11305518448352812
0.12786002457141876
0.14199192821979523
0.1514131873846054
0.14804844558238983
0.16756393015384674
0.18573351204395291
0.17900404334068298
0.18034993112087247
0.20457604527473447
0.22274562716484067
0.24427995085716248
0.2671601474285126
0.30215343832969666
0.33445492386817927
0.3613727986812592
0.4098250269889832
0.4138627052307129
0.44414535164833063
0.4966352581977844
0.5148048400878905
0.5026918053627014
0.4791386127471924
0.4367429316043854
0.3950201869010925
0.33580079674720764
0.2866756319999695
0.2563930153846741
0.230148047208786
0.2025572061538696
0.17227455973625183
0.18640646338462827
0.18236877024173737
0.1736204624176025
0.15477792918682098
0.15275909006595612
0.17160160839557648
0.16285330057144165
0.15612381696701047
0.14737550914287567
0.13997308909893036
0.1514131873846054
0.18236877024173737
0.1332436054944992
0.1500672996044159
0.13055181503295898
0.1500672996044159
0.15881560742855072
0.13458950817584991
0.139300137758255
0.1271870732307434
0.1514131873846054
0.1500672996044159
0.17092867195606232
0.13458950817584991
0.15074023604393005
0.16218034923076627
0.16218034923076627
0.1493943482637405
0.14737550914287567
0.15477792918682098
0.17294751107692719
0.15814267098903656
0.15208613872528076
0.14872139692306519
0.15275909006595612
0.15948855876922607
0.15814267098903656
0.13997308909893036
0.14266487956047058
0.15612381696701047
0.15814267098903656
0.15074023604393005
0.15948855876922607
0.17227455973625183
0.15074023604393005
0.17833109200000763
0.16150739789009094
0.16487213969230652
0.15612381696701047
0.12920592725276947
0.14199192821979523
0.1554508805274963
0.1890982538461685
0.21601614356040957
0.25168237090110773
0.23889636993408203
0.24697174131870267
0.29475101828575134
0.29138627648353577
0.24764467775821683
0.261103630065918
0.22880215942859647
0.1736204624176025
0.13862718641757965
0.12920592725276947
0.12584118545055387
0.12584118545055387
0.16150739789009094
0.10834454745054244
0.12651413679122925
0.115074023604393
0.15074023604393005
0.12449529021978378
0.0
0.22274562716484067
0.8674293160438538
0.9528936743736269
0.7234185934066771
0.24697174131870267
0.1554508805274963
0.10632570832967758
0.13795423507690427
0.17631225287914276
0.14401076734066007
0.14131897687911987
0.1500672996044159
0.1500672996044159
0.14199192821979523
