1.0
0.6784788370132446
0.43042349815368647
0.23898011445999143
0.025929126888513565
0.0829732045531273
0.10760587453842164
0.1097666397690773
0.11063094437122344
0.1097666397690773
0.11365600675344469
0.12100259214639664
0.11538461595773696
0.12878133356571195
0.13094209134578705
0.12791702151298523
0.12100259214639664
0.14088158309459686
0.15254969894886017
0.15254969894886017
0.1564390659332275
0.16724286973476407
0.1771823614835739
0.19317199289798737
0.1957649141550064
0.20700086653232572
0.21218669414520264
0.23206569254398343
0.24070872366428372
0.23898011445999143
0.2502160668373108
0.2510803937911988
0.2636127769947052
0.26750215888023376
0.26577356457710266
0.2554019093513489
0.23076923191547397
0.20786516368389127
0.18150389194488523
0.15471045672893524
0.13050994277000427
0.11106309294700623
0.10242005437612532
0.10069144517183304
0.09853067994117738
0.10501296818256378
0.1011235937476158
0.10025928914546967
0.10674156993627548
0.10587726533412932
0.11581676453351974
0.10371650755405426
0.11235955357551573
0.11581676453351974
0.11884183436632156
0.1179775297641754
0.10501296818256378
0.1063094213604927
0.1063094213604927
0.09204839915037155
0.08729472756385803
0.0808124467730522
0.08038029074668883
0.08167675137519836
0.07044079154729843
0.07735522836446762
0.06611927598714828
0.06525497138500214
0.06828003376722336
0.06395851075649261
0.06525497138500214
0.06309420615434647
0.061365600675344474
0.06482281535863876
0.058340534567832954
0.06525497138500214
0.054019015282392495
0.06482281535863876
0.06698358058929443
0.0726015567779541
0.09550561755895615
0.13223855197429657
0.15989628434181213
0.14736387133598328
0.18107174336910248
0.19317199289798737
0.1434745043516159
0.13094209134578705
0.08902333676815033
0.0708729475736618
0.061797752976417535
0.03457216918468475
0.032843559980392456
0.025929126888513565
0.020743301138281826
0.024632669985294346
0.019014693796634678
0.015557476319372652
0.025929126888513565
0.025929126888513565
0.028954191133379936
0.0030250647105276585
0.0808124467730522
0.27312013506889343
0.5976663827896118
0.9926534295082092
0.672860860824585
0.38850474357604975
0.09982714056968689
0.0
0.09161625057458876
0.09507346898317336
0.09853067994117738
0.09550561755895615
0.08686257898807524
0.09464131295681
0.09853067994117738
0.09636992216110227
0.10025928914546967
0.11106309294700623
0.11711322516202927
0.11581676453351974
0.12186689674854279
0.12316334992647172
0.13050994277000427
0.13396716117858887
0.0
0.0
0.0
0.0
0.0
0.0
