0.8955764770507811
1.0
0.6707759499549866
0.3683829009532928
0.13705584406852722
0.08556925505399704
0.32342275977134705
0.36765772104263306
0.387962281703949
0.432197242975235
0.4300217628479004
0.4437998533248901
0.456127643585205
0.47353154420852656
0.471356064081192
0.474256694316864
0.49673676490783686
0.5076141953468323
0.5206671357154846
0.5315446257591248
0.5532994866371155
0.5685279369354248
0.609862208366394
0.630891978740692
0.6627991199493408
0.7193618416786194
0.7606961727142334
0.8078317642211914
0.8375634551048279
0.868745446205139
0.8970268368721008
0.9173313975334167
0.9260333776474
0.9006526470184326
0.8440899252891539
0.7628716230392456
0.6722262501716614
0.5881073474884033
0.5431472063064575
0.4989122450351715
0.47788253426551813
0.4583031237125397
0.4452501833438873
0.43799856305122375
0.4336475729942322
0.4300217628479004
0.41624364256858826
0.4227701127529144
0.432197242975235
0.432197242975235
0.42059463262557983
0.4488759934902191
0.4285714328289032
0.41624364256858826
0.42204496264457697
0.4343727231025696
0.4401740431785584
0.43509790301322937
0.4191443026065826
0.42494562268257136
0.41551849246025085
0.42494562268257136
0.4256707727909088
0.416968822479248
0.4147933423519135
0.393038421869278
0.37926033139228815
0.3770848512649536
0.379985511302948
0.385061651468277
0.3785351812839508
0.37345904111862177
0.3872371315956116
0.3785351812839508
0.377810001373291
0.3865119516849518
0.39738941192626953
0.37490934133529663
0.38216099143028254
0.36548224091529846
0.35170412063598633
0.3502538204193115
0.3321247398853302
0.3488034904003144
0.3589557707309723
0.40246555209159846
0.4358230531215668
0.4793328642845154
0.4771573543548584
0.49166062474250793
0.4503263235092163
0.4670050740242004
0.46265408396720886
0.41261783242225647
0.37926033139228815
0.32124727964401245
0.30239304900169367
0.3096446692943573
0.29731690883636475
0.32342275977134705
0.31979694962501526
0.3277737498283386
0.32632341980934143
0.3147208094596863
0.3785351812839508
0.515591025352478
0.5474981665611267
0.7193618416786194
0.9267585277557373
0.706308901309967
0.35387963056564326
0.11965192109346388
0.0
0.2443799823522568
0.34445250034332275
0.36040610074996954
0.4336475729942322
0.4358230531215668
0.45467731356620794
0.46482959389686573
0.4583031237125397
0.44815084338188166
0.44815084338188166
0.0
0.0
0.0
0.0
0.0
0.0
0.0
0.0
0.0
