1.0
0.9464210867881776
0.6931770443916321
0.36458769440650934
0.16366679966449735
0.04102134704589844
0.1109250709414482
0.17831729352474213
0.17538718879222867
0.1812473833560944
0.1820845603942871
0.17915445566177368
0.1858518272638321
0.19129343330860135
0.17915445566177368
0.1858518272638321
0.19129343330860135
0.19882796704769132
0.20426957309246063
0.2088740020990372
0.2185014635324478
0.2310590147972107
0.24026788771152496
0.25240686535835266
0.2637086510658264
0.2775219678878784
0.3001255691051483
0.30807870626449585
0.32021766901016235
0.33821684122085566
0.3474256992340088
0.37254080176353455
0.3951444029808045
0.406027615070343
0.40853914618492126
0.4043532907962799
0.3871912956237793
0.367936372756958
0.33444955945014954
0.3038928508758545
0.2762662172317505
0.2515696883201599
0.23147760331630704
0.2080368399620056
0.2030138075351715
0.190874844789505
0.18961909413337708
0.1942235231399536
0.19338636100292203
0.18710757791996
0.18292172253131864
0.18668898940086365
0.19338636100292203
0.19296777248382568
0.19840937852859497
0.1921305954456329
0.1921305954456329
0.1879447400569916
0.19129343330860135
0.18417747318744657
0.18334031105041504
0.1963164508342743
0.19380493462085724
0.1921305954456329
0.19254918396472928
0.19171200692653656
0.18459606170654297
0.17580577731132507
0.17664293944835663
0.16408538818359375
0.16241104900836945
0.15529510378837583
0.14734198153018951
0.13687735795974731
0.1439933031797409
0.14190037548542023
0.14650481939315796
0.14608623087406158
0.1490163207054138
0.1477605700492859
0.15069065988063812
0.1544579267501831
0.15403935313224792
0.1477605700492859
0.14524905383586884
0.14985349774360657
0.15864378213882446
0.15696944296360016
0.16701549291610715
0.17831729352474213
0.16868983209133148
0.16199246048927307
0.15529510378837583
0.14315612614154816
0.1423189640045166
0.1477605700492859
0.1356215924024582
0.1318543255329132
0.1372959464788437
0.1385516971349716
0.13771452009677887
0.1372959464788437
0.13687735795974731
0.1372959464788437
0.1385516971349716
0.14273755252361295
0.15152783691883087
0.14734198153018951
0.14441189169883728
0.13478443026542664
0.13478443026542664
0.14734198153018951
0.17078275978565216
0.1963164508342743
0.20636250078678128
0.24696525931358335
0.2607785761356354
0.2658015787601471
0.2678945064544678
0.25491836667060846
0.2360820472240448
0.22645458579063413
0.21180410683155057
0.17078275978565216
0.15571369230747223
0.15194642543792725
0.1456676423549652
0.14859774708747864
0.14985349774360657
0.15696944296360016
0.1301799863576889
0.16952699422836304
