1.0
0.8790668845176696
0.6405770182609558
0.39809697866439814
0.25230202078819275
0.17096377909183502
0.14180478453636167
0.11325966566801073
0.0985267013311386
0.1019030064344406
0.09607120603322983
0.09883364289999008
0.09607120603322983
0.09269490838050842
0.09821976721286771
0.0896255373954773
0.08747697621583937
0.0985267013311386
0.09791283309459686
0.08901166170835496
0.09484346210956573
0.08901166170835496
0.08870472759008406
0.09699202328920364
0.1111111119389534
0.1111111119389534
0.12031921744346619
0.1236955150961876
0.12983424961566925
0.15561693906784055
0.17740945518016815
0.1835481822490692
0.1982811540365219
0.2154696136713028
0.21577654778957367
0.22283609211444852
0.2222222238779068
0.20656844973564148
0.18815223872661593
0.16850829124450684
0.1531614512205124
0.14548802375793457
0.13873541355133057
0.11970534175634384
0.11571516096591948
0.11939840763807295
0.1098833605647087
0.11724984645843504
0.11387354135513304
0.11356660723686218
0.11295273154973984
0.11602210253477097
0.11694291234016418
0.1258440762758255
0.12523020803928375
0.13106200098991394
0.13228975236415863
0.12891344726085663
0.13321055471897125
0.1381215453147888
0.13413137197494507
0.13413137197494507
0.13290362060070035
0.1359729915857315
0.13750767707824707
0.1338244378566742
0.12983424961566925
0.1350521743297577
0.1304481327533722
0.1258440762758255
0.11878453195095062
0.12400245666503906
0.11755678057670592
0.11847759038209917
0.11019030213356018
0.11233885586261748
0.10957642644643784
0.11602210253477097
0.14456722140312195
0.13996316492557523
0.13996316492557523
0.16912215948104858
0.18876610696315765
0.1936770975589752
0.18600368499755857
0.1427256017923355
0.12553714215755463
0.11724984645843504
0.10466543585062026
0.10681399703025816
0.09269490838050842
0.09576427191495895
0.08686310797929764
0.08993247151374816
0.05739717558026314
0.0
0.07826887816190718
0.3026396632194519
0.6810926795005798
0.9963167309761048
0.830570876598358
0.5696746706962585
0.3449969291687012
0.21516267955303192
0.15285451710224152
0.11571516096591948
0.1009821966290474
0.0850214883685112
0.08747697621583937
0.07826887816190718
0.08594229817390442
0.08440761268138884
0.08532842248678206
0.08133824169635773
0.0
0.0
0.0
0.0
0.0
0.0
0.0
0.0
0.0
0.0
0.0
0.0
0.0
0.0
0.0
0.0
0.0
0.0
