0.8989080786705017
0.7481507658958435
0.3864036500453949
0.1451215147972107
0.0
0.04121169447898865
0.10778442770242692
0.1042620614171028
0.10250087827444077
0.10531877726316452
0.10919337719678877
0.1158858761191368
0.1183515340089798
0.120464950799942
0.12257837504148485
0.1289186328649521
0.13279323279857635
0.1366678476333618
0.13983796536922455
0.1380767822265625
0.14582599699497223
0.1602676957845688
0.16519901156425476
0.1764705926179886
0.18844664096832275
0.2067629396915436
0.2201479375362396
0.2419866174459457
0.2666431963443756
0.28495949506759644
0.3050369918346405
0.3268756568431854
0.33955618739128113
0.34624868631362915
0.35329341888427734
0.35822471976280207
0.351179987192154
0.31983092427253723
0.2951743602752685
0.26065516471862793
0.227544903755188
0.20288833975791928
0.18738992512226105
0.1694258600473404
0.15040507912635803
0.1366678476333618
0.1306798160076141
0.12574850022792816
0.12363508343696594
0.1158858761191368
0.11447692662477492
0.11236350983381271
0.11201126873493195
0.10919337719678877
0.10602324455976486
0.1067277193069458
0.11412469297647476
0.11729482561349867
0.12187390029430388
0.12610073387622833
0.12328284978866576
0.1275096833705902
0.12469179183244704
0.12680521607398987
0.12469179183244704
0.11764705926179884
0.11870376765727995
0.12011271715164185
0.11976047605276108
0.11342021822929382
0.11447692662477492
0.1148291677236557
0.11518140137195589
0.11271574348211288
0.11553363502025604
0.11412469297647476
0.11729482561349867
0.12187390029430388
0.12257837504148485
0.125396266579628
0.12610073387622833
0.12962310016155243
0.12715744972229004
0.12786191701889038
0.12786191701889038
0.12856639921665192
0.1299753487110138
0.12398731708526611
0.12116942554712296
0.1250440329313278
0.12962310016155243
0.12927086651325223
0.12574850022792816
0.132088765501976
0.13490666449069977
0.1356111317873001
0.1352588981389999
0.13420218229293823
0.1380767822265625
0.13737231492996216
0.14300809800624847
0.14547376334667203
0.14406481385231018
0.14476928114891052
0.1401902139186859
0.14230363070964813
0.14371258020401
0.1380767822265625
0.1415991485118866
0.14653046429157257
0.14970059692859647
0.16202887892723083
0.1835153251886368
0.20359280705451965
0.21415992081165316
0.25924620032310486
0.26629093289375305
0.26452976465225214
0.27544909715652466
0.2419866174459457
0.23318070173263547
0.22789715230464933
0.18703769147396088
0.15392744541168213
0.14336033165454865
0.14124691486358643
0.13983796536922455
0.1380767822265625
0.1352588981389999
0.12398731708526611
0.13384994864463806
0.22648820281028748
