0.9881345033645629
0.5128543376922609
0.1454625427722931
0.09162821620702744
0.1265655905008316
0.105691060423851
0.09316633641719818
0.09316633641719818
0.09009008854627608
0.09316633641719818
0.09338606894016266
0.09316633641719818
0.0988793671131134
0.09953856468200685
0.1039332002401352
0.10217534750699996
0.10942649841308592
0.11118435859680176
0.11404086649417876
0.12019336223602294
0.12239068001508711
0.1285431832075119
0.1404086947441101
0.14260601997375488
0.1531531512737274
0.15974511206150055
0.16743573546409607
0.18721160292625427
0.2003955245018005
0.21709513664245603
0.2326961159706116
0.2480773478746414
0.2654361724853516
0.2777411639690399
0.2812568545341492
0.2751043736934662
0.2599428594112396
0.2342342287302017
0.1988573968410492
0.17029224336147308
0.14260601997375488
0.1226104125380516
0.11140408366918564
0.10305427014827728
0.09756097197532652
0.0938255339860916
0.09294660389423369
0.0938255339860916
0.090969018638134
0.08921116590499878
0.09074928611516953
0.087013840675354
0.09250713884830473
0.08855196833610535
0.09030982106924056
0.08833223581314088
0.08811250329017638
0.09140848368406296
0.08987035602331161
0.09118875116109848
0.09052955359220503
0.08657437562942506
0.09404526650905608
0.08833223581314088
0.08987035602331161
0.09009008854627608
0.08965062350034714
0.08525598794221878
0.08283893764019011
0.0850362554192543
0.08283893764019011
0.08196000754833221
0.08547572046518326
0.0771259069442749
0.08196000754833221
0.0810810774564743
0.08086135238409041
0.08261920511722563
0.08174027502536772
0.0810810774564743
0.07954295724630356
0.07998242229223251
0.08261920511722563
0.07910349220037459
0.07932322472333907
0.07800483703613281
0.07800483703613281
0.07778510451316833
0.08020215481519699
0.08130080997943878
0.07536805421113968
0.07690617442131041
0.07888375967741011
0.07668644189834593
0.07756537199020386
0.0773456394672394
0.07361019402742387
0.07624697685241699
0.07382992655038834
0.07470885664224625
0.07646670937538147
0.07558777928352357
0.07492858916521072
0.07580751180648804
0.0751483216881752
0.07492858916521072
0.07295099645853041
0.07646670937538147
0.07361019402742387
0.07404965907335281
0.07382992655038834
0.07251153886318207
0.07492858916521072
0.0751483216881752
0.07624697685241699
0.08481652289628983
0.09294660389423369
0.12019336223602294
0.12041309475898743
0.12920236587524414
0.141287624835968
0.14875851571559906
0.14172708988189697
0.1215117573738098
0.1048121303319931
0.09865963459014893
0.08613491803407669
0.07317072898149489
0.06789716333150864
0.06591957807540894
0.06196440383791924
0.06218413636088371
