0.9877260923385619
0.6266149878501892
0.21640826761722565
0.0
0.1233850121498108
0.2732558250427246
0.30038759112358093
0.3184754550457001
0.3301033675670624
0.3417312800884247
0.34302327036857605
0.35077518224716187
0.36369508504867554
0.3649870753288269
0.3766149878501892
0.379198968410492
0.3837209343910217
0.3992248177528381
0.4076227247714996
0.4198966324329376
0.4289405643939972
0.45284238457679754
0.47739017009735113
0.5083979368209839
0.5445736646652222
0.5781653523445128
0.6208010315895081
0.6666666865348816
0.704780340194702
0.7241601943969727
0.7409560680389404
0.748062014579773
0.7138242721557617
0.6550387740135193
0.5846253037452698
0.5032299757003784
0.45219638943672175
0.39728683233261114
0.3611111044883728
0.33527132868766785
0.3217054307460785
0.31524547934532166
0.314599484205246
0.3055555522441864
0.3010335862636566
0.2932816445827484
0.3036175668239593
0.29005166888237
0.29521963000297546
0.3016795814037323
0.2939276397228241
0.2945736348628998
0.30297157168388367
0.302325576543808
0.30297157168388367
0.30813953280448914
0.3049095571041107
0.31136950850486755
0.30749353766441345
0.3184754550457001
0.3100775182247162
0.3087855279445648
0.31524547934532166
0.31136950850486755
0.316537469625473
0.3087855279445648
0.31201550364494324
0.29974159598350525
0.29780361056327814
0.29651162028312683
0.29715761542320246
0.2945736348628998
0.2945736348628998
0.2939276397228241
0.29005166888237
0.29134365916252136
0.29134365916252136
0.2939276397228241
0.2945736348628998
0.2939276397228241
0.28811368346214294
0.29134365916252136
0.29005166888237
0.2861756980419159
0.2861756980419159
0.28488370776176447
0.27906978130340576
0.28423771262168884
0.28165373206138605
0.2855297029018402
0.2810077667236328
0.2861756980419159
0.2861756980419159
0.28165373206138605
0.28359171748161316
0.28746768832206726
0.28229972720146174
0.29134365916252136
0.2939276397228241
0.29780361056327814
0.2945736348628998
0.29974159598350525
0.29715761542320246
0.2932816445827484
0.30038759112358093
0.33204135298728943
0.36369508504867554
0.3856589198112488
0.423126608133316
0.44056847691535944
0.4134366810321808
0.3824289441108704
0.4198966324329376
0.3759689927101135
0.3223514258861542
0.29198965430259705
0.27519381046295166
0.2784237861633301
0.27260982990264887
0.2777777910232544
0.2868216931819916
0.28488370776176447
0.2855297029018402
0.29134365916252136
0.316537469625473
0.43410852551460266
0.46124032139778137
0.655684769153595
1.0
0.8753229975700377
0.42764857411384577
0.1266149878501892
