1.0
0.811904788017273
0.2690476179122925
0.04563492164015769
0.05396825447678565
0.125
0.1269841343164444
0.11269841343164444
0.11190476268529892
0.11388888955116272
0.10952381044626236
0.1111111119389534
0.10952381044626236
0.10753968358039856
0.11865079402923584
0.12182539701461792
0.12460317462682724
0.13611111044883728
0.1408730149269104
0.1408730149269104
0.14126984775066376
0.15317460894584656
0.15158730745315552
0.15992063283920288
0.17182539403438568
0.18373015522956848
0.19960317015647888
0.2182539701461792
0.23928570747375488
0.2757936418056488
0.30912697315216064
0.33769840002059937
0.37063491344451904
0.4047619104385376
0.43888887763023376
0.4702380895614624
0.47857141494750977
0.4535714387893677
0.4035714268684387
0.3424603044986725
0.28531745076179504
0.23293650150299072
0.19365079700946808
0.16746032238006592
0.14920635521411896
0.13611111044883728
0.12579365074634552
0.1210317462682724
0.10833333432674408
0.11230158805847168
0.10952381044626236
0.10634920746088028
0.10833333432674408
0.10753968358039856
0.10873015969991684
0.11071428656578064
0.11071428656578064
0.11031746119260788
0.11071428656578064
0.10753968358039856
0.11190476268529892
0.11071428656578064
0.11071428656578064
0.1071428582072258
0.10198412835597992
0.10555555671453476
0.09603174775838853
0.09166666865348817
0.08968254178762437
0.08690476417541504
0.08611111342906952
0.07698412984609604
0.07777778059244157
0.07777778059244157
0.07500000298023222
0.075396828353405
0.07579365372657776
0.08015873283147812
0.07777778059244157
0.08769841492176056
0.1329365074634552
0.14642857015132904
0.13253968954086304
0.14166666567325592
0.1488095223903656
0.13531745970249176
0.11785714328289032
0.10753968358039856
0.09603174775838853
0.08611111342906952
0.06706349551677704
0.06150793656706809
0.06111111119389533
0.05912698432803153
0.05952380970120429
0.05873015895485877
0.06071428582072257
0.06825397163629532
0.0714285746216774
0.07777778059244157
0.08055555820465088
0.06468254327774048
0.0
0.05992063507437705
0.230158731341362
0.7035714387893677
1.0
0.7273809313774109
0.17380952835083008
0.025793651118874546
0.075396828353405
0.15119047462940216
0.13055555522441864
0.1289682537317276
0.12658730149269104
0.12420634925365448
0.12579365074634552
0.13333334028720856
0.13849206268787384
0.14404761791229248
0.14841270446777344
0.14642857015132904
0.14761905372142792
0.1547619104385376
0.16111111640930176
0.16507937014102936
0.1726190447807312
0.17539682984352112
0.0
0.0
0.0
0.0
