1.0
0.8280802369117738
0.29226359724998474
0.04461727291345596
0.04379860684275627
0.11297585070133208
0.11297585070133208
0.101105198264122
0.09619320183992384
0.09987720102071762
0.10356119275093079
0.09455587714910509
0.101105198264122
0.10970118641853333
0.11706917732954024
0.1232091709971428
0.11706917732954024
0.1293491572141647
0.1285305023193359
0.12975849211215973
0.13753581047058103
0.13753581047058103
0.1420384794473648
0.15104380249977112
0.1629144549369812
0.18583709001541135
0.19770774245262143
0.21899303793907163
0.23700368404388428
0.265247642993927
0.2971756160259247
0.33442488312721247
0.37617683410644526
0.42202210426330566
0.4604993760585785
0.49488332867622375
0.4887433350086212
0.45804339647293085
0.40196478366851807
0.33278754353523254
0.2758902907371521
0.21899303793907163
0.1821530908346176
0.15349979698657987
0.13835448026657104
0.12771183252334595
0.11011052131652832
0.10642652213573456
0.09987720102071762
0.1002865359187126
0.10765452682971954
0.09987720102071762
0.09537453949451447
0.09823986887931824
0.09864920377731325
0.10315186530351637
0.09619320183992384
0.10847318917512892
0.11420384794473648
0.1113385185599327
0.1219811737537384
0.120343841612339
0.1207531690597534
0.1219811737537384
0.11747851222753523
0.12525583803653717
0.1232091709971428
0.1219811737537384
0.12361849844455718
0.1207531690597534
0.12566517293453217
0.11502251029014587
0.11543184518814086
0.1113385185599327
0.1019238606095314
0.09987720102071762
0.0925092101097107
0.09783053398132323
0.10315186530351637
0.10437986254692076
0.10560785979032516
0.09332787245512009
0.0900532156229019
0.09414654225111008
0.100695863366127
0.12607449293136597
0.1440851390361786
0.1494064629077911
0.15718379616737363
0.17151044309139252
0.17478510737419128
0.15022513270378113
0.15431846678256989
0.1338518261909485
0.1289398223161697
0.12812116742134094
0.09578387439250946
0.08964388072490691
0.08391322195529938
0.07531723380088806
0.07777322828769684
0.06713058054447174
0.0708145722746849
0.0716332346200943
0.06426525115966797
0.06835857778787613
0.06262791901826859
0.057715922594070435
0.057715922594070435
0.03847728297114372
0.0
0.009823987260460852
0.16864511370658875
0.5747032165527344
0.9418747425079343
0.7703642845153807
0.19115841388702393
0.003274662187322974
0.04257060959935188
0.11256651580333708
0.10356119275093079
0.08677855134010315
0.08882521837949754
0.08841588348150253
0.08759721368551254
0.09905853122472764
0.08964388072490691
0.09373720735311507
0.09742120653390883
0.1002865359187126
0.10683585703372955
0.10765452682971954
