1.0
0.6545454263687134
0.34415584802627563
0.11233766376972198
0.056493505835533135
0.2571428716182709
0.298701286315918
0.3188311755657196
0.34870129823684687
0.3642857074737549
0.36298701167106634
0.36688312888145447
0.37337663769721985
0.39415583014488226
0.4058441519737244
0.4025973975658417
0.41233766078948975
0.4175324738025665
0.4207792282104492
0.4350649416446686
0.4448052048683167
0.46688312292099
0.4889610409736633
0.5090909004211426
0.5461038947105408
0.5915584564208984
0.6194804906845093
0.6454545259475708
0.6571428775787354
0.6870129704475403
0.6928571462631226
0.6941558718681335
0.6655844449996948
0.6201298832893372
0.5688311457633972
0.5214285850524902
0.4688311815261841
0.43181818723678583
0.4000000059604645
0.39090910553932184
0.37142857909202576
0.3675324618816376
0.3597402572631836
0.35844156146049494
0.3519480526447296
0.3519480526447296
0.35129868984222407
0.3564935028553009
0.3623376488685608
0.3571428656578064
0.3525974154472351
0.3571428656578064
0.350649356842041
0.3519480526447296
0.3545454442501068
0.3538961112499237
0.3532467484474182
0.3538961112499237
0.34545454382896423
0.34870129823684687
0.34090909361839294
0.34870129823684687
0.34155845642089844
0.33831170201301575
0.33506494760513306
0.33376622200012207
0.3279220759868622
0.3279220759868622
0.3285714387893677
0.3285714387893677
0.3207792341709137
0.33506494760513306
0.3318181931972504
0.3227272629737854
0.3168831169605255
0.31623375415802
0.3201298713684082
0.3207792341709137
0.30974024534225464
0.3194805085659027
0.3110389709472656
0.3201298713684082
0.3149350583553314
0.3259740173816681
0.3233766257762909
0.3194805085659027
0.3188311755657196
0.31818181276321406
0.3116883039474488
0.3194805085659027
0.3545454442501068
0.38636362552642817
0.3954545557498932
0.4292207658290863
0.4467532336711884
0.42207792401313776
0.3967532515525818
0.4357142746448517
0.38311687111854553
0.34220778942108154
0.3123376667499542
0.2954545319080353
0.2889610528945923
0.2915584444999695
0.28701299428939814
0.2902597486972809
0.2889610528945923
0.2850649356842041
0.2863636314868927
0.29220777750015253
0.4266233742237091
0.4571428596973419
0.5720779299736023
0.9603896141052246
0.9935064911842345
0.5
0.20454545319080353
0.0
0.09350649267435072
0.2584415674209595
0.28961038589477534
0.290909081697464
0.3233766257762909
0.3311688303947449
0.3474026024341583
0.36298701167106634
0.3590908944606781
0.36103895306587214
0.3701298832893372
0.37402597069740295
0.3824675381183624
0.3857142925262451
