0.9339300990104675
0.6871270537376404
0.33887466788291926
0.1466325670480728
0.0
0.04560954868793488
0.12190963327884674
0.1359761357307434
0.15004262328147888
0.1615515798330307
0.1662404090166092
0.16027280688285828
0.16581414639949799
0.16581414639949799
0.16453537344932556
0.1713555008172989
0.1722080111503601
0.17476555705070496
0.18243819475173953
0.177749365568161
0.19309462606906888
0.20502984523773196
0.208866149187088
0.22506393492221832
0.23444160819053647
0.2442455291748047
0.2604433000087738
0.2860187590122223
0.3064791262149811
0.32438191771507263
0.35123613476753235
0.35592496395111084
0.3542199432849884
0.3495311141014099
0.3593350350856781
0.343989759683609
0.32267689704895014
0.2864450216293335
0.25703325867652893
0.22037510573863983
0.19991475343704224
0.17988064885139465
0.17050299048423767
0.15984654426574707
0.15984654426574707
0.15856777131557465
0.15430520474910736
0.1513213962316513
0.1508951336145401
0.1466325670480728
0.14450128376483917
0.14279624819755554
0.15515771508216855
0.1466325670480728
0.14450128376483917
0.14876385033130643
0.15558397769927979
0.15771526098251343
0.16240409016609192
0.17178176343441007
0.17348678410053253
0.17007672786712646
0.17817561328411102
0.17476555705070496
0.1764705926179886
0.17348678410053253
0.15771526098251343
0.1517476588487625
0.1560102254152298
0.15473145246505737
0.1662404090166092
0.15728899836540222
0.14961637556552887
0.1462063044309616
0.15260016918182373
0.15387894213199615
0.15430520474910736
0.14961637556552887
0.14407502114772797
0.14151747524738312
0.14919011294841766
0.13725490868091583
0.13853368163108823
0.12872974574565887
0.1359761357307434
0.1355498731136322
0.135123610496521
0.1504688858985901
0.1619778275489807
0.18243819475173953
0.19266837835311887
0.1909633427858353
0.23913043737411496
0.24509803950786593
0.24381926655769348
0.26300084590911865
0.230179026722908
0.22122761607170105
0.2152600139379501
0.18115942180156708
0.14194373786449432
0.12659846246242523
0.13299232721328735
0.13256606459617615
0.1248934343457222
0.12787723541259763
0.13341858983039856
0.10997442156076433
0.15942029654979703
0.24722932279109955
0.6334185600280762
1.0
0.8853367567062379
0.48934355378150934
0.2604433000087738
0.08226768672466278
0.022591644898056984
0.1155157685279846
0.16879795491695404
0.16496163606643677
0.17433929443359375
0.18371696770191193
0.18456947803497317
0.19437339901924133
0.19437339901924133
0.1986359804868698
0.20076726377010343
0.2152600139379501
0.2114236950874329
0.21184995770454407
0.22378516197204587
0.2404092103242874
