1.0
0.5557632446289064
0.07850467413663864
0.011838005855679512
0.0959501564502716
0.15763239562511444
0.18255451321601868
0.19376946985721588
0.23052959144115448
0.22242990136146543
0.2087227404117584
0.23052959144115448
0.22242990136146543
0.23551401495933527
0.23052959144115448
0.2517133951187134
0.23800623416900635
0.2641744613647461
0.2510903477668762
0.26292833685874933
0.288473516702652
0.28909656405448914
0.31838005781173706
0.336448609828949
0.3308411240577698
0.3626168370246887
0.40249222517013544
0.42616823315620417
0.4629283547401428
0.5183800458908081
0.4903426766395569
0.5302180647850037
0.5202492475509644
0.5121495127677916
0.47663551568984985
0.44361370801925654
0.3950155675411224
0.37133955955505366
0.33707165718078613
0.29470404982566833
0.3065420687198639
0.2728971838951111
0.2953270971775055
0.2859812974929809
0.27601245045661926
0.27476635575294495
0.2542056143283844
0.28722742199897766
0.30965733528137207
0.3052959442138672
0.3133956491947174
0.2953270971775055
0.30155763030052185
0.29906541109085083
0.30031153559684753
0.3121495246887207
0.29470404982566833
0.2878504693508148
0.30031153559684753
0.2660436034202576
0.29034268856048584
0.2897196114063263
0.26230528950691223
0.2866043746471405
0.3102803826332092
0.3669781982898712
0.38068535923957825
0.4112149477005005
0.38193145394325256
0.39937695860862726
0.4049844145774841
0.3470405042171478
0.34828659892082214
0.3102803826332092
0.3009345829486847
0.2616822421550751
0.24112150073051447
0.2286604344844818
0.2342679053544998
0.2037383168935776
0.22803738713264465
0.2230529636144638
0.23052959144115448
0.22741432487964633
0.2093457877635956
0.115887850522995
0.1694703996181488
0.45109033584594727
0.6741433143615723
0.9239875674247741
0.7881619930267334
0.16448597609996796
0.0
0.059813085943460464
0.1595015525817871
0.20623053610324857
0.20062305033206937
0.226168230175972
0.24548286199569705
0.23551401495933527
0.226168230175972
0.237383171916008
0.24548286199569705
0.2598130702972412
0.2660436034202576
0.2753894031047821
0.27975076436996454
0.27912771701812744
0.2996884882450104
0.30903425812721247
0.2778816223144531
0.31838005781173706
0.3445482850074768
0.36822429299354553
0.39376947283744806
0.0
0.0
0.0
0.0
0.0
0.0
0.0
0.0
0.0
0.0
0.0
0.0
0.0
0.0
0.0
0.0
0.0
