1.0
0.372595340013504
0.12858588993549347
0.021262234076857567
0.010799865238368511
0.0742490738630295
0.10327371209859848
0.15761053562164307
0.1711103618144989
0.1717853546142578
0.174147829413414
0.18292272090911865
0.18697266280651087
0.1832602024078369
0.1920350939035416
0.19406007230281827
0.1957475543022156
0.19709753990173337
0.20553493499755857
0.2068849205970764
0.20992237329483032
0.20992237329483032
0.2180222719907761
0.22207222878932953
0.20755989849567413
0.224772185087204
0.24400945007801053
0.25244683027267456
0.24873438477516172
0.256496787071228
0.2683091461658478
0.2740465700626373
0.286533921957016
0.288896381855011
0.2980087697505951
0.2939588129520416
0.29294633865356445
0.2949713170528412
0.2878839075565338
0.2733715772628784
0.25717177987098694
0.23759703338146207
0.2321970909833908
0.2068849205970764
0.212622344493866
0.2008099853992462
0.19271008670330048
0.18933513760566711
0.1873101592063904
0.18764765560626984
0.19169759750366208
0.19136010110378265
0.180222749710083
0.19338507950305936
0.20182247459888455
0.20013499259948728
0.20587243139743805
0.2024974673986435
0.19811002910137177
0.2116098552942276
0.20620992779731753
0.20620992779731753
0.20182247459888455
0.19912251830101013
0.20114748179912567
0.1947350651025772
0.19979749619960785
0.19608505070209503
0.19338507950305936
0.19169759750366208
0.18494768440723416
0.190010130405426
0.1910226196050644
0.18764765560626984
0.186297670006752
0.1825852245092392
0.18764765560626984
0.186297670006752
0.19136010110378265
0.1832602024078369
0.17887276411056519
0.1825852245092392
0.18562267720699313
0.176510289311409
0.1822477281093597
0.190010130405426
0.19406007230281827
0.1886601448059082
0.18191023170948029
0.18123523890972135
0.1835976988077164
0.17819777131080627
0.18393519520759585
0.1873101592063904
0.1822477281093597
0.18191023170948029
0.19304758310317996
0.22342221438884732
0.2274721562862396
0.23017212748527527
0.24367195367813113
0.2733715772628784
0.26020923256874084
0.279109001159668
0.2885589003562927
0.25615930557250977
0.23253458738327024
0.20182247459888455
0.180222749710083
0.17077286541461945
0.16301046311855316
0.15491056442260742
0.1559230536222458
0.15862300992012024
0.15761053562164307
0.1488356441259384
0.16064798831939697
0.15052311122417447
0.14613567292690277
0.21295984089374545
0.38710767030715937
0.6702666282653809
0.9422882199287415
0.30982112884521484
0.06446169316768646
0.010799865238368511
0.0
0.07829902321100235
0.10428619384765624
0.1535605788230896
0.16064798831939697
0.17212285101413727
