0.9182012677192689
0.810706615447998
0.20000000298023224
0.0
0.005995717365294695
0.050535332411527634
0.09464667737483978
0.13361884653568268
0.12334047257900238
0.13447538018226624
0.1323340535163879
0.14561027288436887
0.1430406868457794
0.13961456716060638
0.15203426778316495
0.14903640747070312
0.15417559444904327
0.1576017141342163
0.16745181381702423
0.1653104871511459
0.16231262683868408
0.1738758087158203
0.17944325506687164
0.1948608160018921
0.1880085617303848
0.2055674493312836
0.21798714995384216
0.229122057557106
0.23897215723991397
0.2381156384944916
0.2603854537010193
0.27366167306900024
0.2929336130619049
0.2852248251438141
0.2788008451461792
0.2578158378601074
0.24197001755237577
0.2149892896413803
0.20171305537223813
0.20342612266540527
0.18372590839862823
0.15845824778079987
0.1683083474636078
0.16959314048290253
0.17558886110782623
0.1802997887134552
0.16702355444431305
0.1678800880908966
0.1661670207977295
0.17301927506923676
0.1738758087158203
0.16702355444431305
0.17858672142028809
0.1807280480861664
0.17730192840099335
0.1734475344419479
0.18286937475204468
0.1867237687110901
0.18715202808380127
0.171734482049942
0.17301927506923676
0.17687366902828217
0.17687366902828217
0.1734475344419479
0.16359743475914
0.15931478142738342
0.155460387468338
0.15631692111492157
0.15074945986270905
0.155460387468338
0.15888650715351105
0.15674518048763275
0.1558886468410492
0.14689508080482483
0.16659529507160187
0.16359743475914
0.18286937475204468
0.1961456090211868
0.20728051662445068
0.2252676635980606
0.24882227182388303
0.2509635984897613
0.24325481057167053
0.23383297026157376
0.20728051662445068
0.1867237687110901
0.1738758087158203
0.14175589382648468
0.1353318989276886
0.13832975924015045
0.12119914591312408
0.11777301877737044
0.12376873940229416
0.1271948665380478
0.131049245595932
0.10021413117647172
0.08522483706474304
0.2955031991004944
0.5918629765510559
0.8171306252479553
1.0
0.6171306371688843
0.0985010713338852
0.005567451938986777
0.011134903877973557
0.06638115644454956
0.11691648513078688
0.13447538018226624
0.13062098622322083
0.13875803351402283
0.14603854715824127
0.14389722049236295
0.15417559444904327
0.1430406868457794
0.15289078652858734
0.15203426778316495
0.15417559444904327
0.15117773413658142
0.15374732017517087
0.1657387614250183
0.0
0.0
0.0
0.0
0.0
0.0
0.0
0.0
0.0
0.0
0.0
0.0
