0.9279279112815858
0.807593286037445
0.3687258660793304
0.0617760606110096
0.0
0.21299871802330017
0.28378379344940186
0.29021880030632013
0.3191763162612915
0.3249678313732147
0.3243243098258972
0.33526384830474854
0.34169885516166687
0.3481338620185852
0.3526383638381958
0.36357787251472473
0.3661518692970276
0.37902188301086426
0.3899613916873932
0.39832690358161926
0.40733590722084045
0.4356499314308167
0.46138995885849
0.49485200643539434
0.5302445292472839
0.5701415538787842
0.6068211197853088
0.6492921710014343
0.6975547075271606
0.7175031900405884
0.7406692504882812
0.7509652376174927
0.7361647486686705
0.6879022121429443
0.6190476417541504
0.5418275594711304
0.4607464671134949
0.41184040904045105
0.3661518692970276
0.34555983543396
0.3236808180809021
0.31402832269668574
0.31788933277130127
0.30630630254745483
0.2992278039455414
0.3043757975101471
0.30180180072784424
0.30566281080245966
0.30180180072784424
0.30694979429244995
0.296010285615921
0.30694979429244995
0.30694979429244995
0.31145432591438293
0.31145432591438293
0.31081080436706543
0.31081080436706543
0.31467181444168085
0.315315306186676
0.31402832269668574
0.31724581122398376
0.315315306186676
0.3127413094043732
0.31145432591438293
0.32239383459091187
0.31788933277130127
0.3101673126220703
0.3082368075847626
0.30308881402015686
0.3011583089828491
0.2998712956905365
0.2992278039455414
0.29665380716323847
0.29858431220054626
0.2940797805786133
0.2940797805786133
0.2895752787590027
0.28828829526901245
0.2915057837963104
0.2850707769393921
0.28764477372169495
0.2908622920513153
0.28249678015708923
0.2850707769393921
0.2908622920513153
0.284427285194397
0.28314027190208435
0.28764477372169495
0.2850707769393921
0.2889317870140076
0.28700128197669983
0.2915057837963104
0.29021880030632013
0.2889317870140076
0.2850707769393921
0.2786357700824737
0.27799227833747864
0.2850707769393921
0.2812097668647766
0.29021880030632013
0.3198198080062866
0.3629343509674072
0.38867437839508057
0.4144144058227539
0.4414414465427399
0.419562429189682
0.37902188301086426
0.42985841631889343
0.38738739490509033
0.33526384830474854
0.2992278039455414
0.2773487865924835
0.276705265045166
0.2850707769393921
0.2857142984867096
0.27799227833747864
0.28378379344940186
0.28700128197669983
0.2805662751197815
0.3095238208770752
0.4305019378662109
0.45752894878387446
0.6293436288833617
1.0
0.8996139168739319
0.4671814739704132
0.13256113231182098
0.046332046389579766
0.2561132609844208
0.33783784508705134
0.33590734004974365
0.35971686244010925
