0.9653284549713135
0.9040145874023436
0.49708029627799993
0.21678832173347476
0.01386861316859722
0.0
0.05729927122592927
0.08722627907991409
0.0799270048737526
0.08467153459787367
0.08576641976833342
0.08941605687141417
0.09890510886907576
0.0996350347995758
0.0992700755596161
0.10729926824569702
0.1116788312792778
0.11824817210435867
0.12737226486206055
0.1332116723060608
0.1343065649271011
0.14927007257938385
0.15693430602550507
0.16824817657470703
0.17664232850074768
0.19124087691307068
0.2080291956663132
0.22956204414367676
0.2474452555179596
0.272627741098404
0.29708027839660645
0.3266423344612121
0.3499999940395355
0.3682481646537781
0.382846713066101
0.3872262835502625
0.3901459872722626
0.3682481646537781
0.3437956273555756
0.3124087452888489
0.27518248558044434
0.240510955452919
0.2113138735294342
0.19087591767311096
0.17299270629882812
0.15948905050754547
0.1481751799583435
0.13686130940914154
0.13941605389118195
0.13065692782402039
0.13102190196514127
0.12810218334197998
0.12481752038002014
0.12700730562210083
0.12481752038002014
0.12591241300106049
0.12554743885993955
0.12773722410202026
0.12956205010414124
0.12518247961997983
0.13029196858406067
0.131386861205101
0.12700730562210083
0.12299270182847977
0.12226277589797972
0.1237226277589798
0.12408759444952012
0.12481752038002014
0.1262773722410202
0.12007299065589903
0.11642336100339888
0.11824817210435867
0.11788321286439896
0.11788321286439896
0.11715328693389893
0.11386861652135848
0.11642336100339888
0.1142335757613182
0.11715328693389893
0.119343064725399
0.12189780920743942
0.12007299065589903
0.12080291658639908
0.12007299065589903
0.11861313879489899
0.12262773513793944
0.12007299065589903
0.1215328499674797
0.12189780920743942
0.12226277589797972
0.11861313879489899
0.12408759444952012
0.12737226486206055
0.12043795734643936
0.1237226277589798
0.12335766106843948
0.12700730562210083
0.12481752038002014
0.1288321167230606
0.12481752038002014
0.12737226486206055
0.12664233148097992
0.1262773722410202
0.12408759444952012
0.12299270182847977
0.12299270182847977
0.12408759444952012
0.12700730562210083
0.12700730562210083
0.1237226277589798
0.12700730562210083
0.12956205010414124
0.12737226486206055
0.13029196858406067
0.12737226486206055
0.12518247961997983
0.1284671574831009
0.1211678832769394
0.13102190196514127
0.12408759444952012
0.12518247961997983
0.12591241300106049
0.12445255368947981
0.12810218334197998
0.1262773722410202
0.12299270182847977
0.12226277589797972
0.12518247961997983
0.11970803141593932
0.12189780920743942
0.1434306502342224
0.16131386160850525
