0.9257995486259459
0.406396597623825
0.07547974586486816
0.0
0.04349680244922638
0.08187633007764816
0.1304904073476791
0.1402985006570816
0.14968016743659973
0.14712153375148773
0.1492537260055542
0.15266524255275726
0.16417910158634183
0.1633262187242508
0.15351812541484833
0.16162046790122983
0.16417910158634183
0.17526651918888092
0.17270788550376892
0.17910447716712952
0.1863539516925812
0.20042644441127777
0.1965884864330292
0.21535180509090424
0.2144989371299744
0.2196162045001984
0.24136459827423093
0.23880596458911893
0.25031983852386475
0.27078890800476074
0.2831556499004364
0.2899786829948425
0.3014925420284271
0.30063965916633606
0.2814498841762543
0.2601279318332672
0.24648188054561612
0.23496802151203156
0.20895522832870483
0.20639659464359283
0.19275052845478055
0.19872067868709564
0.18678037822246552
0.1918976604938507
0.1940298527479172
0.18294243514537809
0.19275052845478055
0.18848614394664764
0.19488273561000824
0.18933901190757751
0.18933901190757751
0.1970149278640747
0.19786781072616577
0.19019189476966855
0.19360341131687164
0.1940298527479172
0.1940298527479172
0.19573560357093808
0.19786781072616577
0.18933901190757751
0.19061833620071408
0.19104477763175964
0.18464818596839905
0.18805970251560208
0.18763326108455655
0.18422174453735352
0.19530916213989255
0.18166311085224152
0.18848614394664764
0.20213219523429873
0.2119403034448624
0.22089552879333496
0.22601279616355896
0.24648188054561612
0.27462685108184814
0.2805970013141632
0.2750532925128937
0.2537313401699066
0.22345416247844696
0.2221748381853104
0.1944562941789627
0.17910447716712952
0.15863539278507233
0.1543710082769394
0.15863539278507233
0.15095949172973633
0.1492537260055542
0.1479744166135788
0.15223880112171173
0.13475479185581207
0.12409381568431854
0.34925374388694763
0.6375266313552856
0.8498933911323547
1.0
0.5432835817337036
0.09424307197332382
0.04136460646986961
0.05159914866089821
0.10106609761714937
0.15650320053100583
0.1722814440727234
0.1697228103876114
0.18081022799015045
0.17313432693481445
0.17100213468074799
0.18507462739944455
0.1863539516925812
0.19573560357093808
0.19360341131687164
0.1889125853776932
0.18933901190757751
0.1940298527479172
0.20298507809638977
0.0
0.0
0.0
0.0
0.0
0.0
0.0
0.0
0.0
0.0
0.0
0.0
0.0
0.0
0.0
0.0
0.0
0.0
