1.0
0.2902970314025879
0.0
0.005148514639586209
0.0015841583954170346
0.048712871968746185
0.06415841728448868
0.07405940443277359
0.07207921147346497
0.07524752616882323
0.0788118839263916
0.08079207688570023
0.08079207688570023
0.0839603990316391
0.08673267066478729
0.09029702842235565
0.09623762220144272
0.09861385822296143
0.10178218036890029
0.10811880975961684
0.10891088843345642
0.11326732486486434
0.12158416211605072
0.12831683456897736
0.1370297074317932
0.145346537232399
0.15920792520046234
0.1706930696964264
0.1801980137825012
0.19445544481277463
0.20118811726570127
0.2134653478860855
0.2190099060535431
0.2249504923820496
0.2269306927919388
0.21782177686691284
0.2059405893087387
0.19722771644592285
0.18217821419239044
0.16910891234874725
0.14811880886554718
0.135049507021904
0.12396039813756941
0.114455446600914
0.11089108884334564
0.10376237332820892
0.10534653812646864
0.10336633771657944
0.10495049506425856
0.10297029465436935
0.10376237332820892
0.104158416390419
0.104158416390419
0.10534653812646864
0.10495049506425856
0.10495049506425856
0.10851485282182692
0.11287128925323486
0.11247524619102478
0.11524752527475356
0.11524752527475356
0.11564356088638304
0.11287128925323486
0.11603960394859313
0.11405940353870392
0.11207921057939528
0.10851485282182692
0.10772277414798737
0.10376237332820892
0.10217821598052979
0.1013861373066902
0.09861385822296143
0.09504950791597366
0.09227722883224489
0.0966336652636528
0.09346534311771391
0.09029702842235565
0.09069307148456573
0.08950494974851608
0.08792079240083694
0.08871287107467651
0.08712871372699738
0.08633663505315779
0.0891089141368866
0.0891089141368866
0.09029702842235565
0.08712871372699738
0.09742574393749236
0.11762376129627228
0.1425742506980896
0.1580197960138321
0.1528712809085846
0.14099009335041046
0.15524752438068387
0.15920792520046234
0.14455445110797882
0.1346534639596939
0.1500990092754364
0.10851485282182692
0.08831682801246643
0.06891088932752609
0.06574257463216782
0.06415841728448868
0.06019802019000053
0.056633662432432175
0.055445544421672814
0.054653465747833245
0.05623762309551239
0.05782178044319153
0.06138613820075989
0.0586138628423214
0.04396039620041847
0.05029702931642532
0.09861385822296143
0.29148516058921814
0.69108909368515
0.9706930518150328
0.42534652352333063
0.02059405855834484
0.014653465710580347
0.0
0.03643564507365227
0.05782178044319153
0.06891088932752609
0.07049504667520523
0.07049504667520523
0.07247524708509445
0.07524752616882323
0.07722771912813185
0.08277227729558943
0.08633663505315779
0.08554455637931822
