0.9559999704360962
0.4553333222866058
0.2160000056028366
0.0
0.02800000086426735
0.20666666328907007
0.24266666173934937
0.24666666984558103
0.2793333232402801
0.30399999022483826
0.31000000238418574
0.3073333203792572
0.312666654586792
0.32600000500679016
0.33399999141693115
0.3373333215713501
0.34599998593330383
0.35866665840148926
0.3700000047683716
0.37066665291786194
0.3959999978542328
0.41400000452995295
0.44600000977516174
0.46666666865348816
0.49666666984558105
0.5353333353996277
0.5693333148956299
0.5973333120346069
0.6226666569709778
0.6320000290870667
0.6433333158493042
0.6320000290870667
0.609333336353302
0.562666654586792
0.5206666588783264
0.4600000083446503
0.4006666541099548
0.3753333389759064
0.3400000035762787
0.3286666572093964
0.33000001311302185
0.30399999022483826
0.30666667222976685
0.3113333284854889
0.3086666762828827
0.30533334612846375
0.3000000119209289
0.3140000104904175
0.3153333365917206
0.31066668033599854
0.3086666762828827
0.31466665863990784
0.3199999928474426
0.3166666626930237
0.3179999887943268
0.3173333406448364
0.3253333270549774
0.32733333110809326
0.32066667079925537
0.31600001454353327
0.31000000238418574
0.31600001454353327
0.30799999833106995
0.30799999833106995
0.30933332443237305
0.29533332586288447
0.304666668176651
0.304666668176651
0.2980000078678131
0.29533332586288447
0.30133333802223206
0.30133333802223206
0.2919999957084656
0.29866665601730347
0.2993333339691162
0.29600000381469727
0.29600000381469727
0.29466667771339417
0.2919999957084656
0.2926666736602783
0.2939999997615814
0.28333333134651184
0.3019999861717224
0.33599999547004694
0.3493333458900452
0.36266666650772095
0.3853333294391632
0.4259999990463257
0.44933333992958074
0.45066666603088373
0.46200001239776606
0.41466665267944336
0.38333332538604736
0.3553333282470703
0.29866665601730347
0.281333327293396
0.281333327293396
0.2759999930858612
0.2853333353996277
0.28999999165534973
0.28333333134651184
0.2840000092983246
0.2873333394527436
0.38199999928474426
0.4480000138282776
0.5460000038146973
0.9046666622161864
1.0
0.6380000114440918
0.30066666007041926
0.06866666674613953
0.013333333656191824
0.23000000417232516
0.2906666696071625
0.2873333394527436
0.32133331894874567
0.33933332562446594
0.33666667342185974
0.3540000021457672
0.35866665840148926
0.363999992609024
0.36733332276344294
0.37333333492279047
0.38266667723655695
0.4000000059604645
0.41400000452995295
0.4153333306312561
0.4300000071525574
0.44933333992958074
0.4740000069141388
0.5040000081062317
0.5413333177566528
