0.9576349854469299
0.5581936836242676
0.28119179606437683
0.0
0.05865921825170517
0.18761639297008517
0.2756052017211914
0.27420857548713684
0.2979515790939331
0.29050278663635254
0.3147113621234894
0.32216015458106995
0.3133147060871124
0.33566108345985407
0.3263500928878784
0.34124767780303955
0.34078213572502136
0.32541900873184204
0.3533519506454468
0.3500930964946747
0.36731842160224915
0.3663873374462128
0.3556796908378601
0.3733705878257752
0.3701117336750031
0.3924581110477448
0.4110800623893738
0.4171322286128998
0.43389198184013367
0.4027001857757568
0.40409684181213373
0.37709498405456543
0.3361266255378723
0.33566108345985407
0.30540037155151367
0.3072625696659088
0.3114525079727173
0.2923649847507477
0.30959030985832214
0.2853817641735077
0.2979515790939331
0.3081936538219452
0.2918994426727295
0.3067970275878906
0.28724396228790283
0.3151769042015076
0.3370577394962311
0.3626629412174225
0.38687151670455927
0.38873371481895447
0.4366852939128876
0.4390130341053009
0.4427374303340912
0.4515828788280487
0.4115456342697144
0.3966480493545532
0.3649906814098358
0.30540037155151367
0.296089380979538
0.2686219811439514
0.27420857548713684
0.26722532510757446
0.2462756037712097
0.27374300360679626
0.2472067028284073
0.25186219811439514
0.2588454484939575
0.23463687300682068
0.28026071190834045
0.3463687002658844
0.7053072452545166
1.0
0.5977653861045836
0.39571693539619446
0.06657356023788452
0.0
0.13826815783977509
0.2304469347000122
0.2825884521007538
0.2732774615287781
0.2951582968235016
0.29934823513031006
0.2984171211719513
0.3263500928878784
0.3216946125030517
0.3230912387371063
0.0
0.0
0.0
0.0
0.0
0.0
0.0
0.0
0.0
0.0
0.0
0.0
0.0
0.0
0.0
0.0
0.0
0.0
0.0
0.0
0.0
0.0
0.0
0.0
0.0
0.0
0.0
0.0
0.0
0.0
0.0
0.0
0.0
0.0
0.0
0.0
0.0
0.0
0.0
0.0
0.0
0.0
0.0
0.0
0.0
0.0
