0.9140461087226868
0.4448637366294861
0.05953878536820412
0.006708595436066389
0.06037735939025879
0.0842767283320427
0.06876309961080551
0.060796644538640976
0.05744234845042229
0.06373165547847748
0.061215933412313454
0.07253668457269667
0.0662473812699318
0.06540880352258682
0.06666667014360428
0.0570230595767498
0.05953878536820412
0.06666667014360428
0.07295597344636917
0.08343815803527832
0.08637316524982451
0.09769392013549805
0.10566037893295288
0.12117400765419006
0.1345911920070648
0.14255765080451965
0.16268344223499298
0.18238992989063263
0.20628930628299716
0.24192872643470764
0.2763102650642395
0.30524107813835144
0.34758910536766047
0.3832285106182098
0.4226415157318115
0.42767295241355896
0.40670859813690186
0.3601677119731903
0.301048219203949
0.23941299319267273
0.17819707095623016
0.1429769396781921
0.11278825998306274
0.08888889104127885
0.07589098811149597
0.060796644538640976
0.060796644538640976
0.05576520040631294
0.05492662638425827
0.05408804863691329
0.04570230469107628
0.049475889652967446
0.05492662638425827
0.05450733751058578
0.0662473812699318
0.07085953652858734
0.07505241036415101
0.07840670645236969
0.07798742502927779
0.080922432243824
0.07798742502927779
0.08343815803527832
0.08218029141426086
0.08134172111749649
0.09224318712949754
0.0872117429971695
0.08385743945837021
0.0842767283320427
0.08218029141426086
0.09098532795906067
0.08679245412349701
0.09224318712949754
0.08385743945837021
0.07840670645236969
0.08176100999116898
0.06960167735815048
0.06834381818771361
0.06331236660480499
0.06666667014360428
0.07840670645236969
0.06876309961080551
0.07127882540225983
0.07547169923782349
0.09056603908538817
0.12830188870429993
0.1324947625398636
0.13752619922161102
0.15807127952575684
0.1647798717021942
0.16729559004306793
0.1429769396781921
0.13920335471630096
0.13375261425971985
0.1228511556982994
0.11865828186273573
0.09182389825582504
0.08888889104127885
0.08553458750247955
0.08511530607938766
0.08176100999116898
0.07295597344636917
0.07463312149047852
0.07505241036415101
0.07756813615560532
0.07966457307338713
0.06540880352258682
0.06331236660480499
0.06205450743436813
0.03941299766302109
0.0
0.13123689591884613
0.39538782835006714
0.9849056601524352
1.0
0.4595387876033783
0.10566037893295288
0.06163521856069565
0.1324947625398636
0.1471698135137558
0.14171907305717468
0.13710692524909973
0.13710692524909973
0.1345911920070648
0.13375261425971985
0.14171907305717468
0.1429769396781921
0.14046122133731842
0.1467505246400833
0.15136268734931943
0.161844864487648
0.15639412403106687
0.1677148789167404
