1.0
0.9338020086288451
0.44991213083267206
0.06092559918761253
0.12419449537992476
0.30872875452041626
0.3813708126544952
0.438195675611496
0.44288223981857294
0.44698300957679754
0.4487404823303223
0.4698301255702973
0.4657293558120728
0.47275921702384954
0.47393086552619934
0.47393086552619934
0.4751025140285492
0.48096075654029846
0.48096075654029846
0.48388987779617304
0.48564732074737543
0.4879906177520752
0.4967779815196991
0.49794963002204895
0.5067369937896729
0.5067369937896729
0.505565345287323
0.5155243277549744
0.5172817707061768
0.523140013217926
0.5219683647155762
0.528412401676178
0.5336848497390747
0.5360281467437744
0.5342706441879272
0.535442292690277
0.5477445721626282
0.5524311661720276
0.5606327056884766
0.5629760026931763
0.57469242811203
0.5805506706237793
0.5787932276725769
0.5606327056884766
0.5377855896949768
0.523140013217926
0.49443468451499933
0.4774458110332489
0.4610427618026733
0.4434680640697479
0.4346807301044464
0.4387814998626709
0.43409490585327143
0.4364382028579712
0.44229641556739807
0.4481546580791473
0.4528412520885468
0.45401290059089666
0.463971883058548
0.46807265281677246
0.4645577073097229
0.4657293558120728
0.47393086552619934
0.4745166897773743
0.47275921702384954
0.45928528904914856
0.45694199204444885
0.451083779335022
0.4440538883209229
0.4440538883209229
0.43585237860679626
0.4323374330997467
0.4282366633415222
0.4329232573509216
0.42120680212974554
0.41710603237152094
0.4182776808738709
0.42472174763679504
0.4188635051250458
0.4217926263809204
0.41534855961799616
0.4083186984062194
0.4071470499038696
0.4065612256526947
0.4071470499038696
0.42530757188797
0.42062097787857056
0.4159343838691712
0.4188635051250458
0.41710603237152094
0.4135910868644714
0.4135910868644714
0.41534855961799616
0.4089045226573944
0.42120680212974554
0.40773287415504456
0.41300526261329645
0.4089045226573944
0.4083186984062194
0.40773287415504456
0.3989455103874207
0.40421792864799494
0.4089045226573944
0.4106619656085968
0.4141769111156464
0.40304628014564514
0.4012888073921204
0.4024604558944702
0.40070298314094543
0.40304628014564514
0.4071470499038696
0.40011715888977045
0.4106619656085968
0.4399531483650208
0.46514353156089777
0.47217339277267456
0.4663151800632477
0.44639718532562256
0.42530757188797
0.43760985136032093
0.4282366633415222
0.43350908160209656
0.4235500991344452
0.4112477898597717
0.40011715888977045
0.3790275454521179
0.3807849884033203
0.3796133697032928
0.3796133697032928
0.38195663690567017
0.37785589694976807
0.3842999339103698
