0.9864141345024109
0.8497323989868163
0.3021819591522217
0.10703993588685988
0.07492795586585999
0.12844792008399963
0.15726636350154877
0.14532729983329773
0.14573898911476135
0.1523260623216629
0.14985591173171997
0.1576780527830124
0.15603129565715787
0.15932482481002808
0.16879373788833618
0.16426512598991394
0.16508851945400238
0.18196788430213928
0.18649649620056152
0.19637711346149445
0.19473034143447876
0.20543433725833887
0.21902017295360565
0.23384109139442444
0.25030878186225886
0.2573075294494629
0.2684232294559479
0.29394811391830444
0.3062988817691803
0.3314121067523956
0.3499382436275482
0.38863730430603033
0.39481267333030706
0.4149855971336365
0.4392754137516022
0.44668588042259216
0.4495677351951599
0.42610126733779913
0.4051049947738648
0.3635240793228149
0.3100041151046753
0.274186909198761
0.24619184434413907
0.21284478902816767
0.19349525868892667
0.18690818548202515
0.17414574325084686
0.1671469807624817
0.165500208735466
0.15891313552856445
0.17373405396938324
0.1803211271762848
0.17620420455932617
0.17538081109523773
0.17332234978675842
0.16961713135242462
0.1766158938407898
0.18114450573921204
0.18196788430213928
0.1679703593254089
0.17538081109523773
0.17249897122383115
0.17620420455932617
0.17208728194236755
0.18155619502067563
0.1671469807624817
0.1692054271697998
0.1671469807624817
0.1692054271697998
0.16632358729839325
0.16879373788833618
0.16344174742698667
0.16261836886405945
0.158089742064476
0.14903251826763153
0.15561959147453308
0.15973651409149167
0.158089742064476
0.15850144624710083
0.15932482481002808
0.16303005814552307
0.15561959147453308
0.15932482481002808
0.16508851945400238
0.158089742064476
0.15603129565715787
0.15850144624710083
0.18649649620056152
0.21490325033664703
0.2326060086488724
0.2536022961139679
0.25030878186225886
0.24948538839817047
0.25030878186225886
0.24536846578121185
0.23919308185577393
0.20831617712974548
0.17167559266090393
0.12885960936546323
0.1259777694940567
0.12103746086359024
0.11980238556861876
0.120214082300663
0.11486208438873292
0.11897900700569151
0.10045286267995834
0.11321531236171722
0.08027995377779008
0.0
0.006175380665808916
0.19678880274295807
0.6245368719100952
0.8410868644714355
1.0
0.6735281944274902
0.24948538839817047
0.11239193379878996
0.12186084687709808
0.14532729983329773
0.1770275831222534
0.1692054271697998
0.1708521991968155
0.17373405396938324
0.1786743551492691
0.1803211271762848
0.17167559266090393
0.19143681228160855
0.1902017295360565
0.1951420307159424
0.20172910392284396
0.1959654241800308
0.202964186668396
