0.9696394801139832
0.7261227369308471
0.3700189888477325
0.14294749498367307
0.048703353852033615
0.22011385858058927
0.31056293845176697
0.32384565472602844
0.3371284008026123
0.36053130030632013
0.3693864643573761
0.3725490272045136
0.3814041614532471
0.385831743478775
0.39595192670822144
0.4016445279121399
0.40037950873374933
0.41113218665122986
0.4212523698806762
0.4345351159572601
0.4389626681804657
0.45540797710418707
0.4826059341430664
0.5085389018058777
0.5388994216918945
0.5736875534057617
0.6027830243110657
0.6445288062095642
0.6609740853309631
0.6856420040130615
0.693864643573761
0.6907020807266235
0.6774193644523621
0.6394686698913574
0.5774825811386108
0.5287792682647705
0.467425674200058
0.4250474274158478
0.4048070907592773
0.3864642679691314
0.3700189888477325
0.37128400802612305
0.36559140682220453
0.36559140682220453
0.36242884397506714
0.3668564260005951
0.36242884397506714
0.36053130030632013
0.3580012619495392
0.36053130030632013
0.3630613684654236
0.3643263876438141
0.36179631948471064
0.36559140682220453
0.37128400802612305
0.3757115602493286
0.37128400802612305
0.37065148353576655
0.36622390151023854
0.3668564260005951
0.36242884397506714
0.3586337864398956
0.3580012619495392
0.3573687672615051
0.3592662811279297
0.34535104036331177
0.3491460978984833
0.35041114687919617
0.3510436415672302
0.3478810787200928
0.3580012619495392
0.34661605954170227
0.3516761660575866
0.3472485840320587
0.3485136032104492
0.3428210020065308
0.34661605954170227
0.3491460978984833
0.3409234583377838
0.3459835648536682
0.3402909636497497
0.34471854567527765
0.3421884775161743
0.3352308571338653
0.3352308571338653
0.33776092529296875
0.3542062044143677
0.378241628408432
0.40607210993766785
0.4168247878551483
0.45414295792579645
0.4705882370471954
0.44592031836509693
0.4282099902629852
0.45034787058830256
0.38962683081626887
0.3668564260005951
0.32131561636924744
0.3168880343437195
0.30866539478302
0.311195433139801
0.30550283193588257
0.30487033724784846
0.311195433139801
0.2947501540184021
0.29538267850875854
0.31182795763015747
0.44465526938438416
0.47185325622558594
0.6230233907699585
1.0
0.917141020298004
0.4231499135494232
0.1593927890062332
0.0
0.13535736501216888
0.2783048748970032
0.2972801923751831
0.303605318069458
0.33270081877708435
0.34408602118492126
0.3516761660575866
0.35989880561828613
0.36116382479667664
0.3693864643573761
0.37065148353576655
0.38077166676521296
0.3870967626571655
0.3820366859436035
0.39152434468269354
0.41049969196319586
0.4225173890590668
