0.9685981869697571
0.5582928657531737
0.02133934758603573
0.003816793905571103
0.031922277063131325
0.09368494153022766
0.08448993414640425
0.09264399856328963
0.08952116221189499
0.09125607460737228
0.10253296047449112
0.10097154974937438
0.10756418853998184
0.11103400588035583
0.1124219298362732
0.12317834794521332
0.123872309923172
0.1393129825592041
0.1467730700969696
0.15440666675567627
0.17904232442378995
0.19083969295024872
0.21061763167381287
0.23213046789169312
0.2614503800868988
0.2918112277984619
0.3108952045440674
0.329285204410553
0.3332754969596863
0.3350104093551636
0.3148854970932007
0.2638792395591736
0.22536432743072507
0.1851145029067993
0.14816099405288696
0.11953504383563995
0.0997571125626564
0.09437890350818634
0.08743927627801894
0.07997918128967285
0.07997918128967285
0.08119361847639085
0.0791117250919342
0.07824427634477614
0.07685635238885878
0.0751214399933815
0.07789729535579681
0.0796322003006935
0.08587786555290222
0.0831020101904869
0.08466342836618422
0.08518390357494354
0.08934767544269562
0.08206106722354889
0.07772380113601683
0.08518390357494354
0.08501040935516357
0.08049965649843216
0.08396946638822556
0.07876474410295486
0.08344899117946623
0.07408049702644348
0.0751214399933815
0.07390701025724411
0.07685635238885878
0.07390701025724411
0.06887578219175339
0.07755031436681747
0.07408049702644348
0.07616239041090012
0.07893823832273483
0.06627342104911804
0.0676613450050354
0.07286606729030609
0.07425399124622345
0.07303955405950546
0.06436502188444138
0.06887578219175339
0.0659264400601387
0.064191535115242
0.06800832599401474
0.0699167251586914
0.07026370614767075
0.06731436401605606
0.05916030704975128
0.0676613450050354
0.07269257307052611
0.09680777043104173
0.1032269224524498
0.09351144731044768
0.11155447363853455
0.09195003658533096
0.08795975148677827
0.09212352335453032
0.08778625726699829
0.07147814333438873
0.06453851610422134
0.06453851610422134
0.06505898386240005
0.057425398379564285
0.06263011693954468
0.057945869863033295
0.06072172150015831
0.06158917397260666
0.03244274854660034
0.0
0.08865371346473692
0.32824426889419556
0.7354267835617065
1.0
0.6634281873703003
0.07824427634477614
0.002081887563690543
0.03487161546945572
0.09351144731044768
0.09177654236555101
0.08292852342128754
0.09073559939861296
0.09576682746410368
0.09559334069490431
0.10253296047449112
0.1066967397928238
0.1089521199464798
0.10808466374874114
0.11415683478116988
0.12092296779155733
0.12699514627456665
0.1393129825592041
0.15405967831611633
0.16637751460075378
0.0
0.0
