1.0
0.9297658801078796
0.5213210582733153
0.23411370813846588
0.07148829102516174
0.01212374586611986
0.09364548325538637
0.14423076808452606
0.14632107317447662
0.14548495411872864
0.147575244307518
0.16178929805755615
0.1642976552248001
0.1642976552248001
0.16555184125900269
0.16471572220325467
0.16053511202335355
0.16722407937049863
0.17725752294063568
0.17809364199638367
0.17725752294063568
0.1839464902877808
0.17976588010787964
0.19481605291366577
0.2048494964838028
0.2265886217355728
0.23662208020687103
0.2566889524459839
0.2796822786331177
0.3127090334892273
0.3277592062950134
0.34866219758987427
0.3582775890827179
0.3695652186870575
0.3699832856655121
0.3628762662410736
0.3419732451438904
0.3056020140647888
0.27132105827331543
0.2437290996313095
0.21321070194244385
0.1923076957464218
0.17767558991909027
0.17182274162769315
0.16555184125900269
0.16513377428054807
0.16722407937049863
0.17516721785068512
0.17976588010787964
0.17809364199638367
0.1818561851978302
0.18729096651077273
0.17767558991909027
0.17433109879493713
0.17934782803058624
0.17767558991909027
0.1831103712320328
0.17767558991909027
0.17224080860614777
0.1626254171133041
0.16889631748199463
0.17474916577339172
0.16806019842624664
0.16764214634895325
0.1739130467176437
0.16806019842624664
0.16346153616905212
0.1584448218345642
0.1538461595773697
0.14548495411872864
0.14506688714027405
0.14841137826442719
0.14632107317447662
0.1513377875089645
0.15050166845321655
0.1421404629945755
0.1417224109172821
0.14381271600723267
0.14088629186153412
0.15091973543167114
0.14590300619602203
0.15091973543167114
0.14924749732017517
0.14339464902877808
0.147575244307518
0.1513377875089645
0.15635451674461365
0.14924749732017517
0.15050166845321655
0.14882943034172058
0.15091973543167114
0.1584448218345642
0.16178929805755615
0.16638796031475067
0.18561872839927676
0.20066890120506287
0.2370401322841644
0.24749164283275604
0.2571070194244385
0.2558528482913971
0.24122074246406555
0.2157190591096878
0.20819397270679477
0.18561872839927676
0.1421404629945755
0.11245819181203842
0.10911371558904648
0.10869564861059187
0.10953177511692049
0.10618729144334792
0.11538461595773696
0.09406354278326033
0.09824414551258089
0.17265886068344116
0.5196488499641417
0.954431414604187
0.8628762364387512
0.5806856155395508
0.2788461446762085
0.09155518561601639
0.0
0.07065217196941376
0.13461539149284363
0.13336120545864105
0.12876254320144653
0.1421404629945755
0.15217390656471252
0.15175585448741913
0.1592809408903122
0.16596989333629608
0.17683947086334229
0.19397993385791776
