0.944091498851776
0.987928867340088
0.5320838689804077
0.26175349950790405
0.13405336439609528
0.126429483294487
0.07655654102563858
0.055273190140724175
0.04351969435811042
0.04415502026677132
0.044472679495811455
0.04002541303634644
0.03875476494431496
0.038119442760944366
0.03780177980661392
0.04701397567987441
0.05273189395666122
0.057496823370456696
0.06099110469222069
0.0632147416472435
0.07401524484157562
0.08036848902702332
0.093710295855999
0.10451079905033112
0.11880558729171752
0.13087674975395203
0.1391359567642212
0.15184244513511655
0.17884370684623718
0.19282083213329315
0.2131512016057968
0.23189327120780945
0.24047014117240903
0.25603556632995605
0.26016518473625183
0.2544472813606262
0.2512706518173218
0.2280813157558441
0.19377382099628448
0.16804319620132446
0.1470775157213211
0.12897077202796936
0.11912325024604796
0.10641676932573318
0.08989834785461426
0.08354511111974716
0.08576874434947966
0.0908513367176056
0.1022871658205986
0.10006353259086607
0.10006353259086607
0.10609911382198332
0.1114993616938591
0.10768742114305496
0.1022871658205986
0.09688691049814224
0.09180431813001633
0.08989834785461426
0.08767471462488174
0.08958068490028381
0.07973316311836241
0.06893265247344971
0.06702668219804764
0.058767471462488174
0.058767471462488174
0.05622617527842522
0.05781448632478713
0.058132145553827286
0.05654383823275566
0.05432020500302314
0.056861501187086105
0.055273190140724175
0.058132145553827286
0.05717916041612625
0.05368487909436226
0.056861501187086105
0.05908513441681862
0.06289707869291306
0.0540025420486927
0.056861501187086105
0.056861501187086105
0.06385006010532379
0.06925031542778015
0.07337992638349533
0.07242693752050398
0.07242693752050398
0.07020330429077148
0.07115629315376282
0.06702668219804764
0.06512071192264557
0.06734434515237808
0.06448538601398468
0.06257941573858261
0.0632147416472435
0.07655654102563858
0.07719186693429946
0.0775095298886299
0.07846251875162125
0.07560355961322784
0.07337992638349533
0.06797967106103897
0.06416772305965424
0.06925031542778015
0.07465057075023651
0.07242693752050398
0.07274460047483443
0.07147394865751265
0.06543837487697601
0.058132145553827286
0.05844980850815773
0.05050826072692871
0.046060990542173386
0.044790342450141914
0.044472679495811455
0.04415502026677132
0.03875476494431496
0.031130876392126083
0.02477763593196869
0.021601015701889992
0.02096569165587425
0.025730622932314873
0.027954256162047383
0.056861501187086105
0.0832274481654167
0.07147394865751265
0.06925031542778015
0.08259212225675584
0.0832274481654167
0.04574332758784294
0.030495552346110344
0.02954256720840931
0.02636594697833061
