0.9086469411849976
0.21631714701652527
0.0
0.036196496337652206
0.046538349241018295
0.029876472428441048
0.010341855697333813
0.00976730789989233
0.012927319854497908
0.018098248168826103
0.004021832719445229
0.007469118107110263
0.015800056979060173
0.008905487135052681
0.008905487135052681
0.0051709278486669055
0.01321459375321865
0.013789140619337559
0.018672795966267582
0.029589198529720303
0.0281528290361166
0.03016374632716179
0.041654698550701134
0.05458201840519905
0.06894570589065552
0.0930766984820366
0.11462223529815672
0.1419132500886917
0.165469691157341
0.20022982358932492
0.22234989702701569
0.24561907351017
0.26745188236236567
0.2746337354183197
0.26084458827972407
0.23585176467895508
0.19362252950668332
0.14737144112586975
0.1126113161444664
0.08216030150651932
0.05458201840519905
0.04538925737142562
0.03447285294532776
0.037920139729976654
0.038207411766052246
0.03677104413509369
0.038207411766052246
0.041654698550701134
0.03389830514788628
0.04280379042029381
0.047400172799825675
0.05573111027479172
0.057167481631040566
0.06032749265432358
0.06377477943897247
0.06032749265432358
0.059465669095516205
0.06578569114208221
0.06377477943897247
0.066360242664814
0.07066934555768967
0.06923297792673111
0.06549841910600662
0.06722206622362137
0.06923297792673111
0.06722206622362137
0.06348749995231628
0.06406205147504807
0.06549841910600662
0.059752944856882095
0.06233840808272362
0.062051136046648026
0.06865843385457993
0.06348749995231628
0.06147658824920654
0.06348749995231628
0.0629129558801651
0.06434932351112366
0.06061476469039917
0.057167481631040566
0.05831657722592354
0.057167481631040566
0.0629129558801651
0.061189312487840646
0.06233840808272362
0.06521114706993103
0.06808388233184814
0.0660729706287384
0.06750933825969696
0.06147658824920654
0.06492387503385544
0.06779661029577255
0.06492387503385544
0.06664751470088959
0.06779661029577255
0.0660729706287384
0.06837115436792374
0.07382936030626297
0.07066934555768967
0.07382936030626297
0.07497845590114594
0.07268026471138
0.07153116911649704
0.06980752944946289
0.07009480148553848
0.06980752944946289
0.07354208827018738
0.0861821323633194
0.10686584562063216
0.10686584562063216
0.12266589701175688
0.13817869126796722
0.15311692655086517
0.16288423538208008
0.1651824116706848
0.14708417654037476
0.1384659558534622
0.11289859563112258
0.0830221176147461
0.06808388233184814
0.06578569114208221
0.0629129558801651
0.06377477943897247
0.05831657722592354
0.06320022791624069
0.06492387503385544
0.062051136046648026
0.06377477943897247
0.027291009202599525
0.1933352500200272
0.5107727646827698
0.8609594702720642
