1.0
0.8072887659072877
0.4075096547603607
0.15461070835590363
0.18056322634220123
0.19381557404994965
0.180011048913002
0.17504140734672546
0.1711761504411697
0.1728326827287674
0.17780232429504395
0.17669795453548431
0.17890667915344238
0.16786305606365204
0.1711761504411697
0.17780232429504395
0.1794588565826416
0.17669795453548431
0.1728326827287674
0.18221977353096008
0.18829375505447388
0.1921590268611908
0.2015461027622223
0.21148537099361417
0.2181115448474884
0.22032026946544647
0.2313638925552368
0.24185532331466675
0.2551076710224152
0.27664273977279663
0.29872998595237726
0.32854777574539185
0.35726118087768555
0.3859745860099792
0.4290447235107422
0.4483710527420044
0.46383213996887207
0.4500276148319244
0.4218663573265076
0.3821093440055847
0.3384870290756225
0.2854776382446289
0.25234678387641907
0.21479845046997073
0.1888459473848343
0.17890667915344238
0.16234125196933746
0.1662065088748932
0.16289342939853668
0.15847598016262054
0.15240198373794556
0.15461070835590363
0.15571507811546323
0.1601325273513794
0.1507454514503479
0.14246273040771484
0.14356708526611328
0.15958033502101898
0.1535063534975052
0.14908890426158905
0.1479845345020294
0.15129762887954712
0.15240198373794556
0.15792380273342133
0.14853672683238983
0.14853672683238983
0.14522363245487213
0.13638873398303983
0.1380452811717987
0.13307565450668335
0.12755383551120758
0.134732186794281
0.13307565450668335
0.11761457473039628
0.10657095164060593
0.1253451108932495
0.1154058501124382
0.11154058575630188
0.11982329934835433
0.10491441190242767
0.10767531394958496
0.1027056872844696
0.09773606061935423
0.09718387573957443
0.09497515112161635
0.10104914754629137
0.1093318611383438
0.10712313652038574
0.10381004959344864
0.10491441190242767
0.11319712549448012
0.10767531394958496
0.10215350985527039
0.10160132497549056
0.10160132497549056
0.09110988676548003
0.10215350985527039
0.09552733600139618
0.10215350985527039
0.10215350985527039
0.11098840087652206
0.11982329934835433
0.15461070835590363
0.17504140734672546
0.1673108786344528
0.16565433144569397
0.17890667915344238
0.18829375505447388
0.17780232429504395
0.1446714550256729
0.1446714550256729
0.13141910731792447
0.11374931037425993
0.1093318611383438
0.09773606061935423
0.090005524456501
0.08448371291160582
0.09387078881263733
0.09497515112161635
0.08834897726774214
0.08448371291160582
0.07288790494203566
0.0
0.029265599325299263
0.3401435613632202
0.9094423055648804
0.9260077476501466
0.6499171853065491
0.22197680175304407
0.07344008982181549
0.1380452811717987
0.14246273040771484
