0.9665246605873109
0.8648813366889954
0.45404747128486633
0.23371881246566767
0.15033476054668427
0.1107729747891426
0.0888618379831314
0.09129641205072403
0.05051734670996665
0.06755933910608292
0.052951917052268975
0.04869141802191734
0.05782105773687363
0.02738892287015915
0.06208155676722527
0.06329884380102158
0.08277541399002075
0.09555690735578537
0.07242848724126814
0.097991481423378
0.09007912129163742
0.07486305385828018
0.09616555273532867
0.08338405191898347
0.12477175891399384
0.13511867821216583
0.12903225421905515
0.16007304191589355
0.14242239296436307
0.19415703415870664
0.20693852007389069
0.22519780695438385
0.2525867223739624
0.25441265106201166
0.2994522154331207
0.31223371624946594
0.3073645830154419
0.3091905117034912
0.2556299567222595
0.2799756526947021
0.23797930777072904
0.21485088765621185
0.19780889153480527
0.16129031777381897
0.1521606743335724
0.13511867821216583
0.12051126360893248
0.12903225421905515
0.10103469341993332
0.12720632553100583
0.12598904967308044
0.12416311353445052
0.1308581829071045
0.10651247948408125
0.1442483216524124
0.12903225421905515
0.12964090704917908
0.1314668357372284
0.1223371848464012
0.1539866030216217
0.12903225421905515
0.11868533492088316
0.12598904967308044
0.1101643368601799
0.12781497836112976
0.12294583022594452
0.11685940623283386
0.11442483216524124
0.0998174101114273
0.12538039684295654
0.1211199015378952
0.11625076085329056
0.12051126360893248
0.09677419066429138
0.12051126360893248
0.09251369535923004
0.10042604804039
0.11138162016868591
0.09007912129163742
0.11929397284984589
0.09190504997968672
0.09129641205072403
0.10894704610109328
0.08094948530197142
0.12964090704917908
0.09494826197624207
0.09860011935234067
0.09433962404727936
0.09190504997968672
0.11442483216524124
0.09677419066429138
0.09677419066429138
0.1107729747891426
0.08825319260358809
0.12659768760204315
0.10712111741304396
0.11259890347719193
0.11868533492088316
0.10772976279258728
0.143031045794487
0.11868533492088316
0.12051126360893248
0.11503347754478455
0.09494826197624207
0.12538039684295654
0.11259890347719193
0.1199026182293892
0.12051126360893248
0.10225197672843932
0.13755325973033905
0.11868533492088316
0.13694460690021515
0.20024345815181727
0.1771150380373001
0.23493608832359317
0.19415703415870664
0.21728545427322388
0.25745588541030884
0.1856360286474228
0.1758977472782135
0.1418137550354004
0.13816189765930176
0.1095556914806366
0.07790626585483551
0.09312234073877335
0.06877662986516953
0.07790626585483551
0.08642726391553879
0.043213631957769394
0.0
0.14485697448253632
0.5118685364723206
