0.9913129806518554
0.6090841293334961
0.11863986402750017
0.032017871737480164
0.06676594913005829
0.05137751251459122
0.043186895549297326
0.03698188066482544
0.04120128974318504
0.037478283047676086
0.04293869435787201
0.043186895549297326
0.045917101204395294
0.056589726358652115
0.053859516978263855
0.05485232174396514
0.06552494317293167
0.063787542283535
0.0709853544831276
0.07545296847820283
0.08016877621412277
0.0846363827586174
0.09108959883451459
0.10920824110507964
0.12062546610832214
0.13229088485240936
0.15487714111804962
0.16579796373844147
0.18912881612777707
0.21196326613426208
0.2305783033370972
0.25539836287498474
0.2737652063369751
0.2891536355018616
0.2824522256851196
0.2581285536289215
0.23256391286849973
0.18912881612777707
0.14767932891845703
0.10796723514795303
0.08116158097982407
0.06651774793863297
0.043931495398283005
0.03623728081583977
0.030032265931367878
0.024820053949952126
0.026061058044433597
0.023330850526690483
0.031025068834424015
0.03052866645157337
0.0302804671227932
0.037974681705236435
0.03425167500972748
0.04020848870277405
0.04169769212603569
0.04244229197502136
0.04690990224480629
0.04095308855175972
0.04169769212603569
0.03499627858400345
0.0344998762011528
0.03847108408808708
0.03325887396931648
0.04020848870277405
0.035244476050138474
0.0302804671227932
0.0354926772415638
0.027798460796475407
0.03301067277789116
0.02903946302831173
0.02705385908484459
0.03574087843298912
0.029535865411162376
0.034003473818302155
0.03698188066482544
0.028791263699531555
0.0302804671227932
0.024820053949952126
0.03127326816320419
0.03152146935462952
0.027798460796475407
0.03052866645157337
0.02804666198790073
0.0344998762011528
0.03325887396931648
0.02928766421973705
0.03499627858400345
0.032017871737480164
0.04542069882154465
0.048399105668067925
0.05286671593785285
0.05832712724804878
0.05137751251459122
0.05882352963089943
0.06105733290314674
0.05336311832070351
0.05088111013174057
0.04244229197502136
0.0501365102827549
0.03425167500972748
0.018366839736700055
0.018863242119550705
0.015636634081602097
0.016381235793232914
0.016133034601807594
0.014147431589663029
0.01712583750486374
0.016381235793232914
0.02060064487159252
0.012658228166401386
0.0
0.0054604122415184975
0.19707123935222623
0.5217175483703613
0.8064035773277282
1.0
0.646562397480011
0.13651029765605927
0.03896748647093773
0.06552494317293167
0.0501365102827549
0.03822288289666176
0.031025068834424015
0.03301067277789116
0.030032265931367878
0.034003473818302155
0.03822288289666176
0.04070489108562469
0.05361131951212882
0.053859516978263855
0.050632912665605545
0.05683792382478713
