1.0
0.7205215692520142
0.29138320684432983
0.12981858849525452
0.130952388048172
0.10034013539552689
0.08560090512037277
0.06916099786758423
0.0714285746216774
0.08219954371452332
0.08049886673688889
0.07426303625106812
0.07936508208513261
0.08560090512037277
0.09297052025794984
0.09070295095443724
0.09240362793207169
0.10941042751073836
0.11678004264831542
0.11224489659070969
0.115079365670681
0.12925170361995697
0.14569160342216492
0.15419501066207883
0.16836734116077423
0.18990929424762723
0.20464852452278137
0.21995465457439425
0.2312925159931183
0.2698412835597992
0.28854876756668085
0.31122449040412903
0.32879817485809326
0.33616781234741205
0.32993197441101074
0.31179139018058777
0.28458049893379206
0.24376417696475983
0.20068027079105377
0.1785714328289032
0.1468254029750824
0.12981858849525452
0.12358276546001434
0.11848072707653044
0.09807255864143373
0.09467120468616483
0.10884353518486022
0.10487528145313262
0.09410430490970612
0.09750566631555556
0.11621315032243729
0.11394558101892471
0.11224489659070969
0.12131519615650176
0.12018140405416489
0.10997732728719713
0.12868480384349823
0.130952388048172
0.12471655011177062
0.10827664285898209
0.11564625799655914
0.11734694242477416
0.10430838912725449
0.1031746044754982
0.10884353518486022
0.10997732728719713
0.10884353518486022
0.09467120468616483
0.09920635074377061
0.09467120468616483
0.08333333581686019
0.08673469722270964
0.09523809701204303
0.09920635074377061
0.08730158954858781
0.08900226652622224
0.09297052025794984
0.12981858849525452
0.15079365670681
0.16326530277729034
0.17573696374893188
0.2182539701461792
0.21485260128974917
0.22392290830612183
0.2460317462682724
0.2182539701461792
0.14229024946689603
0.10374149680137634
0.07823128998279572
0.06519274413585663
0.058390021324157715
0.049319729208946235
0.04308389872312546
0.052721086889505386
0.04761904850602149
0.03628117963671684
0.02154194936156273
0.03401360660791397
0.04421768710017204
0.02947845868766308
0.0
0.04705215245485306
0.31519272923469543
0.84863942861557
0.8922902345657348
0.5748299360275269
0.22505669295787809
0.115079365670681
0.09977324306964874
0.07653061300516129
0.0714285746216774
0.06405895948410034
0.0714285746216774
0.06916099786758423
0.0674603208899498
0.0674603208899498
0.07256235927343369
0.07369614392518997
0.07596372067928314
0.08049886673688889
0.08333333581686019
0.08843537420034409
0.09920635074377061
0.10827664285898209
0.10941042751073836
0.11678004264831542
0.13945578038692474
0.14455781877040863
0.0
0.0
0.0
0.0
