1.0
0.9740496873855591
0.6162280440330504
0.2902046740055084
0.07017543911933899
0.0
0.05043859779834747
0.09356725215911864
0.09247075766324997
0.08698830753564833
0.08808479458093643
0.09722222387790681
0.09356725215911864
0.10307017713785172
0.10562865436077117
0.10891813039779664
0.11659356951713562
0.12024854123592375
0.1242690086364746
0.1319444477558136
0.14254385232925415
0.14802631735801697
0.15423975884914398
0.16776315867900848
0.16922514140605927
0.18421052396297452
0.19773392379283905
0.22404970228672028
0.24378654360771176
0.2770467698574066
0.29678362607955927
0.3260233998298645
0.34247076511383057
0.35928362607955927
0.35928362607955927
0.36549708247184753
0.3622075915336609
0.33735379576683044
0.30116960406303406
0.2627924084663391
0.23501461744308472
0.20248538255691528
0.16959063708782196
0.15643274784088135
0.14473684132099152
0.14144736528396606
0.12061403691768646
0.11440058797597884
0.11293859779834747
0.09685672819614409
0.09429824352264403
0.10051169246435164
0.10635964572429656
0.1111111119389534
0.10782163590192793
0.11001461744308472
0.11147660762071608
0.11293859779834747
0.11403508484363556
0.11330409348011015
0.11220759898424149
0.10928362607955933
0.10928362607955933
0.10014619678258896
0.10233917832374571
0.10709064453840256
0.10562865436077117
0.10928362607955933
0.11257310211658476
0.10891813039779664
0.1034356728196144
0.10964912176132202
0.1118421033024788
0.09758771955966947
0.10051169246435164
0.0964912250638008
0.1041666641831398
0.09393274784088135
0.09210526198148727
0.10526315867900848
0.11257310211658476
0.10197368264198305
0.09978070110082625
0.10745614022016524
0.1111111119389534
0.11147660762071608
0.10160818696022032
0.09758771955966947
0.10782163590192793
0.10562865436077117
0.09904970973730089
0.09831871092319489
0.09685672819614409
0.10709064453840256
0.10124269127845764
0.10453216731548308
0.10307017713785172
0.10124269127845764
0.10818713158369064
0.10160818696022032
0.10672514885663986
0.0964912250638008
0.09904970973730089
0.09831871092319489
0.10964912176132202
0.12097953259944916
0.13084794580936432
0.15752923488616943
0.17616958916187286
0.20248538255691528
0.21747076511383057
0.23355263471603396
0.23903508484363556
0.22551169991493225
0.19627192616462708
0.20504385232925412
0.17726607620716095
0.12024854123592375
0.09173976629972458
0.0964912250638008
0.08845029026269911
0.08516082167625427
0.0910087749361992
0.0767543837428093
0.04459064453840256
0.11440058797597884
0.42836257815361023
0.8823099136352539
0.9470029473304749
0.7379385828971863
0.41410818696022034
0.1732456088066101
