1.0
0.5755395889282227
0.2343268245458603
0.02911956235766411
0.02672147937119007
0.07022953033447266
0.07434052973985672
0.06851661205291748
0.06817403435707092
0.06817403435707092
0.08290510624647139
0.07776635885238646
0.07331278175115585
0.08564577251672743
0.08701609820127486
0.09181226789951324
0.10037684440612792
0.09763617813587187
0.10071942210197447
0.1151079162955284
0.12812606990337372
0.1336074024438858
0.14251455664634705
0.1688934564590454
0.18568003177642825
0.2045221030712128
0.2302158325910568
0.26139089465141296
0.2922233641147613
0.3155190050601959
0.321000337600708
0.3388146758079529
0.3432682454586029
0.311750590801239
0.27201095223426813
0.2216512560844421
0.1781432032585144
0.14902363717556
0.12812606990337372
0.10620075464248656
0.09969167411327362
0.10380267351865768
0.09455292671918868
0.08872901648283005
0.08187735825777052
0.07810894399881363
0.08427543938159943
0.08701609820127486
0.0866735205054283
0.09523809701204303
0.07742377370595933
0.07639602571725845
0.0883864313364029
0.0866735205054283
0.08633093535900117
0.08461801707744598
0.07879410684108734
0.09249743074178696
0.09078451246023178
0.08427543938159943
0.08701609820127486
0.09078451246023178
0.08496060222387315
0.0866735205054283
0.08324768394231795
0.08633093535900117
0.08427543938159943
0.0835902690887451
0.08633093535900117
0.08804385364055634
0.08256252110004425
0.08016443997621536
0.08050702512264252
0.08187735825777052
0.07947927713394165
0.08427543938159943
0.0835902690887451
0.07776635885238646
0.0767386108636856
0.08119218796491624
0.07845152169466017
0.07399794459342957
0.08187735825777052
0.07879410684108734
0.0798218548297882
0.07468310743570326
0.08770126849412918
0.08016443997621536
0.07742377370595933
0.07845152169466017
0.0791366919875145
0.07708118855953217
0.07947927713394165
0.08324768394231795
0.07776635885238646
0.0729701966047287
0.07536827772855759
0.07536827772855759
0.08153477311134337
0.08324768394231795
0.10414525866508484
0.11990407854318617
0.12401507049798964
0.13292223215103147
0.15107913315296173
0.14457005262374875
0.15244947373867035
0.13326480984687805
0.13155190646648407
0.10414525866508484
0.08804385364055634
0.06920178234577179
0.06783144921064377
0.06646111607551575
0.06303528696298599
0.04693388193845749
0.0
0.08427543938159943
0.3227132558822632
0.6916752457618712
0.9948612451553344
0.6176772713661194
0.2617334723472595
0.04590613394975662
0.03014731034636497
0.06646111607551575
0.0798218548297882
0.07639602571725845
0.07708118855953217
0.07502569258213043
0.08119218796491624
0.0798218548297882
