0.9716867208480835
0.5572289228439331
0.12831325829029083
0.0
0.0801204815506935
0.12530121207237244
0.20602409541606903
0.21204818785190585
0.21144577860832212
0.22771084308624268
0.2234939783811569
0.23192770779132843
0.2186747044324875
0.23012048006057736
0.2240963876247406
0.24578313529491425
0.2415662705898285
0.24578313529491425
0.25963854789733887
0.26325300335884094
0.2897590398788452
0.27710843086242676
0.3048192858695984
0.3054216802120209
0.34337350726127625
0.3548192679882049
0.3801204860210418
0.4048192799091339
0.4445783197879791
0.4632530212402344
0.5030120611190796
0.48253011703491205
0.5042168498039246
0.483132541179657
0.4614457786083221
0.4240963757038117
0.4030120372772217
0.35783132910728455
0.33012047410011286
0.30060240626335144
0.2993975877761841
0.2927710711956024
0.25662651658058167
0.266867458820343
0.2734939754009247
0.2650602459907532
0.2704819142818451
0.27469879388809204
0.2765060365200043
0.26927709579467773
0.28192770481109614
0.28253012895584106
0.28915661573410034
0.28915661573410034
0.28012049198150635
0.29457831382751465
0.2897590398788452
0.2873494029045105
0.28915661573410034
0.28192770481109614
0.287951797246933
0.2765060365200043
0.2644578218460083
0.2590361535549164
0.27771085500717163
0.27469879388809204
0.2680722773075104
0.28012049198150635
0.28192770481109614
0.26626506447792053
0.26024097204208374
0.2536144554615021
0.2795180678367615
0.2614457905292511
0.2837349474430084
0.28855422139167786
0.3192771077156067
0.3746987879276276
0.36144578456878657
0.37349396944046015
0.3548192679882049
0.37108433246612554
0.32048192620277405
0.2927710711956024
0.29759037494659424
0.2734939754009247
0.23855420947074887
0.2409638613462448
0.23734939098358157
0.23975904285907745
0.22710843384265897
0.2192771136760712
0.22048193216323847
0.23192770779132843
0.22590361535549164
0.2409638613462448
0.20361445844173431
0.14277108013629913
0.24879518151283264
0.5572289228439331
0.733132541179657
1.0
0.5927711129188538
0.1265060305595398
0.03313253074884415
0.11385542154312132
0.19096384942531583
0.23253011703491208
0.22289156913757324
0.22048193216323847
0.24879518151283264
0.23253011703491208
0.2439759075641632
0.2572289109230041
0.2536144554615021
0.24036145210266116
0.2524096369743347
0.2560240924358368
0.0
0.0
0.0
0.0
0.0
0.0
0.0
0.0
0.0
0.0
0.0
0.0
0.0
0.0
