0.9374613165855408
0.727554202079773
0.4978328049182892
0.30247679352760315
0.17306502163410187
0.14303405582904816
0.11207430064678192
0.10340557247400284
0.0953560397028923
0.0941176488995552
0.091640867292881
0.09009288251399994
0.09226006269454957
0.08142414689064026
0.091640867292881
0.08699690550565718
0.09318885207176208
0.09226006269454957
0.09318885207176208
0.09721362590789795
0.08916408568620682
0.10061919689178465
0.10495355725288393
0.09752321988344193
0.10959752649068832
0.1074303388595581
0.13250774145126343
0.14829722046852112
0.1582043319940567
0.18297213315963745
0.19133126735687253
0.20835913717746732
0.2232198119163513
0.23374612629413605
0.2371516972780228
0.23188854753971097
0.22074303030967712
0.19349844753742215
0.18544891476631165
0.1650154739618301
0.15015479922294617
0.13374613225460052
0.13065014779567719
0.12229102104902267
0.1232198178768158
0.12569659948349
0.11795665323734283
0.12105263024568556
0.12198142707347868
0.12724457681179047
0.11919504404067992
0.12507739663124084
0.12631578743457794
0.12631578743457794
0.1303405612707138
0.12848296761512756
0.1287925690412521
0.12941177189350128
0.13095974922180176
0.13219814002513883
0.13188853859901428
0.12383900582790373
0.12941177189350128
0.12569659948349
0.1287925690412521
0.11888545006513596
0.11145510524511336
0.1182662546634674
0.11702786386013032
0.10650154948234558
0.10835913568735123
0.1037151739001274
0.10309597849845886
0.10681114345788956
0.10464396327733992
0.11238390207290648
0.10495355725288393
0.10000000149011612
0.08916408568620682
0.11795665323734283
0.12972135841846466
0.13095974922180176
0.1352941244840622
0.15758514404296875
0.1764705926179886
0.18544891476631165
0.19009287655353543
0.1504644006490707
0.12229102104902267
0.10557275265455245
0.0953560397028923
0.09318885207176208
0.091640867292881
0.09318885207176208
0.09752321988344193
0.0832817330956459
0.05294117704033852
0.0
0.06439628452062607
0.27120742201805115
0.6501547694206238
1.0
0.8507739901542662
0.599071204662323
0.3479876220226288
0.19473683834075928
0.13095974922180176
0.10216718167066574
0.06965944170951843
0.0712074339389801
0.062229100614786155
0.056346748024225235
0.052012383937835686
0.0507739931344986
0.05386997014284134
0.04736842215061188
0.04922600463032722
0.0
0.0
0.0
0.0
0.0
0.0
0.0
0.0
0.0
0.0
0.0
0.0
0.0
0.0
0.0
