1.0
0.672186553478241
0.1022304818034172
0.028050016611814495
0.05998648330569267
0.11710037291049956
0.11541061103343964
0.10679283738136292
0.11439675837755205
0.119297057390213
0.11912808567285536
0.12588712573051453
0.1299425512552261
0.13213923573493955
0.1312943547964096
0.13720852136611938
0.1437985748052597
0.14971274137496948
0.16171003878116608
0.17607299983501434
0.1880702972412109
0.2075025290250778
0.2284555584192276
0.25633659958839417
0.276613712310791
0.300439327955246
0.3271375596523285
0.3360932767391205
0.35028725862503046
0.3496113419532776
0.32950320839881897
0.29435619711875916
0.246367022395134
0.20378506183624268
0.16914498805999756
0.14261575043201447
0.12859073281288147
0.11456573009490965
0.10713078826665878
0.09969584643840787
0.1022304818034172
0.09783710539340974
0.0937816798686981
0.09479553997516632
0.09259884804487228
0.0922608971595764
0.09614734351634979
0.09648530185222624
0.097161203622818
0.09411963820457457
0.09631632268428801
0.10442717373371124
0.1032443419098854
0.09749915450811386
0.09766813367605208
0.0981750562787056
0.09901993721723555
0.09479553997516632
0.09428860992193222
0.09479553997516632
0.09428860992193222
0.09614734351634979
0.09614734351634979
0.08769854903221129
0.08702263981103897
0.08583980798721313
0.08685366809368132
0.0841500535607338
0.08533288538455963
0.08533288538455963
0.08313619345426558
0.0856708362698555
0.0826292634010315
0.08127745985984802
0.08161541074514389
0.07941872626543045
0.0846569761633873
0.07789793610572816
0.07603920251131058
0.07823588699102402
0.07502534985542297
0.07840486615896225
0.07789793610572816
0.08009462803602217
0.07823588699102402
0.07485637068748474
0.07536330074071884
0.07451841980218886
0.07654613256454468
0.07451841980218886
0.08043257892131805
0.09361270815134048
0.11405880004167555
0.10561000555753708
0.10814464092254639
0.1147347092628479
0.1012166291475296
0.1012166291475296
0.10848259180784224
0.0826292634010315
0.07096992433071136
0.0716458261013031
0.07333558797836302
0.07333558797836302
0.0701250433921814
0.06792835146188736
0.0706319734454155
0.07147684693336487
0.06319702416658401
0.015038864687085152
0.026867184787988663
0.2064886838197708
0.5168976187705994
0.9766812920570371
0.8205474615097046
0.32240623235702515
0.0
0.027881041169166565
0.09006421267986298
0.10746873915195464
0.09834403544664384
0.09969584643840787
0.10037174820899963
0.104258194565773
0.104258194565773
0.10510307550430296
0.11203109472990036
0.11642447113990784
0.12385941296815872
0.1289286911487579
0.0
0.0
