0.9299553036689758
0.6055638194084167
0.2250372618436813
0.08842523396015166
0.1227024346590042
0.11872826516628264
0.09836065769195555
0.09587679803371427
0.08991555124521254
0.0948832556605339
0.09935420006513597
0.10630898922681808
0.10879284888505936
0.12568305432796478
0.12866368889808655
0.14704421162605283
0.15499255061149597
0.18380527198314664
0.1982116252183914
0.20814704895019528
0.2225534021854401
0.2637853920459748
0.30104321241378784
0.3268752992153168
0.3596622049808502
0.38897168636322016
0.39940387010574335
0.4167908728122711
0.4128167033195496
0.3815201222896576
0.3328365683555603
0.2742175757884979
0.22404371201992035
0.1987084001302719
0.1703924536705017
0.1629408895969391
0.14605067670345306
0.14058618247509003
0.14605067670345306
0.14108295738697052
0.14406359195709229
0.141579732298851
0.13661202788352966
0.13710878789424896
0.13512170314788818
0.14654743671417236
0.14952807128429413
0.14754098653793335
0.14406359195709229
0.13512170314788818
0.14307004213333127
0.16790859401226044
0.1847988069057465
0.19225037097930908
0.24043716490268707
0.26924988627433777
0.2459016442298889
0.2742175757884979
0.26179832220077515
0.2175856977701187
0.15598608553409576
0.10779930651187895
0.10779930651187895
0.09736711531877516
0.07799304276704787
0.08445106446743011
0.07451564818620682
0.07898658514022827
0.07054147869348526
0.07799304276704787
0.0
0.020367611199617382
0.20715349912643433
0.6567312479019165
1.0
0.7108792662620544
0.28614008426666254
0.08097366988658905
0.12021858245134352
0.12568305432796478
0.11227024346590042
0.10531544685363768
0.10928961634635924
0.12170889228582382
0.11574763804674149
0.12568305432796478
0.14108295738697052
0.14605067670345306
0.0
0.0
0.0
0.0
0.0
0.0
0.0
0.0
0.0
0.0
0.0
0.0
0.0
0.0
0.0
0.0
0.0
0.0
0.0
0.0
0.0
0.0
0.0
0.0
0.0
0.0
0.0
0.0
0.0
0.0
0.0
0.0
0.0
0.0
0.0
0.0
0.0
0.0
0.0
0.0
0.0
0.0
0.0
0.0
