1.0
0.9528236985206605
0.6232782602310181
0.3457300364971161
0.13119834661483765
0.06267217546701431
0.10743801295757292
0.15185950696468353
0.14325068891048431
0.15082643926143646
0.1528925597667694
0.15392561256885529
0.15530303120613098
0.16322314739227295
0.15736915171146393
0.16907712817192075
0.16873277723789215
0.1790633648633957
0.1821625381708145
0.1924931108951569
0.1966253370046616
0.2059228718280792
0.2114325016736984
0.22314049303531647
0.22933883965015409
0.2469008266925812
0.25929751992225647
0.2772038578987121
0.29993113875389094
0.3274793326854706
0.34951791167259216
0.3739669322967529
0.3987603187561035
0.4087465703487396
0.40840220451354975
0.41391184926033026
0.4042699635028839
0.3760330677032471
0.3453856706619262
0.3054407835006714
0.2675619721412658
0.23966942727565765
0.21797519922256467
0.2052341550588608
0.18973828852176663
0.1807851195335388
0.17389807105064392
0.16735537350177765
0.16322314739227295
0.16632232069969177
0.16219007968902588
0.16219007968902588
0.1652892529964447
0.15909090638160703
0.15599173307418823
0.15495868027210236
0.15736915171146393
0.15771350264549255
0.15805785357952115
0.15358126163482666
0.15495868027210236
0.15874655544757843
0.1570248007774353
0.15392561256885529
0.1360192894935608
0.1429063379764557
0.14256198704242706
0.14084021747112274
0.1391184628009796
0.1363636404275894
0.13774104416370392
0.14084021747112274
0.13498622179031372
0.14221763610839844
0.13429751992225647
0.1305096447467804
0.12327823787927628
0.12741047143936157
0.1222451776266098
0.1236225888133049
0.11707989126443862
0.12190082669258116
0.12258952856063841
0.12190082669258116
0.12017906457185744
0.12706612050533295
0.1222451776266098
0.11983471363782883
0.1208677664399147
0.12052341550588608
0.1208677664399147
0.1194903552532196
0.125
0.12568870186805725
0.12741047143936157
0.12293388694524764
0.11845730245113371
0.11604683101177216
0.12017906457185744
0.12155647575855257
0.11225895583629608
0.11845730245113371
0.1181129440665245
0.1181129440665245
0.11191459745168685
0.11501377075910568
0.12190082669258116
0.13464187085628507
0.16081267595291135
0.1873278170824051
0.20730027556419367
0.22658401727676392
0.23725895583629608
0.24104683101177213
0.23002754151821136
0.20351240038871765
0.19077135622501373
0.16976584494113922
0.11225895583629608
0.10055096447467804
0.08884297311305998
0.08643250912427902
0.08574379980564117
0.07816804200410842
0.07438016682863235
0.04648760333657265
0.09814049303531647
0.3467630743980408
0.7854683399200438
0.9583333134651184
0.8050964474678038
0.4121900796890258
