0.9683756828308104
0.4499281346797943
0.11212266236543655
0.0
0.039770003408193595
0.13847628235816956
0.15908001363277435
0.18399617075920105
0.19310013949871063
0.1964542418718338
0.1993291825056076
0.2022041231393814
0.20172496140003204
0.2036415934562683
0.21130809187889096
0.2141830325126648
0.22472448647022247
0.23047436773777008
0.23430761694908145
0.2381408661603928
0.2405366599559784
0.24676568806171417
0.2510780990123749
0.2611404061317444
0.2774317264556885
0.3009103834629059
0.32295161485672
0.3397220969200134
0.3560134172439575
0.3723047375679016
0.3857211172580719
0.3962625861167908
0.3972208797931671
0.3866794407367706
0.3560134172439575
0.3243890702724457
0.29563966393470764
0.27359846234321594
0.26018208265304565
0.2520364224910736
0.24820315837860107
0.24580737948417664
0.24293243885040283
0.2438907474279404
0.24293243885040283
0.24245327711105344
0.24772401154041288
0.24580737948417664
0.24772401154041288
0.2510780990123749
0.260661244392395
0.2644944787025452
0.26018208265304565
0.2491614818572998
0.2563488185405731
0.2558696568012237
0.2563488185405731
0.252515584230423
0.24820315837860107
0.2505989372730255
0.24868232011795044
0.2505989372730255
0.24820315837860107
0.24245327711105344
0.2381408661603928
0.24245327711105344
0.246286541223526
0.2443699091672897
0.24676568806171417
0.24820315837860107
0.249640628695488
0.249640628695488
0.24724484980106357
0.24341160058975217
0.2438907474279404
0.2582654654979706
0.28988978266716003
0.3066602647304535
0.310493528842926
0.32343077659606934
0.3224724531173706
0.31672257184982294
0.32774317264556885
0.3037853240966797
0.2932438850402832
0.2774317264556885
0.25922375917434687
0.24820315837860107
0.24101580679416656
0.23047436773777008
0.24149496853351596
0.2395783364772797
0.21514135599136353
0.17489218711853027
0.38715860247612
0.6871106624603271
1.0
0.5917584896087646
0.2683277428150177
0.06851940602064133
0.0896022990345955
0.1672256886959076
0.21849544346332553
0.2443699091672897
0.2520364224910736
0.260661244392395
0.26593196392059326
0.2625778615474701
0.25730714201927185
0.2597029209136963
0.26736941933631897
0.266890287399292
0.2712026834487915
0.2759942412376404
0.2788691818714142
0.28557738661766047
0.28988978266716003
0.29851460456848145
0.30618113279342646
0.3080977499485016
0.3253473937511444
0.33732631802558893
0.3574508726596832
0.0
0.0
0.0
0.0
0.0
0.0
0.0
0.0
0.0
