1.0
0.9434589743614196
0.485957145690918
0.20103473961353305
0.0
0.019586104899644848
0.08388765901327133
0.09164819121360777
0.08980043977499008
0.08721359819173811
0.09090909361839294
0.09940872341394424
0.10347376018762589
0.10643015801906584
0.11012564599514008
0.11825572699308395
0.12786400318145752
0.1293421983718872
0.13229858875274658
0.14153732359409332
0.15225425362586975
0.16260161995887756
0.1670362204313278
0.1803399920463562
0.18773096799850464
0.20214338600635529
0.21951219439506528
0.23983739316463473
0.2612712383270264
0.2804878056049347
0.30524760484695435
0.32926830649375916
0.3507021367549896
0.3636363744735718
0.3680709600448608
0.37952697277069086
0.3721359968185425
0.35439762473106384
0.32742053270339966
0.2952697575092316
0.25942349433898926
0.2213599383831024
0.19290465116500852
0.17442719638347623
0.15521064400672913
0.14412416517734528
0.13340725004673004
0.1260162591934204
0.12047301977872849
0.11419069021940231
0.11049519479274748
0.11012564599514008
0.105691060423851
0.10827790200710297
0.11086474359035492
0.11973392218351364
0.115668885409832
0.11197338998317719
0.11123429238796234
0.11714708060026167
0.11862527579069136
0.1123429387807846
0.1071692556142807
0.10938654839992525
0.1071692556142807
0.10458240658044816
0.11123429238796234
0.10347376018762589
0.10643015801906584
0.1090169996023178
0.10679970681667328
0.1019955649971962
0.1019955649971962
0.105321504175663
0.10273466259241104
0.10495195537805556
0.10421285778284071
0.10014782100915907
0.10643015801906584
0.10088691860437392
0.09940872341394424
0.10088691860437392
0.10051736980676652
0.09940872341394424
0.10273466259241104
0.105321504175663
0.10273466259241104
0.10310421139001846
0.1019955649971962
0.09386548399925233
0.09719142317771912
0.09977827221155167
0.10273466259241104
0.10643015801906584
0.1019955649971962
0.10088691860437392
0.09645232558250429
0.10162601619958876
0.11086474359035492
0.1189948245882988
0.14227642118930817
0.16223207116127014
0.17997044324874875
0.22431632876396176
0.23059867322444916
0.22616407275199887
0.23872874677181244
0.2006651908159256
0.1988174468278885
0.19216555356979367
0.1363636404275894
0.10421285778284071
0.08832224458456038
0.08980043977499008
0.08721359819173811
0.08721359819173811
0.08240946382284163
0.058388765901327126
0.08130080997943878
0.1685144156217575
0.5351071953773499
0.9722838401794432
0.9538063406944275
0.6337767839431763
0.31818181276321406
0.09127864241600035
0.01847745664417744
0.07871396839618681
0.12527716159820557
0.12010347098112106
0.11677753180265427
0.1189948245882988
