1.0
0.4390832185745239
0.17913147807121277
0.0
0.06936067342758179
0.12846803665161133
0.1749095320701599
0.1755126714706421
0.17370325326919556
0.17370325326919556
0.17852835357189178
0.1869722604751587
0.1821471601724625
0.18576598167419436
0.18094089627265927
0.19662243127822876
0.1893848031759262
0.1845597177743912
0.1821471601724625
0.1869722604751587
0.19240048527717593
0.18878166377544403
0.19059106707572937
0.19119420647621155
0.1984318494796753
0.20386007428169248
0.20687575638294217
0.2201447486877441
0.23100121319293973
0.23462001979351044
0.25753921270370483
0.29312425851821894
0.3190591037273407
0.3558504283428192
0.39505428075790405
0.4372738301753998
0.4770808219909668
0.512665867805481
0.557297945022583
0.5952955484390259
0.610977053642273
0.6188178658485413
0.5983112454414368
0.5560916662216187
0.4891435503959656
0.44089263677597046
0.37756332755088806
0.32569360733032227
0.29553678631782526
0.2623642981052398
0.23763570189476013
0.2123039811849594
0.2092882990837097
0.20144753158092496
0.19782871007919312
0.19481302797794345
0.1893848031759262
0.1972255706787109
0.19179734587669367
0.19240048527717593
0.20265379548072812
0.202050656080246
0.21109770238399503
0.20325693488121033
0.2153196632862091
0.21351025998592377
0.21712906658649445
0.21351025998592377
0.21652594208717343
0.2201447486877441
0.21712906658649445
0.21411338448524475
0.20989143848419187
0.21351025998592377
0.21109770238399503
0.2153196632862091
0.20627261698246
0.20989143848419187
0.20265379548072812
0.20868515968322757
0.20325693488121033
0.2092882990837097
0.20024125277996063
0.21712906658649445
0.21471652388572687
0.2183353453874588
0.22074788808822632
0.21049457788467407
0.2153196632862091
0.21049457788467407
0.21773220598697665
0.20989143848419187
0.21471652388572687
0.2123039811849594
0.21592280268669128
0.2129071205854416
0.21712906658649445
0.2129071205854416
0.21592280268669128
0.20506633818149567
0.21411338448524475
0.2183353453874588
0.21471652388572687
0.21712906658649445
0.2129071205854416
0.20989143848419187
0.2183353453874588
0.24728588759899137
0.28347405791282654
0.2967430651187897
0.31423401832580566
0.3166465759277344
0.3389626145362854
0.3474065065383911
0.35464414954185486
0.3636911809444427
0.35464414954185486
0.32931241393089294
0.30036187171936035
0.25693607330322266
0.2297949343919754
0.21109770238399503
0.2008443921804428
0.18878166377544403
0.18275029957294464
0.1833534389734268
0.17913147807121277
0.17973461747169495
0.18275029957294464
0.20265379548072812
0.2907117009162903
0.258142352104187
