1.0
0.6154900789260864
0.3794836699962616
0.17386338114738464
0.16244003176689148
0.1893991380929947
0.19648161530494687
0.1925976723432541
0.1935115307569504
0.19785240292549133
0.19830934703350067
0.2003655433654785
0.20242175459861755
0.2051633596420288
0.21041809022426605
0.21361663937568665
0.22252684831619263
0.225725382566452
0.22983779013156888
0.23806260526180267
0.2497144192457199
0.2650217115879059
0.27393192052841187
0.2848983407020569
0.29883483052253723
0.32190999388694763
0.3333333432674408
0.3486406207084656
0.3582362234592438
0.36714646220207214
0.3708019256591797
0.37217271327972407
0.35937857627868647
0.33995887637138367
0.31048664450645447
0.2855837345123291
0.26136621832847595
0.24537354707717893
0.22801005840301516
0.2218414396047592
0.21498742699623108
0.21110349893569944
0.20881882309913635
0.2090472877025604
0.20676262676715848
0.20881882309913635
0.2051633596420288
0.2081334292888641
0.210189625620842
0.21315969526767728
0.21087503433227536
0.21293123066425323
0.2124743014574051
0.2186429053544998
0.2170436382293701
0.2188713699579239
0.21590130031108856
0.21498742699623108
0.21384510397911072
0.2145304977893829
0.21087503433227536
0.21293123066425323
0.21681517362594604
0.21338815987110135
0.2115604281425476
0.21178889274597168
0.2115604281425476
0.2099611610174179
0.20721955597400665
0.210189625620842
0.2063056826591492
0.21178889274597168
0.21087503433227536
0.20927575230598447
0.2083618938922882
0.21041809022426605
0.21041809022426605
0.22321224212646484
0.2353210002183914
0.24217501282691956
0.24514508247375488
0.2522275447845459
0.2689056396484375
0.26776331663131714
0.2791866660118103
0.2666209638118744
0.241032674908638
0.21750056743621823
0.20470641553401947
0.2003655433654785
0.19511081278324127
0.1935115307569504
0.1935115307569504
0.19008453190326688
0.18734292685985565
0.18437285721302032
0.18734292685985565
0.1850582659244537
0.1871144622564316
0.17683345079421997
0.07653643935918808
0.0
0.22412611544132233
0.5496915578842163
0.9428832530975341
0.9145533442497251
0.5305003523826599
0.2935800850391388
0.18026044964790344
0.21590130031108856
0.22526845335960388
0.21818597614765167
0.21750056743621823
0.21978524327278137
0.22161297500133517
0.2243545800447464
0.22389765083789823
0.22732464969158167
0.22869545221328733
0.23440712690353396
0.2376056611537933
0.0
0.0
0.0
0.0
0.0
0.0
0.0
0.0
0.0
0.0
0.0
