1.0
0.73185795545578
0.28667008876800537
0.05712815374135971
0.10808029025793076
0.11168296635150908
0.10756561905145644
0.11065363138914108
0.09933093190193176
0.10396294295787813
0.1132269650697708
0.10756561905145644
0.11734431236982344
0.1230056583881378
0.1317550241947174
0.16366443037986755
0.18425115942955017
0.1971178650856018
0.2254246026277542
0.2393206357955933
0.2789500653743744
0.3098301589488983
0.34534224867820734
0.3916623890399933
0.424601137638092
0.4467318654060364
0.4683479070663452
0.4812146127223969
0.46371591091156006
0.4076170921325684
0.3628409802913666
0.3201235234737396
0.2686567306518554
0.2398353070020676
0.2135872393846512
0.19042716920375824
0.17550180852413175
0.16623777151107788
0.1585177630186081
0.16212043166160583
0.15542975068092346
0.15182706713676453
0.1513124108314514
0.15182706713676453
0.14410704374313354
0.15697374939918518
0.15388573706150055
0.1405043751001358
0.1410190463066101
0.1410190463066101
0.14410704374313354
0.14770972728729248
0.1780751347541809
0.19866186380386353
0.2115285694599152
0.2691713869571686
0.2609367072582245
0.27997940778732294
0.28872877359390253
0.26556870341300964
0.21924857795238492
0.17292846739292145
0.12918168306350708
0.11580030620098114
0.09881626069545744
0.10808029025793076
0.10036026686429976
0.10705095529556274
0.10190427303314208
0.09109624475240707
0.07977354526519774
0.0
0.05764282122254372
0.3098301589488983
0.8023674488067627
0.9938240051269532
0.6217190027236937
0.21821925044059756
0.09418424963951111
0.12866701185703275
0.13021101057529447
0.13638703525066376
0.1343283653259277
0.14256304502487183
0.13896037638187408
0.13844570517539978
0.1497683972120285
0.15234173834323883
0.15388573706150055
0.18064847588539124
0.19197118282318115
0.20329387485980988
0.21718990802764887
0.0
0.0
0.0
0.0
0.0
0.0
0.0
0.0
0.0
0.0
0.0
0.0
0.0
0.0
0.0
0.0
0.0
0.0
0.0
0.0
0.0
0.0
0.0
0.0
0.0
0.0
0.0
0.0
0.0
0.0
0.0
0.0
0.0
0.0
0.0
0.0
0.0
0.0
0.0
