1.0
0.4946078360080719
0.14509804546833038
0.0
0.035784315317869186
0.1245098039507866
0.15392157435417175
0.17107842862606049
0.18039216101169583
0.1882352977991104
0.1921568661928177
0.20294117927551267
0.20686274766922
0.1980392187833786
0.20588235557079315
0.206372544169426
0.2073529362678528
0.2088235318660736
0.21078431606292725
0.22401960194110873
0.23088234663009644
0.2401960790157318
0.24264705181121823
0.2549019753932953
0.2656862735748291
0.28284314274787903
0.3000000119209289
0.3137255012989044
0.3343137204647064
0.3490196168422699
0.36078432202339167
0.3700980246067047
0.375980406999588
0.3696078360080719
0.34656861424446106
0.31519606709480286
0.2897058725357056
0.27156862616539
0.2504901885986328
0.23823529481887817
0.23186273872852323
0.22254902124404907
0.21666666865348813
0.2156862765550613
0.22058823704719543
0.21372549235820767
0.22303920984268188
0.22549019753932953
0.22009803354740143
0.22254902124404907
0.21764706075191495
0.21813724935054776
0.22549019753932953
0.22598038613796237
0.2289215624332428
0.24215686321258545
0.24166665971279144
0.2441176474094391
0.23872548341751096
0.2338235229253769
0.22647058963775635
0.22499999403953552
0.23186273872852323
0.23284313082695007
0.23088234663009644
0.2362745106220245
0.23676469922065732
0.2485294044017792
0.2671568691730499
0.28480392694473267
0.2911764681339264
0.2955882251262665
0.30441176891326904
0.29460784792900085
0.3107843101024628
0.28480392694473267
0.2651960849761963
0.25196078419685364
0.23480391502380368
0.21862745285034177
0.2073529362678528
0.20686274766922
0.20539215207099917
0.20686274766922
0.19705882668495175
0.15245097875595093
0.2867647111415863
0.5308823585510254
0.886274516582489
0.7063725590705872
0.3529411852359772
0.04264706000685692
0.03725490346550941
0.07990196347236633
0.1676470637321472
0.19117647409439087
0.20098039507865903
0.2073529362678528
0.21078431606292725
0.2117647081613541
0.21764706075191495
0.227941170334816
0.2269607782363892
0.23774509131908417
0.23823529481887817
0.24705882370471957
0.25686275959014887
0.2593137323856354
0.2691176533699036
0.27745097875595087
0.2857843041419983
0.2906862795352936
0.30196079611778254
0.31617647409439087
0.32990196347236633
0.352450966835022
0.36617645621299744
0.3872548937797546
0.3955882489681244
0.41127452254295355
0.4151960909366608
0.4166666567325592
0.4049019515514374
0.3769607841968536
0.35147058963775635
0.32499998807907104
0.3009803891181946
0.2799019515514374
0.27303922176361084
0.2671568691730499
0.2578431367874145
0.2553921639919281
