1.0
0.7950310707092285
0.27251553535461426
0.0
0.10326086729764938
0.2872670888900757
0.3672360181808472
0.2763975262641907
0.2763975262641907
0.2694099247455597
0.26319876313209534
0.29891303181648254
0.2872670888900757
0.32841613888740534
0.30434781312942505
0.34161490201950073
0.3703416287899017
0.36413043737411493
0.3711180090904236
0.41304346919059753
0.42236024141311646
0.4503105580806732
0.4728260934352874
0.5232919454574585
0.5419254899024963
0.5566770434379578
0.5939440727233887
0.5962733030319214
0.6218944191932678
0.6001552939414978
0.6265528202056885
0.6327639818191528
0.5854037404060364
0.5722049474716187
0.5038819909095764
0.4518633484840393
0.42934781312942494
0.38431677222251887
0.39673912525177
0.3633540272712708
0.33462733030319214
0.3874223530292511
0.35326087474823
0.3773292005062103
0.3571428656578064
0.32919254899024963
0.3625776469707489
0.35326087474823
0.3781055808067322
0.34472048282623285
0.3517080843448639
0.3765527904033661
0.34161490201950073
0.3796583712100983
0.41847825050354
0.4503105580806732
0.4580745398998261
0.5100931525230408
0.5411490797996521
0.5520186424255371
0.5186335444450377
0.5768633484840393
0.5613353848457336
0.5077639818191528
0.4642857015132904
0.3804347813129425
0.35248446464538574
0.2888198792934418
0.2872670888900757
0.27717390656471247
0.24767081439495087
0.2639751434326172
0.22127328813076017
0.2958074510097504
0.3431676924228668
0.4371117949485778
0.9006211161613464
0.9262422323226928
0.5652173757553101
0.040372669696807854
0.13431677222251892
0.21350932121276853
0.40527951717376715
0.32841613888740534
0.29270187020301813
0.2802795171737671
0.2895962595939636
0.29736024141311646
0.3354037404060364
0.3214285671710968
0.32841613888740534
0.3711180090904236
0.0
0.0
0.0
0.0
0.0
0.0
0.0
0.0
0.0
0.0
0.0
0.0
0.0
0.0
0.0
0.0
0.0
0.0
0.0
0.0
0.0
0.0
0.0
0.0
0.0
0.0
0.0
0.0
0.0
0.0
0.0
0.0
0.0
0.0
0.0
0.0
0.0
0.0
0.0
0.0
