1.0
0.7900146842002868
0.3002936840057373
0.006607929710298777
0.1644640266895294
0.32672539353370667
0.4177680015563965
0.3406754732131958
0.3245227634906769
0.3296622633934021
0.3355359733104706
0.34728339314460754
0.3685756325721741
0.36123347282409674
0.3825257122516632
0.372980922460556
0.3972099721431732
0.4199706315994263
0.4155653417110443
0.4471365511417389
0.46696034073829645
0.4977973699569702
0.5227606296539307
0.5330396294593811
0.5763583183288574
0.5888399481773376
0.6152716875076294
0.6490455269813538
0.6123347878456116
0.6402349472045897
0.6358296871185303
0.6372981071472168
0.6314243674278259
0.577826738357544
0.5726872086524963
0.4809104204177856
0.4625550806522369
0.4390602111816406
0.4030837118625641
0.39427313208580017
0.3604992628097534
0.3678414225578308
0.3795888423919678
0.3678414225578308
0.3839941322803497
0.3693098425865173
0.35829663276672363
0.38325992226600647
0.36417034268379206
0.39133626222610474
0.3678414225578308
0.36196768283844
0.3722466826438904
0.34875184297561646
0.37518355250358576
0.36637297272682184
0.35462555289268494
0.4030837118625641
0.42951542139053345
0.49265787005424494
0.49192363023757935
0.5176211595535278
0.5279001593589783
0.5293685793876648
0.511747419834137
0.5411159992218018
0.5066079497337341
0.4559471309185028
0.4170337617397308
0.3568281829357147
0.3245227634906769
0.28707781434059143
0.3024963140487671
0.2804698944091797
0.2797356843948364
0.2525697648525238
0.2856093943119049
0.32305434346199036
0.3781204223632813
0.6057268977165222
0.952276051044464
0.6901615262031555
0.2540381848812103
0.0
0.1336270123720169
0.3223201036453247
0.3810572624206543
0.31571218371391296
0.29588839411735535
0.29735681414604187
0.3002936840057373
0.303964763879776
0.3333333432674408
0.3370043933391571
0.33994126319885254
0.0
0.0
0.0
0.0
0.0
0.0
0.0
0.0
0.0
0.0
0.0
0.0
0.0
0.0
0.0
0.0
0.0
0.0
0.0
0.0
0.0
0.0
0.0
0.0
0.0
0.0
0.0
0.0
0.0
0.0
0.0
0.0
0.0
0.0
0.0
0.0
0.0
