1.0
0.4840091466903687
0.08994860202074051
0.09708737581968307
0.10336950421333312
0.08680754154920578
0.07481439411640166
0.07081667333841324
0.07138777524232864
0.07224442809820174
0.07110222429037094
0.07281553745269774
0.0665334090590477
0.06310679763555527
0.06510565429925919
0.0665334090590477
0.07024557143449783
0.07195887714624405
0.07681325078010559
0.07595659792423248
0.07595659792423248
0.08794974535703659
0.09765847772359848
0.10308395326137541
0.12021701782941818
0.14134779572486875
0.15733866393566132
0.18075385689735407
0.20531125366687772
0.2327241599559784
0.25870931148529047
0.2801256477832794
0.30211308598518366
0.3218161165714264
0.32609936594963074
0.3083952069282532
0.2764134705066681
0.23900628089904785
0.20017133653163907
0.15933752059936523
0.1344945728778839
0.11564820259809494
0.10651056468486785
0.10222730040550232
0.09337521344423294
0.08623643964529037
0.08537977933883667
0.08480867743492126
0.0796687602996826
0.08252426981925964
0.08794974535703659
0.09737292677164076
0.08623643964529037
0.0893775001168251
0.09280411154031752
0.09223300963640212
0.09423186630010605
0.09423186630010605
0.09480296820402144
0.10251285135746002
0.08852084726095198
0.0896630510687828
0.10279840230941772
0.09166190773248672
0.09023415297269821
0.09651627391576768
0.09394631534814833
0.0796687602996826
0.08223871886730194
0.08994860202074051
0.08252426981925964
0.07681325078010559
0.0779554545879364
0.07167332619428635
0.07824100553989409
0.08452312648296355
0.07509994506835938
0.06881781667470932
0.07110222429037094
0.0668189600110054
0.06910336762666702
0.07338663935661317
0.07024557143449783
0.07138777524232864
0.06767561286687851
0.05768132582306862
0.060822386294603355
0.06510565429925919
0.055111363530159
0.059394631534814835
0.09137635678052902
0.09508851915597917
0.1007995456457138
0.1459166258573532
0.13792118430137634
0.13049685955047607
0.12649914622306824
0.10936607420444489
0.09737292677164076
0.08138206601142883
0.04854368790984154
0.0553969144821167
0.041690461337566376
0.03512278571724892
0.04568817839026451
0.050256997346878045
0.041690461337566376
0.036264993250370026
0.04568817839026451
0.02427184395492077
0.0
0.20245574414730072
0.5496858954429625
0.8837807178497313
0.9197601079940797
0.23872072994709012
0.060251284390687936
0.09366076439619064
0.08766419440507887
0.077384352684021
0.06567675620317459
0.0
0.0
0.0
0.0
0.0
0.0
0.0
0.0
0.0
0.0
0.0
