0.9860788583755491
0.7911832928657532
0.2824825942516327
0.0
0.21461716294288635
0.3161253035068512
0.3892111480236053
0.4419953525066376
0.4541763365268707
0.4570765793323517
0.46751740574836725
0.4704176187515258
0.4814385175704956
0.4936195015907288
0.4936195015907288
0.48201856017112726
0.48665893077850336
0.47621810436248774
0.4756380617618561
0.4779582321643829
0.4779582321643829
0.46983757615089417
0.46751740574836725
0.46983757615089417
0.4779582321643829
0.46751740574836725
0.4611368775367737
0.468097448348999
0.4814385175704956
0.48201856017112726
0.48201856017112726
0.4936195015907288
0.5046404004096985
0.5040603280067444
0.5058004856109619
0.5226218104362488
0.5232018828392029
0.5243619680404663
0.5377030372619629
0.5469837784767151
0.555104434490204
0.5493039488792419
0.5342227220535278
0.5313224792480469
0.5017401576042175
0.47853827476501454
0.4646171629428864
0.4501160085201264
0.43213456869125366
0.4263341128826141
0.4211136996746063
0.4228538274765015
0.42053365707397455
0.42459395527839666
0.4396751821041107
0.4396751821041107
0.4396751821041107
0.4251740276813507
0.44779583811759943
0.4483758807182312
0.4437355101108551
0.4443155527114868
0.4524362087249756
0.4402552247047424
0.44141530990600586
0.43735498189926153
0.4234338700771332
0.41589325666427607
0.4054524302482605
0.40023201704025274
0.407192587852478
0.39675173163414
0.38979119062423706
0.37935033440589905
0.3909512758255005
0.39385151863098145
0.39675173163414
0.3973317742347717
0.3973317742347717
0.38573086261749273
0.3781902492046356
0.38167053461074824
0.3787702918052673
0.3787702918052673
0.3874709904193878
0.3868909478187561
0.38225057721138
0.38167053461074824
0.38805103302001953
0.3834106624126434
0.3799304068088531
0.38805103302001953
0.3892111480236053
0.3799304068088531
0.38225057721138
0.3863109052181244
0.3886310756206512
0.3909512758255005
0.39153131842613215
0.3886310756206512
0.39385151863098145
0.3950116038322449
0.39385151863098145
0.3973317742347717
0.4164733290672302
0.4483758807182312
0.4495359659194946
0.4472157657146454
0.43561485409736633
0.4211136996746063
0.41589325666427607
0.41763341426849365
0.4240139126777649
0.4164733290672302
0.3892111480236053
0.4008120596408844
0.38051044940948486
0.38805103302001953
0.3892111480236053
0.3909512758255005
0.38805103302001953
0.38573086261749273
0.3909512758255005
0.39385151863098145
0.4048723876476288
0.404292345046997
0.3776102066040039
0.39965197443962097
0.5759860873222351
0.8868909478187562
1.0
0.8822506070137024
