0.9803234934806824
0.6394864320755005
0.0717025175690651
0.002501250710338354
0.044522259384393685
0.09588127583265305
0.0995497778058052
0.10271802544593812
0.10571952909231185
0.10471902787685394
0.1083875298500061
0.11822578310966492
0.11389027535915373
0.12022677809000017
0.13106553256511688
0.13006503880023956
0.13806903362274167
0.15057529509067535
0.15874603390693665
0.16708354651927948
0.18726029992103577
0.2037685513496399
0.2076037973165512
0.24562281370162964
0.2683008313179016
0.2916458249092102
0.3106553256511688
0.3288310766220093
0.3368350863456726
0.33350008726119995
0.317825585603714
0.2779723107814789
0.233116552233696
0.19476404786109924
0.16641654074192047
0.13940303027629852
0.12206102907657625
0.11022178083658218
0.10738702863454817
0.09754877537488936
0.09521427750587463
0.09804902225732803
0.09271302074193953
0.09571452438831328
0.09654827415943144
0.09121227264404298
0.0960480272769928
0.09521427750587463
0.10155077278614044
0.1023845225572586
0.10038352757692336
0.10438552498817444
0.1017175242304802
0.1017175242304802
0.10271802544593812
0.10138402879238129
0.0995497778058052
0.09854927659034728
0.09688177704811096
0.09854927659034728
0.09771552681922913
0.09438052028417587
0.09704852104187012
0.09588127583265305
0.09237952530384064
0.09287977218627928
0.0878772735595703
0.08737701922655106
0.0872102752327919
0.08520927280187607
0.08637651801109315
0.0850425213575363
0.08037351816892624
0.08354177325963974
0.08771052211523056
0.08520927280187607
0.08187427371740341
0.08270802348852156
0.08337502181529999
0.08570951968431471
0.08387526869773863
0.0935467705130577
0.11272303014993668
0.10605302453041077
0.114390529692173
0.1228947788476944
0.10505252331495284
0.10155077278614044
0.10655327886343002
0.08704352378845216
0.078372523188591
0.07387027144432068
0.07470402121543884
0.08170752227306366
0.07403701543807982
0.07737202197313309
0.07753876596689224
0.07253626734018326
0.07286977022886275
0.02051025442779064
0.041687510907649994
0.23395030200481412
0.554443895816803
1.0
0.8055694699287415
0.27663832902908325
0.0
0.03968650847673416
0.09704852104187012
0.11072202771902084
0.10421877354383469
0.10705352574586868
0.10505252331495284
0.11005502939224245
0.11288978159427641
0.11605802923440932
0.12156078219413756
0.12689678370952606
0.12906453013420105
0.13573452830314636
0.14507253468036652
0.1535767912864685
0.16158078610897064
0.17675504088401794
0.1934300512075424
0.2139403074979782
0.0
0.0
0.0
0.0
0.0
0.0
