1.0
0.6729785203933716
0.27635619044303894
0.20522005856037137
0.145854651927948
0.16581371426582336
0.16530194878578186
0.1438075751066208
0.1438075751066208
0.14124871790409088
0.13203684985637665
0.12589560449123383
0.12589560449123383
0.13408392667770383
0.12487205862998962
0.12691913545131683
0.13510747253894803
0.14636643230915067
0.15404298901557922
0.16120778024196625
0.1780962198972702
0.18526099622249603
0.1939610987901688
0.2041965126991272
0.21340839564800265
0.2384851574897766
0.2579324543476105
0.27993857860565186
0.2942681610584259
0.31422722339630127
0.3224155604839325
0.32190379500389094
0.3178096115589142
0.29068577289581293
0.26356193423271174
0.2364380806684494
0.19856704771518707
0.16223132610321045
0.13817809522151947
0.11719549447298049
0.09365404397249219
0.09314227104187012
0.0900716483592987
0.09416581690311433
0.09825997799634931
0.09621289372444154
0.09928352385759352
0.10900716483592988
0.11207778751850128
0.11514841020107268
0.11310133337974548
0.1156601831316948
0.11054247617721556
0.10491299629211424
0.11156602203845976
0.10491299629211424
0.0900716483592987
0.09365404397249219
0.10849539190530776
0.10696008056402206
0.09979528933763504
0.09672466665506363
0.10337768495082857
0.10849539190530776
0.10542476922273636
0.09672466665506363
0.09877175092697144
0.09774821251630784
0.09365404397249219
0.08085977286100388
0.0854657143354416
0.08188331872224806
0.09314227104187012
0.09416581690311433
0.09416581690311433
0.0905834212899208
0.09774821251630784
0.13664278388023376
0.15660184621810913
0.15148413181304932
0.16479016840457916
0.16479016840457916
0.13971340656280515
0.08137154579162596
0.07983623445034027
0.07830092310905457
0.062436029314994805
0.05373592674732208
0.04401228204369545
0.04810644686222077
0.05322415381669998
0.05220061540603638
0.0593654029071331
0.0578300915658474
0.060388945043087006
0.05475946888327599
0.0
0.06448311358690262
0.2246673554182053
0.5230296850204468
0.9012282490730285
0.791709303855896
0.3485158681869507
0.21852609515190125
0.15148413181304932
0.15250767767429352
0.16888433694839475
0.14636643230915067
0.13766632974147797
0.13408392667770383
0.13254861533641815
0.12026611715555192
0.13050153851509094
0.13664278388023376
0.13868986070156095
0.13408392667770383
0.12794268131256104
0.14022517204284668
0.14636643230915067
0.15301944315433502
0.0
0.0
0.0
0.0
0.0
0.0
0.0
0.0
0.0
0.0
0.0
0.0
