0.9931336045265197
0.4250936210155487
0.00561797758564353
0.0
0.1036204770207405
0.16354556381702423
0.18476903438568115
0.18539325892925265
0.20162297785282132
0.207240954041481
0.22534331679344177
0.21410736441612244
0.2297128587961197
0.2290886342525482
0.20911361277103424
0.22784020006656647
0.23782771825790405
0.2465667873620987
0.26716604828834534
0.2659175992012024
0.2952559292316437
0.2659175992012024
0.28651684522628784
0.3196004927158356
0.35143569111824036
0.375156044960022
0.39825218915939326
0.4332084953784943
0.4369538128376007
0.4818976223468781
0.46504369378089905
0.4806492030620575
0.47877651453018183
0.45380774140357966
0.42384520173072815
0.3988763988018036
0.36079901456832886
0.3289637863636017
0.2996254563331604
0.28339576721191406
0.2790262103080749
0.2602996230125427
0.25530585646629333
0.2858926355838776
0.2709113657474518
0.2659175992012024
0.2659175992012024
0.2784020006656647
0.25530585646629333
0.24843944609165192
0.27153557538986206
0.2808988690376282
0.2746566832065582
0.28152310848236084
0.2790262103080749
0.2746566832065582
0.28152310848236084
0.2584269642829895
0.2571785151958465
0.24843944609165192
0.2509363293647766
0.25530585646629333
0.2465667873620987
0.24282146990299225
0.2290886342525482
0.242197260260582
0.2322097420692444
0.2858926355838776
0.30274656414985657
0.3632958829402924
0.35892635583877563
0.3657927513122559
0.37016230821609497
0.38576778769493103
0.3364544212818146
0.32022473216056824
0.2771535515785217
0.28277152776718134
0.24032460153102875
0.22409488260746
0.19787764549255368
0.21410736441612244
0.20099875330924988
0.17540574073791504
0.19350811839103696
0.1866416931152344
0.19163545966148376
0.19225966930389404
0.1566791534423828
0.13108614087104797
0.22784020006656647
0.5193508267402649
0.6491885185241699
1.0
0.4962546825408936
0.061797752976417535
0.007490636780858038
0.10049937665462493
0.15855181217193604
0.18289637565612793
0.1878901422023773
0.196629211306572
0.2084893882274628
0.2147315889596939
0.2340824007987976
0.20911361277103424
0.2122347056865692
0.21785268187522888
0.2334581762552261
0.2709113657474518
0.25280898809432983
0.0
0.0
0.0
0.0
0.0
0.0
0.0
0.0
0.0
0.0
0.0
0.0
0.0
0.0
0.0
0.0
0.0
0.0
0.0
0.0
0.0
