1.0
0.43036529421806335
0.09817351400852205
0.0
0.12043379247188568
0.21803653240203855
0.2340182662010193
0.23744292557239527
0.24828767776489255
0.25057077407836914
0.2585616409778595
0.25627854466438293
0.2642694115638733
0.2654109597206116
0.26484018564224243
0.273972600698471
0.2813926935195923
0.2882420122623444
0.29794520139694214
0.30194064974784846
0.31278538703918457
0.3219178020954132
0.33675798773765564
0.3493150770664215
0.36929222941398626
0.39155250787734985
0.40296804904937744
0.4206621050834656
0.4337899684906006
0.4372146129608154
0.43835616111755366
0.4280821979045868
0.4166666567325592
0.40639269351959223
0.38356164097785944
0.364726036787033
0.34417808055877686
0.3287671208381653
0.32363012433052063
0.30993151664733887
0.3047945201396942
0.29737442731857294
0.3002282977104187
0.28938356041908264
0.28481733798980713
0.2882420122623444
0.29794520139694214
0.2996575236320496
0.3070776164531708
0.30136987566947937
0.3053652942180633
0.3042237460613251
0.30650684237480164
0.3070776164531708
0.3162100315093994
0.3156392574310303
0.31278538703918457
0.3184931576251984
0.3156392574310303
0.31221461296081543
0.30993151664733887
0.3047945201396942
0.3304794430732727
0.3704337775707245
0.37557077407836914
0.38812786340713507
0.4035388231277466
0.4554794430732727
0.4617579877376556
0.4309360682964325
0.39954337477684015
0.3590182662010193
0.31963470578193665
0.30251142382621765
0.2831050157546997
0.2745433747768402
0.27340182662010193
0.2654109597206116
0.2625570893287658
0.26484018564224243
0.26027396321296686
0.26484018564224243
0.2659817337989807
0.2705479562282562
0.364726036787033
0.4417808353900909
0.5519406199455261
0.8213470578193665
0.918949782848358
0.314497709274292
0.04337899386882781
0.08732876926660538
0.19520547986030576
0.2568493187427521
0.2756849229335785
0.28538814187049866
0.28481733798980713
0.27796804904937744
0.28082191944122314
0.2899543344974518
0.293379008769989
0.2939497828483581
0.2985159754753113
0.2985159754753113
0.3059360682964325
0.0
0.0
0.0
0.0
0.0
0.0
0.0
0.0
0.0
0.0
0.0
0.0
0.0
0.0
0.0
0.0
0.0
0.0
0.0
0.0
0.0
0.0
0.0
0.0
0.0
0.0
0.0
