1.0
0.9209465980529784
0.3423967659473419
0.06797583401203156
0.0
0.05236656591296196
0.07502517849206924
0.07502517849206924
0.07703927159309387
0.07502517849206924
0.0855991914868355
0.08912386745214462
0.09214501827955246
0.10070493817329405
0.1037260815501213
0.1203423961997032
0.13846927881240845
0.14954683184623718
0.15458206832408905
0.17673715949058533
0.18781469762325287
0.21450151503086087
0.24874119460582733
0.278449147939682
0.3081570863723755
0.35196375846862793
0.3872104585170746
0.41691842675209045
0.46475327014923096
0.4959717988967896
0.5090634226799011
0.5030211210250854
0.478348433971405
0.43655589222908014
0.3569989800453186
0.29657602310180664
0.2235649526119232
0.1832829862833023
0.13846927881240845
0.1203423961997032
0.10825780779123306
0.10120845586061476
0.10070493817329405
0.09768378734588624
0.08157099783420561
0.0876132920384407
0.08308157324790953
0.09113796800374983
0.09768378734588624
0.09969788789749144
0.10271903127431868
0.10523665696382523
0.1042296066880226
0.10473313182592392
0.10473313182592392
0.1112789511680603
0.11278952658176422
0.11782477051019669
0.11027190089225768
0.110775426030159
0.1112789511680603
0.10070493817329405
0.09869083762168883
0.10020141303539276
0.11430010199546813
0.09566968679428099
0.09667673707008362
0.09869083762168883
0.10322255641222
0.09264854341745377
0.0951661616563797
0.09617321193218233
0.08811681717634201
0.09768378734588624
0.0951661616563797
0.0855991914868355
0.10574018210172652
0.11530715227127077
0.1278952658176422
0.1419939547777176
0.14249747991561887
0.12084592133760452
0.19637462496757507
0.19587109982967377
0.18227593600749967
0.17019133269786835
0.14702920615673065
0.11329305171966551
0.09315206110477448
0.08509566634893417
0.08610271662473679
0.0876132920384407
0.07905337214469908
0.07552870362997055
0.07703927159309387
0.0876132920384407
0.07804632186889648
0.05639476329088211
0.11732124537229537
0.19436052441596985
0.46122860908508306
0.9254783391952514
0.9818730950355528
0.6525679826736449
0.19083584845066073
0.07754279673099516
0.07804632186889648
0.110775426030159
0.11983887106180192
0.11581067740917204
0.12084592133760452
0.1263846904039383
0.13293051719665527
0.13393756747245789
0.13494461774826047
0.1364551931619644
0.14803625643253326
0.1596173197031021
0.17069485783576965
0.19083584845066073
0.1998993009328842
0.21148036420345304
0.0
0.0
0.0
0.0
0.0
0.0
0.0
0.0
0.0
0.0
