0.9904789328575134
0.5842469930648804
0.2888055443763733
0.1549336463212967
0.15839584171772003
0.11309867352247238
0.0969417169690132
0.08972879499197006
0.0891517624258995
0.08078476786613464
0.07645700871944427
0.08020773530006409
0.0879976898431778
0.08770917356014252
0.0917484164237976
0.09232544898986816
0.09751875698566435
0.10703981667757034
0.10963647067546844
0.11829198151826859
0.12031159549951552
0.12810155749320984
0.13675707578659055
0.1425274163484573
0.152336984872818
0.1757068634033203
0.19705712795257568
0.2149451822042465
0.2386035770177841
0.2547605335712433
0.26687824726104736
0.27755337953567505
0.28043854236602783
0.2755337655544281
0.26947489380836487
0.2518753707408905
0.2238892167806625
0.19446046650409696
0.16041547060012817
0.13819965720176697
0.12088863551616667
0.110213503241539
0.1021350249648094
0.10069244354963303
0.09665320068597792
0.09376803040504456
0.09319099783897401
0.09521061927080153
0.1009809598326683
0.10444316267967224
0.10069244354963303
0.10011540353298189
0.10473167896270752
0.10242354124784468
0.1035776138305664
0.10559722781181335
0.10473167896270752
0.10415464639663696
0.10271205753087996
0.10069244354963303
0.08886324614286423
0.08078476786613464
0.07559145987033845
0.0643392950296402
0.05885747075080872
0.059145990759134286
0.0577034056186676
0.060588575899600976
0.059145990759134286
0.06145412474870682
0.055972304195165634
0.05424119904637337
0.05164454877376556
0.04673975706100464
0.050201963633298874
0.04962492734193802
0.050201963633298874
0.04241200163960457
0.037507213652133935
0.031159838661551476
0.02769763395190239
0.02914021909236908
0.02596653252840042
0.020773226395249367
0.020484708249568936
0.018176572397351265
0.01731102168560028
0.010386613197624683
0.002596653299406171
0.0020196191035211086
0.0
0.006347374524921179
0.009521061554551123
0.01731102168560028
0.023946912959218025
0.020773226395249367
0.02942873537540436
0.027986152097582817
0.029717253521084785
0.02596653252840042
0.019907673820853237
0.025678014382719997
0.024235429242253304
0.01356029976159334
0.008366993628442286
0.01009809598326683
0.009232544340193272
0.009809578768908976
0.010963646695017815
0.009521061554551123
0.008366993628442286
0.01356029976159334
0.011252163909375668
0.008366993628442286
0.013271783478558064
0.022215811535716057
0.03346797451376915
0.05395268276333809
0.07703404128551483
0.06664743274450302
0.07645700871944427
0.076168492436409
0.0735718384385109
0.05222158133983612
0.04212348535656929
0.030871320515871048
0.018753606826066967
0.024523947387933728
0.015291402116417885
0.01356029976159334
0.01615695282816887
0.02019619196653366
