0.9762247800827025
0.6073486804962158
0.24927954375743863
0.05187319964170456
0.0
0.20533141493797305
0.2543227672576904
0.2528818547725677
0.2838616669178009
0.294668585062027
0.30331411957740784
0.30547550320625305
0.31844380497932434
0.319884717464447
0.31844380497932434
0.32204610109329224
0.3285302519798279
0.3292507231235504
0.33573487401008606
0.3378962576389313
0.3494236171245575
0.35446685552597046
0.36311239004135126
0.3825648427009583
0.405619591474533
0.4293948113918304
0.45893371105194086
0.5050432085990906
0.539625346660614
0.5850144028663635
0.6131123900413513
0.6433717608451843
0.6628242135047913
0.6721901893615723
0.6599423885345458
0.6239193081855774
0.568443775177002
0.48991355299949646
0.4207492768764496
0.36743515729904175
0.32780981063842773
0.3040345907211304
0.2795388996601105
0.2730547487735748
0.26224783062934875
0.2629683017730713
0.2572046220302582
0.25648415088653564
0.2572046220302582
0.2514409124851227
0.25648415088653564
0.2528818547725677
0.2536022961139679
0.2557636797428131
0.2579250633716583
0.2608069181442261
0.264409214258194
0.26801154017448425
0.2708933651447296
0.2730547487735748
0.27809798717498774
0.2716138362884521
0.27377521991729736
0.27377521991729736
0.2716138362884521
0.26945245265960693
0.2629683017730713
0.2629683017730713
0.26008644700050354
0.2579250633716583
0.2521613836288452
0.25504323840141296
0.2456772327423096
0.24855907261371607
0.2478386163711548
0.24639768898487088
0.24639768898487088
0.24351584911346436
0.24495677649974823
0.24711816012859344
0.242795392870903
0.24135446548461917
0.242795392870903
0.242795392870903
0.242795392870903
0.2536022961139679
0.25072047114372253
0.25
0.24207492172718048
0.242795392870903
0.2478386163711548
0.242795392870903
0.24855907261371607
0.24495677649974823
0.23919308185577393
0.2456772327423096
0.23631124198436737
0.23775215446949005
0.24351584911346436
0.24351584911346436
0.25072047114372253
0.24135446548461917
0.24351584911346436
0.25072047114372253
0.25
0.2456772327423096
0.24639768898487088
0.24639768898487088
0.2478386163711548
0.2514409124851227
0.2514409124851227
0.2514409124851227
0.25648415088653564
0.24855907261371607
0.25072047114372253
0.2579250633716583
0.26585015654563904
0.28602305054664606
0.2932276725769043
0.29250720143318176
0.2910662889480591
0.28890490531921387
0.2723343074321747
0.25936600565910334
0.2687319815158844
0.2687319815158844
0.2636887729167938
0.24639768898487088
0.22838616371154785
0.23919308185577393
0.24639768898487088
0.25
