1.0
0.6695595383644104
0.4185289740562439
0.2143632024526596
0.19244955480098724
0.221089169383049
0.22586244344711304
0.21826860308647156
0.22043827176094052
0.2197873741388321
0.22412671148777008
0.22369277477264404
0.22629638016223907
0.2278151512145996
0.23519201576709747
0.2364938110113144
0.2369277477264404
0.24321979284286496
0.25124755501747126
0.2577565610408783
0.2666521966457367
0.27750054001808167
0.28834888339042664
0.3000651001930237
0.31612062454223633
0.33174225687980646
0.34432631731033325
0.3499674499034881
0.3616836667060852
0.3658060431480408
0.36884355545043945
0.36341938376426697
0.3477977812290192
0.32219570875167847
0.2957257628440857
0.27077457308769226
0.25211542844772333
0.2334562838077545
0.22499457001686096
0.22022131085395807
0.21631591022014615
0.21154263615608213
0.20850509405136108
0.20785419642925265
0.20915600657463077
0.2111086994409561
0.2113256603479385
0.2108917385339737
0.21067476272583008
0.2098069041967392
0.21067476272583008
0.21241049468517303
0.2113256603479385
0.21154263615608213
0.2100238651037216
0.2121935337781906
0.214580163359642
0.2100238651037216
0.2076372355222702
0.20915600657463077
0.2108917385339737
0.20611846446990967
0.20481666922569275
0.20459969341754916
0.20351485908031464
0.2158819735050201
0.23020178079605105
0.23258841037750244
0.2408331483602524
0.24148404598236084
0.26144498586654663
0.2653504014015198
0.276849627494812
0.25667172670364374
0.24039921164512637
0.20720329880714417
0.19678889214992523
0.19027988612651825
0.18377088010311127
0.1820351481437683
0.17986547946929932
0.17964851856231687
0.17812974750995636
0.17769581079483032
0.17726187407970428
0.1761770397424698
0.1779127866029739
0.1718377023935318
0.08114558458328247
0.0
0.2095899283885956
0.522239089012146
0.9114775657653807
0.9001952409744263
0.5283141732215881
0.2946409285068512
0.1761770397424698
0.20937296748161316
0.21609893441200256
0.2100238651037216
0.20785419642925265
0.20828813314437863
0.2108917385339737
0.21175959706306455
0.2143632024526596
0.21718376874923703
0.2200043350458145
0.22412671148777008
0.22824907302856445
0.23519201576709747
0.0
0.0
0.0
0.0
0.0
0.0
0.0
0.0
0.0
0.0
0.0
0.0
0.0
0.0
0.0
0.0
0.0
0.0
0.0
0.0
0.0
0.0
