0.9668874144554137
0.9552006125450134
0.7382158041000366
0.38605377078056335
0.1355668157339096
0.0007791196112520992
0.05687573179602623
0.12660694122314453
0.1160888224840164
0.12154265493154524
0.12154265493154524
0.12660694122314453
0.13322944939136505
0.1355668157339096
0.13595636188983917
0.1336190104484558
0.14608491957187653
0.15037007629871368
0.15426568686962128
0.15855084359645844
0.15777172148227692
0.17023763060569763
0.17608103156089783
0.18348266184329984
0.1936112195253372
0.20880405604839325
0.22165952622890472
0.24347487092018127
0.26801714301109314
0.2945072054862976
0.3124269545078277
0.34553954005241394
0.37008181214332575
0.38878068327903753
0.40124657750129694
0.4086482226848602
0.404752641916275
0.3930658400058746
0.3661862015724182
0.32995715737342834
0.2952863276004791
0.25710946321487427
0.22633424401283264
0.20490846037864685
0.1901051849126816
0.1706271916627884
0.15932995080947876
0.1511491984128952
0.14881184697151184
0.139462411403656
0.1355668157339096
0.13712504506111145
0.1336190104484558
0.13439813256263733
0.13634592294692993
0.14024153351783752
0.13400857150554657
0.13712504506111145
0.13712504506111145
0.13907285034656525
0.14413712918758392
0.14179976284503937
0.1433580070734024
0.1425788849592209
0.1386832892894745
0.13712504506111145
0.1367354840040207
0.12933385372161865
0.1308920979499817
0.13712504506111145
0.1355668157339096
0.13517725467681885
0.13439813256263733
0.13439813256263733
0.13439813256263733
0.13517725467681885
0.13206076622009277
0.12738604843616483
0.13011297583580017
0.12738604843616483
0.12154265493154524
0.12154265493154524
0.11647837609052658
0.1277756094932556
0.1238800138235092
0.12271133810281752
0.12621738016605377
0.12699648737907407
0.13206076622009277
0.1297234147787094
0.1367354840040207
0.12699648737907407
0.1277756094932556
0.1289442926645279
0.12816517055034635
0.13128165900707245
0.12660694122314453
0.1297234147787094
0.14296844601631165
0.15971951186656952
0.1901051849126816
0.20101284980773923
0.23802103102207184
0.24737046658992767
0.25516167283058167
0.25243476033210754
0.21659524738788605
0.20880405604839325
0.195559024810791
0.15270744264125824
0.1160888224840164
0.10050642490386962
0.09466303139925004
0.09271523356437683
0.09232567250728609
0.09349434822797777
0.07713284343481062
0.07596416026353837
0.16595247387886047
0.5410985350608826
1.0
0.9641605019569397
0.7164004445075989
0.3568367660045624
0.10907674580812454
0.0
0.05843396857380867
0.12232177704572676
0.1114141047000885
0.1133619025349617
0.1180366203188896
0.125827819108963
