1.0
0.839483380317688
0.4483394920825958
0.20811808109283447
0.028044279664754868
0.057564575225114815
0.12915128469467163
0.13173431158065796
0.130627304315567
0.13099631667137146
0.13321033120155334
0.1335793286561966
0.13726937770843503
0.14169742166996002
0.14354243874549863
0.15129151940345764
0.15608856081962583
0.16273063421249387
0.16900369524955747
0.17822878062725067
0.17675276100635529
0.18597786128520963
0.19446495175361636
0.20627306401729584
0.21734316647052765
0.22988930344581604
0.24575646221637723
0.26568266749382013
0.28560885787010193
0.3125461339950561
0.33837637305259705
0.35350552201271057
0.3697417080402374
0.3745387494564056
0.3830258250236511
0.37195572257041926
0.35092249512672424
0.32177120447158813
0.28966790437698364
0.2564575672149658
0.22361624240875244
0.2011070102453232
0.18302583694458008
0.1682656854391098
0.1557195633649826
0.1494464874267578
0.14907748997211456
0.14206641912460327
0.13948339223861694
0.13284133374691007
0.13321033120155334
0.1250922530889511
0.12177121639251708
0.12324723601341248
0.12767527997493744
0.130627304315567
0.12878228724002838
0.12988929450511932
0.13099631667137146
0.12287823110818862
0.12103321403265
0.12177121639251708
0.12287823110818862
0.11845018714666367
0.11623616516590118
0.11512915045022964
0.11143911629915236
0.10811807960271835
0.10885608941316605
0.11143911629915236
0.11918818950653076
0.11033210158348083
0.1140221431851387
0.12140221148729324
0.13653136789798737
0.15756458044052124
0.173062726855278
0.22250922024250033
0.22878228127956393
0.23394833505153656
0.24464944005012512
0.22214022278785703
0.19298893213272092
0.19335792958736417
0.1605166047811508
0.10959409922361373
0.08228782564401625
0.07269372791051865
0.07306273281574249
0.06900369375944138
0.06752767413854599
0.06789667904376984
0.04833948239684105
0.08487084507942198
0.17416974902153015
0.5435424447059631
0.9446494579315184
0.8948339223861694
0.5590406060218811
0.27785977721214294
0.06309963017702103
0.0
0.06125461310148239
0.10184501856565475
0.08929889649152756
0.09815498441457747
0.1007380038499832
0.0
0.0
0.0
0.0
0.0
0.0
0.0
0.0
0.0
0.0
0.0
0.0
0.0
0.0
0.0
0.0
0.0
0.0
0.0
0.0
0.0
0.0
0.0
0.0
0.0
