0.9196556806564333
0.6212338805198668
0.29698708653450007
0.030129125341773037
0.03371592611074448
0.22238163650035855
0.2690100371837616
0.285509318113327
0.307747483253479
0.3271162211894989
0.3263988494873047
0.34289813041687006
0.34791964292526245
0.3457675874233246
0.3443328440189361
0.3472023010253906
0.3651362955570221
0.38809183239936823
0.3938307166099548
0.40746054053306574
0.4225251078605652
0.43902438879013056
0.47847920656204224
0.4964132010936737
0.5459110736846924
0.5932568311691284
0.644906759262085
0.6736011505126953
0.7187948226928711
0.7381635308265686
0.766140580177307
0.7589669823646545
0.7431851029396057
0.6779053211212158
0.6018651127815248
0.5193687081336975
0.45337158441543574
0.39670014381408686
0.3493543863296509
0.32926830649375916
0.31348636746406555
0.29770445823669434
0.28622668981552124
0.28694403171539307
0.27905309200286865
0.2804878056049347
0.285509318113327
0.30129125714302063
0.2998565137386322
0.28909611701965326
0.284074604511261
0.28909611701965326
0.2991391718387604
0.29411765933036804
0.2998565137386322
0.3027259707450866
0.32137733697891235
0.3235294222831726
0.3084648549556732
0.30487805604934687
0.30918219685554504
0.30487805604934687
0.30631276965141296
0.2926829159259796
0.29842180013656616
0.29411765933036804
0.29411765933036804
0.2912482023239136
0.29196557402610773
0.2905308604240417
0.2797704339027405
0.28694403171539307
0.2776183784008026
0.2847919762134552
0.27474892139434814
0.2725968360900879
0.2611190676689148
0.2697274088859558
0.27833572030067444
0.329985648393631
0.3651362955570221
0.384505033493042
0.40817791223526
0.4619799256324768
0.43328550457954407
0.4239598214626312
0.4461979866027832
0.4024390280246735
0.329985648393631
0.2725968360900879
0.2568149268627167
0.24820660054683685
0.2467718720436096
0.24748924374580383
0.24820660054683685
0.25251075625419617
0.25538021326065063
0.24175035953521729
0.34791964292526245
0.39956957101821894
0.4734576642513275
0.9031563997268676
1.0
0.6420373320579529
0.261836439371109
0.0
0.06743185222148895
0.2532281279563904
0.29340028762817383
0.3120516538619995
0.33213773369789124
0.3414634168148041
0.34791964292526245
0.3450502157211304
0.36011478304862976
0.3658536672592163
0.3837876617908478
0.3895265460014343
0.39741751551628113
0.41032999753952026
0.4261119067668914
0.4325681626796722
0.45337158441543574
0.48637014627456665
0.5136298537254332
0.5451936721801758
0.5810617208480834
0.6291248202323914
0.6814920902252197
0.0
0.0
0.0
