0.9823803305625917
0.6326462626457214
0.2935505211353302
0.07014627754688263
0.040890958160161965
0.078125
0.1027260646224022
0.0887632966041565
0.08843085169792174
0.08643616735935211
0.0887632966041565
0.09242021292448045
0.09208776801824568
0.09674201905727385
0.09973404556512833
0.10006649047136305
0.10505319386720656
0.10505319386720656
0.11569149047136305
0.12965425848960876
0.13198138773441315
0.1479388326406479
0.15791223943233487
0.16688829660415647
0.18351063132286072
0.2157579809427261
0.2390292584896088
0.2616356313228607
0.2878989279270172
0.306848406791687
0.32347074151039124
0.3387632966041565
0.3327792584896088
0.3071808516979217
0.26496011018753046
0.2180851101875305
0.17287233471870422
0.14594414830207825
0.12367021292448044
0.10904255509376524
0.10172872245311736
0.09906914830207823
0.09474734216928482
0.09807180613279343
0.09242021292448045
0.08543883264064787
0.08344414830207823
0.08710106462240219
0.08909574151039124
0.09009308367967603
0.09375
0.0914228707551956
0.08676861971616745
0.08543883264064787
0.08610372245311737
0.08809840679168701
0.08843085169792174
0.08976063877344131
0.0944148972630501
0.09674201905727385
0.08809840679168701
0.08710106462240219
0.08543883264064787
0.08743350952863693
0.08577127754688264
0.08809840679168701
0.08510638028383255
0.08178191632032393
0.08610372245311737
0.08178191632032393
0.07912234216928482
0.07912234216928482
0.0797872319817543
0.08045212924480438
0.08211436122655869
0.08011968433856963
0.0764627680182457
0.078125
0.07114361971616745
0.07613031566143037
0.07613031566143037
0.07413563877344131
0.0764627680182457
0.0764627680182457
0.07679521292448045
0.07446808367967604
0.07114361971616745
0.07579787075519562
0.0764627680182457
0.07513298094272612
0.0764627680182457
0.07380319386720657
0.07380319386720657
0.06948138028383255
0.07546542584896086
0.07280585169792174
0.07247340679168701
0.07214095443487166
0.07413563877344131
0.06815159320831299
0.07047872245311737
0.06848404556512833
0.07679521292448045
0.07579787075519562
0.078125
0.07280585169792174
0.078125
0.0764627680182457
0.0814494714140892
0.09640957415103912
0.10239361971616744
0.119348406791687
0.12433510273694992
0.14228723943233487
0.14295212924480438
0.13530585169792175
0.1226728707551956
0.12067819386720656
0.09308510273694992
0.07679521292448045
0.06515957415103912
0.06382978707551956
0.06615691632032393
0.05684840306639671
0.041888296604156494
0.0
0.10139627754688262
0.36070477962493896
0.786901593208313
1.0
0.5505319237709044
0.20113031566143036
