0.9535014033317566
0.7843137383460999
0.27731093764305115
0.0
0.17759104073047635
0.3008403480052948
0.3815126121044159
0.4330532252788544
0.4420168101787567
0.44985994696617126
0.462184876203537
0.47002801299095154
0.4627451002597809
0.467787116765976
0.46610644459724426
0.46666666865348816
0.472829133272171
0.4655462205410004
0.46834734082221985
0.472829133272171
0.4789915978908538
0.4801120460033417
0.4778711497783661
0.4812324941158295
0.4929971992969513
0.48403361439704895
0.4806722700595856
0.48851540684700007
0.494677871465683
0.49747899174690247
0.4952380955219269
0.4913165271282196
0.5098039507865906
0.5081232786178589
0.5165266394615173
0.5288515686988832
0.5226891040802002
0.529411792755127
0.5327731370925903
0.5490196347236633
0.5535014271736145
0.5585434436798096
0.5579832196235657
0.5316526889801024
0.5103641748428345
0.48403361439704895
0.4767507016658783
0.45826330780982966
0.4375350177288056
0.4324930012226105
0.4246498644351959
0.4229691922664642
0.41736695170402527
0.4246498644351959
0.42577031254768366
0.44425770640373224
0.45154061913490295
0.44649860262870794
0.4571428596973419
0.4633053243160248
0.45378151535987854
0.45770308375358576
0.45602241158485407
0.45770308375358576
0.45322129130363453
0.44985994696617126
0.44089636206626887
0.43417367339134216
0.4285714328289032
0.42577031254768366
0.4291316568851471
0.42240896821022034
0.42240896821022034
0.42072829604148865
0.4056022465229034
0.4056022465229034
0.41064426302909846
0.41008403897285456
0.4128851592540741
0.41904762387275696
0.4263305366039276
0.4285714328289032
0.42240896821022034
0.41736695170402527
0.42577031254768366
0.424089640378952
0.4330532252788544
0.4324930012226105
0.43417367339134216
0.4285714328289032
0.4268907606601715
0.43473389744758606
0.42745098471641535
0.4386554658412933
0.44425770640373224
0.4453781545162201
0.45322129130363453
0.47338935732841486
0.5047619342803955
0.5092437267303467
0.5086835026741028
0.4829131662845612
0.4717086851596832
0.4711484611034393
0.467787116765976
0.48235294222831726
0.4644257724285126
0.456582635641098
0.4627451002597809
0.4470588266849518
0.43641456961631775
0.43417367339134216
0.4392156898975372
0.4386554658412933
0.4476190507411957
0.44649860262870794
0.4476190507411957
0.45154061913490295
0.4504201710224152
0.40392157435417175
0.4896358549594879
0.734453797340393
1.0
0.9871148467063904
0.6464986205101013
0.2028011232614517
0.07507003098726273
0.3036414682865143
0.3899159729480744
0.45770308375358576
0.4997198879718781
0.5014005899429321
