0.9524744749069213
0.41751766204833984
0.12882953882217407
0.012961508706212044
0.09465828537940979
0.12843675911426544
0.11940298229455948
0.10722701996564864
0.1091908887028694
0.10801257193088531
0.10722701996564864
0.10879811644554138
0.11194030195474625
0.11351139098405838
0.11665357649326324
0.11743912100791933
0.12018853425979614
0.12136685103178024
0.12136685103178024
0.12843675911426544
0.13943441212177277
0.14296936988830566
0.14650432765483856
0.15318146347999573
0.15828751027584076
0.16653573513031003
0.1802828013896942
0.19599372148513797
0.2128829509019852
0.23369991779327393
0.2545168995857239
0.2788688242435456
0.3032207489013672
0.32992929220199585
0.35585230588912964
0.3853102922439575
0.40534171462059027
0.4218381643295288
0.42105263471603394
0.4041633903980255
0.3707776963710785
0.32757267355918884
0.28122544288635254
0.23527100682258603
0.19638648629188535
0.16849960386753082
0.1457187682390213
0.12372348457574844
0.11468970775604248
0.10879811644554138
0.10644147545099258
0.10329928994178772
0.10526315867900848
0.1044776141643524
0.10722701996564864
0.10879811644554138
0.10840534418821333
0.1044776141643524
0.10408484190702438
0.1068342477083206
0.10958366096019743
0.1068342477083206
0.10879811644554138
0.11194030195474625
0.10958366096019743
0.11076197773218154
0.10879811644554138
0.10487038642168044
0.10604870319366456
0.09976433962583539
0.10879811644554138
0.1021209731698036
0.09858601540327072
0.09622938185930253
0.09622938185930253
0.09583660960197447
0.09780047088861464
0.09347996860742569
0.09426551312208176
0.09190887957811357
0.09151610732078552
0.09073055535554883
0.08719559758901597
0.08915946632623672
0.0852317363023758
0.08994501084089278
0.08876669406890869
0.08798114955425262
0.08366064727306366
0.08208955079317092
0.08444619178771971
0.08366064727306366
0.0864100530743599
0.07973291724920271
0.08012568950653075
0.0840534195303917
0.08208955079317092
0.08326786756515504
0.08248232305049896
0.08562450855970383
0.08366064727306366
0.0793401449918747
0.0840534195303917
0.08130400627851486
0.07973291724920271
0.08012568950653075
0.082875095307827
0.07973291724920271
0.0816967785358429
0.08012568950653075
0.08562450855970383
0.09112332761287688
0.10329928994178772
0.11468970775604248
0.13079340755939484
0.1421838104724884
0.15357422828674316
0.17949725687503815
0.16653573513031003
0.1692851483821869
0.15946583449840543
0.13864886760711667
0.1139041632413864
0.0840534195303917
0.0699135884642601
0.06362922489643097
0.05538098886609077
0.0498821698129177
0.050667714327573776
0.045561663806438446
0.045561663806438446
0.04477611929178238
