1.0
0.9351574182510377
0.5374812483787537
0.23950524628162384
0.014242878183722496
0.0
0.06146926432847977
0.08733133226633072
0.08995502442121506
0.08845577389001846
0.09295352548360825
0.1026986539363861
0.10157421231269836
0.1034482792019844
0.11169414967298508
0.1165667176246643
0.11469265073537827
0.11769115179777144
0.1281859129667282
0.13193403184413907
0.13943028450012207
0.15029984712600708
0.1574212908744812
0.16229385137557983
0.1712893545627594
0.18778111040592196
0.1975262314081192
0.2188905477523804
0.24925038218498227
0.2739880084991455
0.297976016998291
0.3287106454372406
0.3470764756202698
0.36544227600097656
0.37856072187423706
0.3875562250614166
0.3804347813129425
0.3680659532546997
0.3407046496868133
0.30209895968437195
0.2683658301830292
0.23088455200195312
0.19902548193931577
0.1814092993736267
0.15554723143577576
0.14317840337753296
0.132683664560318
0.12556222081184387
0.12518741190433502
0.12143927812576293
0.11281859129667282
0.11769115179777144
0.11919040232896803
0.11844077706336976
0.11356821656227112
0.10569715499877928
0.11056971549987792
0.1079460233449936
0.11244377493858336
0.11131934076547623
0.11769115179777144
0.11244377493858336
0.11019489914178848
0.1064467802643776
0.11206896603107452
0.11469265073537827
0.11169414967298508
0.10982009023427965
0.10757121443748474
0.11094452440738677
0.11169414967298508
0.10757121443748474
0.10382308810949324
0.10757121443748474
0.10757121443748474
0.10119940340518951
0.10082458704710005
0.1026986539363861
0.10382308810949324
0.1019490286707878
0.10232383757829666
0.09670165181159972
0.10607196390628813
0.1034482792019844
0.09520240128040312
0.10157421231269836
0.10007496178150176
0.10982009023427965
0.11319340020418169
0.1026986539363861
0.1034482792019844
0.10532233864068984
0.10082458704710005
0.10682158917188644
0.10307346284389496
0.09857571125030515
0.09932533651590349
0.1019490286707878
0.10007496178150176
0.104947529733181
0.1019490286707878
0.10719639807939528
0.1180659681558609
0.13568216562271118
0.1566716581583023
0.17653673887252808
0.2035232335329056
0.22038979828357697
0.23538230359554288
0.23688155412673953
0.22113943099975583
0.20277361571788788
0.1922788619995117
0.15967015922069547
0.11019489914178848
0.08883058279752731
0.08133433014154434
0.08208395540714264
0.08133433014154434
0.08283358067274092
0.077211394906044
0.04647676274180412
0.09070464968681335
0.27248874306678766
0.712893545627594
0.9970015287399294
0.852323830127716
0.4883808195590973
0.24212893843650815
0.03448275849223137
0.03148425742983818
0.08358320593833923
