1.0
0.8994743824005128
0.49408674240112305
0.24835743010044095
0.0788436233997345
0.2529566287994385
0.3968462646007538
0.42969775199890137
0.4395532310009002
0.45860710740089417
0.4664914608001709
0.4855453372001648
0.4947437644004822
0.5
0.4855453372001648
0.4678055047988892
0.5177398324012756
0.5091984272003174
0.50722736120224
0.5105124711990356
0.5302233695983887
0.5400788187980652
0.5873849987983704
0.5873849987983704
0.6300919651985168
0.6688567399978638
0.7227332592010498
0.7339027523994445
0.7575558423995972
0.8081471920013428
0.8298291563987733
0.8416557312011719
0.8180026412010192
0.7818659543991088
0.6925098299980164
0.6130092144012451
0.5361366868019104
0.4927726686000824
0.4717476963996887
0.42575559020042414
0.41130092740058893
0.3856767416000366
0.3738501965999603
0.35019710659980774
0.3488830626010895
0.3541392982006073
0.3534822463989258
0.3561103940010071
0.3646517693996429
0.3462549149990082
0.3712220788002014
0.3692509829998016
0.37056505680084234
0.37450721859931946
0.38896188139915466
0.3718791007995605
0.38830485939979553
0.3942181468009949
0.3942181468009949
0.40275952219963074
0.40078842639923096
0.41524308919906616
0.3968462646007538
0.3837056457996368
0.38501971960067755
0.38896188139915466
0.3738501965999603
0.37450721859931946
0.38304862380027765
0.3699080049991608
0.3699080049991608
0.3541392982006073
0.3712220788002014
0.362023651599884
0.3626806735992432
0.3475689888000488
0.3488830626010895
0.3403416574001312
0.32917213439941406
0.3350854218006134
0.3541392982006073
0.384362667798996
0.42181339859962463
0.4520367980003357
0.453350841999054
0.463863343000412
0.4553219377994537
0.4789750277996063
0.4448094666004181
0.3666228652000427
0.3350854218006134
0.315374493598938
0.3081471621990204
0.31471747159957886
0.32194480299949646
0.32457292079925537
0.3160315454006195
0.32063075900077814
0.29960578680038447
0.31734558939933777
0.41787123680114746
0.5006570219993591
0.56570303440094
0.8758212924003601
0.9592640995979309
0.5453351140022278
0.2371879070997238
0.0
0.08607096225023268
0.3035479485988617
0.32654401659965515
0.3521682024002075
0.3909329771995544
0.3771353363990784
0.39356109499931335
0.3968462646007538
0.39553219079971313
0.39553219079971313
0.398160308599472
0.40275952219963074
0.3968462646007538
0.40735873579978943
0.4356110394001007
0.4428383708000183
0.4520367980003357
0.46189224720001215
0.0
0.0
0.0
0.0
0.0
0.0
