1.0
0.3538622260093689
0.26722338795661926
0.06367432326078415
0.1043841317296028
0.14822547137737274
0.1043841317296028
0.09290187805891038
0.08350730687379837
0.09185803681612015
0.0949895605444908
0.09185803681612015
0.08872651308774947
0.09290187805891038
0.10647181421518324
0.11899790912866592
0.12839248776435852
0.1315240114927292
0.16283924877643585
0.16388309001922607
0.16701461374759674
0.1805845499038696
0.1899791210889816
0.22964508831501007
0.2557411193847656
0.27348643541336054
0.30480167269706726
0.3361169099807739
0.35073068737983704
0.3820459246635437
0.425887256860733
0.4425887167453766
0.4697285890579224
0.4895615875720978
0.4509394466876984
0.4133611619472504
0.388308972120285
0.3549060523509979
0.3194154500961304
0.28914403915405273
0.26722338795661926
0.25678497552871704
0.23903965950012207
0.2442588657140732
0.22964508831501007
0.2317327708005905
0.22025051712989807
0.2223381996154785
0.2087682634592056
0.2181628346443176
0.2317327708005905
0.2411273419857025
0.2348642945289612
0.21920667588710785
0.2254697233438492
0.2160751521587372
0.2066805809736252
0.20981210470199585
0.21085594594478607
0.20981210470199585
0.24217118322849276
0.3089770376682281
0.3778705596923828
0.41753652691841125
0.4676409065723419
0.5125260949134827
0.5
0.521920680999756
0.4384133517742157
0.3580375909805298
0.26096034049987793
0.17849686741828918
0.1419624239206314
0.15762004256248474
0.1231732740998268
0.10751565545797348
0.09707724303007123
0.08872651308774947
0.07306889444589616
0.08037578314542769
0.19102296233177185
0.33298537135124207
0.5741127133369446
0.8841336369514465
0.25156575441360474
0.13987474143505096
0.0
0.10960333794355392
0.10020876675844193
0.07933194190263747
0.0657620057463646
0.07515657693147659
0.06680584698915482
0.07306889444589616
0.07515657693147659
0.09185803681612015
0.08768267184495926
0.09707724303007123
0.1033402904868126
0.1179540678858757
0.12734864652156827
0.14613778889179227
0.15970772504806519
0.16805845499038696
0.1878914386034012
0.21085594594478607
0.2359081357717514
0.25991648435592646
0.0
0.0
0.0
0.0
0.0
0.0
0.0
0.0
0.0
0.0
0.0
0.0
0.0
0.0
0.0
0.0
0.0
0.0
0.0
0.0
0.0
0.0
0.0
0.0
