0.9722449183464049
0.7383673191070557
0.1542857140302658
0.0
0.04897959157824516
0.1334693878889084
0.12326530367136
0.11877550929784773
0.12285714596509932
0.1216326504945755
0.12367346882820128
0.12040816247463226
0.12285714596509932
0.12448979914188384
0.13020408153533936
0.13183672726154327
0.12979592382907867
0.12897959351539612
0.13061223924160004
0.13591836392879486
0.14244897663593292
0.14571428298950195
0.15795917809009552
0.16693878173828125
0.1812244951725006
0.19061224162578583
0.20285713672637937
0.22489796578884125
0.24734693765640256
0.26897957921028137
0.30040815472602844
0.3338775634765625
0.3653061091899872
0.3934693932533264
0.42081633210182184
0.44163265824317927
0.43714284896850586
0.4057142734527588
0.35632652044296265
0.2897959053516388
0.2342857122421265
0.19020408391952515
0.1599999964237213
0.1391836702823639
0.12367346882820128
0.11306122690439224
0.11142857372760771
0.10571428388357162
0.10734693706035614
0.1061224490404129
0.10285714268684389
0.10326530784368516
0.10367347300052641
0.10448979586362837
0.10448979586362837
0.10571428388357162
0.10734693706035614
0.11224489659070969
0.11632653325796127
0.11673469096422195
0.11755102127790452
0.11877550929784773
0.1195918396115303
0.11755102127790452
0.12204081565141676
0.12326530367136
0.11877550929784773
0.11714285612106325
0.11836734414100646
0.11795918643474577
0.11877550929784773
0.11469388008117676
0.11142857372760771
0.10857142508029936
0.1040816307067871
0.1024489775300026
0.10122448951005936
0.09877551347017288
0.09428571164608
0.09510204195976256
0.11551020294427872
0.15959183871746063
0.16285714507102966
0.1583673506975174
0.16897958517074585
0.17306122183799744
0.1428571492433548
0.12775510549545288
0.12326530367136
0.11224489659070969
0.1040816307067871
0.0963265299797058
0.08938775211572646
0.08408163487911224
0.08408163487911224
0.08040816336870193
0.07836734503507614
0.07999999821186066
0.0848979577422142
0.08693877607583998
0.08693877607583998
0.08571428805589677
0.05795918405056
0.0028571428265422583
0.1367346942424774
0.3653061091899872
0.9212244749069213
1.0
0.509387731552124
0.09102040529251097
0.046938776969909675
0.11142857372760771
0.15224489569664
0.13061223924160004
0.12448979914188384
0.1253061294555664
0.12408163398504256
0.1314285695552826
0.13591836392879486
0.13755102455615997
0.13714285194873807
0.14000000059604645
0.14775510132312775
0.15020407736301422
0.15346938371658325
0.16122448444366455
0.16285714507102966
0.0
0.0
0.0
0.0
0.0
