1.0
0.891684889793396
0.429248720407486
0.17797228693962097
0.0
0.03902260959148407
0.10722100734710692
0.10284464061260223
0.10138584673404692
0.10284464061260223
0.10430342704057692
0.11524434387683868
0.12107950448989868
0.12509118020534515
0.12983223795890808
0.13420860469341278
0.14296133816242218
0.1447848230600357
0.1477024108171463
0.15572574734687805
0.1637490838766098
0.16885484755039215
0.17906637489795685
0.18781910836696625
0.1983953267335892
0.21407730877399445
0.23048868775367737
0.24726477265357968
0.27060538530349726
0.2954048216342926
0.3180160522460937
0.336250901222229
0.36287382245063776
0.3803792893886566
0.391684889793396
0.39606127142906183
0.3931436836719513
0.37709701061248774
0.3512035012245178
0.31655725836753845
0.2811816334724426
0.2516411244869232
0.2253829389810562
0.20386579632759091
0.18490153551101685
0.16849015653133392
0.16301968693733215
0.157913938164711
0.15681983530521393
0.14952589571475983
0.14697301387786865
0.140408456325531
0.1389496773481369
0.1389496773481369
0.14514952898025513
0.14697301387786865
0.1477024108171463
0.1506199836730957
0.152078777551651
0.15280817449092865
0.14879649877548215
0.14989058673381803
0.15098468959331512
0.15171407163143155
0.14989058673381803
0.14879649877548215
0.1506199836730957
0.14514952898025513
0.14223194122314453
0.1477024108171463
0.1447848230600357
0.14296133816242218
0.1447848230600357
0.146243616938591
0.14369073510169983
0.1418672502040863
0.14587892591953275
0.14369073510169983
0.14587892591953275
0.1477024108171463
0.14733770489692688
0.1447848230600357
0.14259664714336395
0.14223194122314453
0.14150255918502808
0.1360320895910263
0.13785557448863983
0.13676148653030396
0.13858497142791748
0.13785557448863983
0.1389496773481369
0.13967905938625336
0.140408456325531
0.1374908834695816
0.14223194122314453
0.157913938164711
0.17031364142894745
0.18891319632530207
0.1991247236728668
0.23960612714290616
0.24908825755119324
0.24908825755119324
0.2560175061225891
0.2206418663263321
0.2107950448989868
0.19110138714313507
0.15572574734687805
0.11962071806192398
0.10320933908224104
0.10065645724534988
0.09919766336679457
0.093727208673954
0.08898614346981049
0.07950401306152342
0.06382203102111816
0.11232677102088928
0.4062727987766266
0.8625091314315795
0.9843180179595948
0.8355215191841124
0.42013129591941833
0.15973742306232452
0.009117432869970798
0.058716267347335815
0.1243617832660675
0.12253829091787338
0.1258205622434616
0.12363238632678984
0.1258205622434616
0.12472647428512572
0.13202042877674103
0.13566739857196808
