1.0
0.7127248048782349
0.18893694877624512
0.03687684983015061
0.07193262130022049
0.07375369966030122
0.058502163738012314
0.05827452614903449
0.05258365720510482
0.05918506532907485
0.05918506532907485
0.0598679706454277
0.0673799216747284
0.06965626776218414
0.07694058865308762
0.07853402942419052
0.08103801310062408
0.09150921553373335
0.09264739602804185
0.09697245806455612
0.0997040718793869
0.09924880415201187
0.11154108494520187
0.11381743848323822
0.12679262459278107
0.1363532841205597
0.14545868337154388
0.1625313013792038
0.1718643307685852
0.19212383031845087
0.21261097490787503
0.22626906633377075
0.2451627552509308
0.257455050945282
0.26155248284339905
0.25062599778175354
0.22626906633377075
0.19918051362037656
0.15752333402633667
0.1304347813129425
0.10607784986495972
0.08376963436603546
0.07830639928579329
0.06123378127813339
0.06191668659448624
0.05804689228534698
0.058502163738012314
0.0598679706454277
0.056453447788953774
0.0537218302488327
0.05258365720510482
0.050079673528671265
0.049624402076005936
0.04347826167941093
0.04780332371592522
0.043933529406785965
0.03892556205391884
0.043933529406785965
0.035966310650110245
0.042112451046705246
0.03778738901019096
0.03619394451379776
0.04051900655031204
0.034145232290029526
0.038242660462856286
0.03664921596646309
0.03073070757091045
0.03164124861359596
0.029364898800849915
0.035055771470069885
0.030503073707222935
0.029592532664537426
0.034145232290029526
0.029592532664537426
0.033234693109989166
0.03482813388109207
0.03277942165732384
0.039153199642896645
0.03619394451379776
0.04370589554309845
0.040746644139289856
0.0459822453558445
0.05394946411252022
0.04347826167941093
0.051673118025064475
0.047120418399572365
0.05030730739235877
0.04416116699576378
0.03778738901019096
0.04416116699576378
0.0352834053337574
0.02025950327515602
0.024812201038002968
0.01821078918874264
0.01821078918874264
0.01980423368513584
0.017983155325055122
0.0207147728651762
0.013430457562208176
0.012975187972187996
0.013885727152228355
0.0031868882942944765
0.0
0.1593444049358368
0.46687912940979
0.7345777153968811
0.9831550121307373
0.6542226076126099
0.15001137554645538
0.033234693109989166
0.07079444825649261
0.05964033678174018
0.05781925842165946
0.046209879219532006
0.04848622903227806
0.04825859144330025
0.04507170617580414
0.05417710170149803
0.04825859144330025
0.051900751888751984
0.04985203593969345
0.05258365720510482
0.0644206702709198
0.05781925842165946
0.06328249722719193
0.07329843193292618
0.07739585638046265
0.0
0.0
0.0
0.0
0.0
