0.9971925616264344
0.45873105525970453
0.1117349788546562
0.0
0.1167883202433586
0.2172936499118805
0.23638404905796048
0.23413813114166257
0.23919147253036496
0.24705222249031064
0.24312184751033783
0.2515440881252289
0.25715890526771545
0.2610892653465271
0.26165077090263367
0.26501965522766113
0.2711959481239319
0.2829870879650116
0.27961820363998413
0.2857944965362549
0.2925322949886322
0.31106120347976685
0.3279056847095489
0.3391353189945221
0.36271756887435913
0.3795620501041412
0.39809095859527593
0.4132509827613831
0.42841100692749023
0.42728802561759943
0.4329028725624085
0.42167320847511286
0.4053902328014374
0.3924761414527893
0.36271756887435913
0.3419427275657654
0.3295901119709015
0.30600786209106445
0.29590117931365967
0.28691744804382324
0.2852330207824707
0.27456486225128174
0.2740033566951752
0.277372270822525
0.2762492895126343
0.2756878137588501
0.27456486225128174
0.2756878137588501
0.2813026309013366
0.2824256122112274
0.2857944965362549
0.2807411551475525
0.28916338086128235
0.29140931367874146
0.288040429353714
0.30600786209106445
0.30600786209106445
0.30376192927360535
0.3043234050273895
0.30095452070236206
0.2902863621711731
0.29477822780609125
0.3419427275657654
0.37113979458808893
0.3733857274055481
0.3812464773654938
0.4222347140312194
0.44974732398986816
0.449185848236084
0.3801235258579254
0.36440202593803406
0.31779900193214417
0.2902863621711731
0.28972488641738886
0.25996631383895874
0.25491297245025635
0.25491297245025635
0.25435149669647217
0.26726558804512024
0.25435149669647217
0.24929814040660855
0.25042110681533813
0.2633351981639862
0.3032004535198212
0.41942727565765375
0.4632229208946228
0.6530039310455321
1.0
0.5451993346214294
0.15047726035118103
0.014598540030419827
0.12071869522333144
0.22234699130058289
0.2751263380050659
0.26052778959274286
0.25547444820404047
0.2565974295139313
0.2610892653465271
0.2638966739177704
0.27175745368003845
0.27456486225128174
0.2661426067352295
0.2689500153064728
0.2762492895126343
0.0
0.0
0.0
0.0
0.0
0.0
0.0
0.0
0.0
0.0
0.0
0.0
0.0
0.0
0.0
0.0
0.0
0.0
0.0
0.0
0.0
0.0
0.0
0.0
0.0
0.0
0.0
0.0
