1.0
0.5339869260787964
0.3058823645114898
0.08366013318300246
0.03104575164616108
0.08856209367513657
0.13725490868091583
0.13431373238563535
0.13300654292106628
0.13464052975177765
0.1375817060470581
0.1424836665391922
0.143464058637619
0.1447712481021881
0.14934641122817993
0.15130719542503357
0.15490196645259857
0.1558823585510254
0.16339869797229767
0.1666666716337204
0.17222222685813904
0.17941176891326904
0.18856209516525269
0.19869281351566315
0.21339869499206543
0.22385621070861816
0.2352941185235977
0.24281045794487
0.25424838066101074
0.25718954205513
0.26045751571655273
0.2584967315196991
0.2562091648578644
0.24477124214172363
0.22483660280704496
0.20228758454322812
0.18333333730697632
0.16601307690143585
0.1496732085943222
0.1424836665391922
0.13562092185020447
0.1281045824289322
0.1281045824289322
0.1218954250216484
0.12352941185235976
0.12156862765550612
0.12156862765550612
0.11993464082479476
0.11666666716337204
0.1183006539940834
0.11568627506494522
0.11862745136022568
0.1147058829665184
0.1120915040373802
0.1120915040373802
0.11405228823423384
0.1147058829665184
0.1111111119389534
0.10915032774209976
0.10882353037595748
0.10424836724996565
0.10588235408067705
0.10163398832082748
0.10098039358854292
0.1039215698838234
0.1003267988562584
0.10065359622240067
0.09869281202554703
0.09542483836412428
0.09346405416727066
0.09673202782869339
0.09281045943498611
0.09673202782869339
0.09150326997041702
0.08986928313970564
0.0941176488995552
0.0941176488995552
0.09150326997041702
0.09313725680112839
0.08954248577356337
0.09313725680112839
0.0941176488995552
0.10555555671453476
0.10424836724996565
0.11666666716337204
0.12385620921850204
0.13692811131477356
0.14542484283447263
0.13692811131477356
0.12516340613365173
0.11633986979722977
0.10522875934839249
0.10915032774209976
0.11045751720666884
0.0941176488995552
0.06993464380502701
0.06601307541131973
0.06928104907274246
0.06601307541131973
0.06960784643888474
0.07287582010030745
0.07254902273416518
0.0748366042971611
0.07549019902944563
0.08267974108457565
0.08496732264757155
0.07385621219873427
0.07026144117116928
0.20326797664165497
0.5702614188194275
0.963071882724762
0.5669934749603271
0.32320261001586914
0.1111111119389534
0.0
0.049346406012773514
0.11666666716337204
0.1183006539940834
0.11928104609251022
0.11928104609251022
0.12320261448621748
0.1281045824289322
0.13692811131477356
0.13366013765335083
0.13725490868091583
0.1411764770746231
0.14575164020061493
0.14738562703132627
0.1532679796218872
0.15980392694473267
0.16470588743686676
0.1725490242242813
