1.0
0.8725743889808655
0.46507114171981806
0.23221215605735776
0.12613195180892944
0.15588615834712982
0.17464424669742584
0.190168172121048
0.20375162363052368
0.1688227653503418
0.19534282386302948
0.1694695949554443
0.17852522432804108
0.17205692827701569
0.18240621685981753
0.1707632541656494
0.19987063109874725
0.20116429030895236
0.1946959942579269
0.19987063109874725
0.20439845323562625
0.24191461503505704
0.24967658519744876
0.2205692082643509
0.2813712954521179
0.3059508502483368
0.33829236030578613
0.3758085370063782
0.37839585542678833
0.41914618015289307
0.47089263796806335
0.4670116305351257
0.5019404888153076
0.5200517177581787
0.5459249615669249
0.462483823299408
0.4359637796878815
0.4062095582485199
0.3564036190509796
0.3130659759044647
0.2755497992038727
0.2690815031528473
0.23285898566246033
0.2386804670095444
0.2244502007961273
0.21410091221332553
0.19081500172615048
0.23544631898403168
0.20310477912425995
0.21474774181842804
0.20569211244583127
0.2069857716560364
0.20181111991405487
0.19793014228343964
0.19987063109874725
0.19340233504772184
0.221862867474556
0.19340233504772184
0.2024579495191574
0.20957309007644653
0.18693402409553528
0.20504528284072876
0.208926260471344
0.21798188984394076
0.18305304646492004
0.18822768330574036
0.17981888353824615
0.20181111991405487
0.177231565117836
0.1804657131433487
0.18822768330574036
0.2076326012611389
0.18693402409553528
0.19534282386302948
0.20116429030895236
0.1778783947229385
0.18111254274845123
0.17011642456054688
0.18305304646492004
0.1739974170923233
0.16494178771972656
0.18305304646492004
0.16623544692993164
0.1623544692993164
0.17593790590763092
0.177231565117836
0.20569211244583127
0.18305304646492004
0.17529107630252838
0.1694695949554443
0.19340233504772184
0.22962483763694763
0.2522639036178589
0.2542043924331665
0.2703751623630524
0.2794307768344879
0.32729625701904297
0.32858991622924805
0.29042690992355347
0.28654593229293823
0.25485122203826904
0.19081500172615048
0.13583441078662872
0.14424321055412292
0.1293660998344421
0.13324709236621857
0.13260026276111603
0.16170763969421387
0.14100906252861023
0.14683052897453308
0.13648124039173126
0.07373867928981781
0.0
0.32729625701904297
0.9838292598724365
0.9676584601402282
0.7024579644203186
0.28783959150314326
0.1940491646528244
0.13842172920703888
0.1655886173248291
0.18240621685981753
0.16623544692993164
0.16300129890441895
0.177231565117836
0.1946959942579269
0.17141008377075195
0.18305304646492004
0.1688227653503418
0.18952134251594543
0.18305304646492004
0.20569211244583127
