0.9670836329460144
0.749835431575775
0.10335747152566908
0.0
0.052007898688316345
0.11257406324148178
0.09874917566776276
0.10599078238010406
0.10928241908550262
0.10467413067817688
0.0796576663851738
0.07768268883228302
0.09216590225696564
0.10862409323453905
0.10862409323453905
0.12179065495729446
0.13495720922946927
0.15536537766456604
0.16919025778770447
0.1909150779247284
0.18301513791084287
0.2271231114864349
0.2633311450481415
0.3015141487121582
0.3350888788700104
0.38578012585639954
0.4358130395412445
0.49242922663688654
0.5134957432746887
0.5339038968086243
0.5510203838348389
0.542462170124054
0.5161290168762207
0.4575378596782684
0.410796582698822
0.36010533571243286
0.3028308153152466
0.27452272176742554
0.23173139989376068
0.2047399580478668
0.16524028778076172
0.16984859108924863
0.15404871106147766
0.14944042265415192
0.14417380094528198
0.15339039266109467
0.16392363607883453
0.17643186450004575
0.1797235012054443
0.20342330634593964
0.21658986806869504
0.2251481264829636
0.23107308149337769
0.24358130991458887
0.24423962831497192
0.24292297661304477
0.23963133990764615
0.23436471819877625
0.23502303659915924
0.25608953833580017
0.24423962831497192
0.24292297661304477
0.24423962831497192
0.2238314747810364
0.2198815047740936
0.221856489777565
0.23238973319530487
0.221856489777565
0.21922317147254944
0.2086899280548096
0.21198156476020807
0.20408163964748385
0.20803159475326535
0.19881500303745267
0.19420671463012693
0.18499012291431427
0.18301513791084287
0.19815668463706967
0.20408163964748385
0.1955233663320541
0.20276497304439545
0.21198156476020807
0.20342330634593964
0.1895984262228012
0.18564845621585843
0.18564845621585843
0.18038183450698847
0.18564845621585843
0.1882817596197128
0.17774851620197296
0.17050690948963165
0.17248189449310303
0.18038183450698847
0.18367347121238708
0.20671494305133817
0.24094799160957336
0.2718893885612488
0.27320605516433716
0.2949308753013611
0.3429888188838959
0.36076366901397705
0.3206056654453277
0.2876892685890198
0.222514808177948
0.2047399580478668
0.15470704436302185
0.13956549763679504
0.13956549763679504
0.1323238909244537
0.1342988759279251
0.127715602517128
0.0947992131114006
0.15470704436302185
0.3232389688491821
0.5938116908073425
1.0
0.9447004795074464
0.32784727215766907
0.1882817596197128
0.1757735311985016
0.23370638489723203
0.21658986806869504
0.2073732763528824
0.1922317296266556
0.19157339632511136
0.19486504793167117
0.1922317296266556
0.19881500303745267
0.1994733363389969
0.21198156476020807
0.2251481264829636
0.23238973319530487
