0.938984215259552
0.5413416624069214
0.0495753176510334
0.041428323835134506
0.09291038662195203
0.12619172036647797
0.12324492633342742
0.11856473982334136
0.12133818864822388
0.1225515678524971
0.12809845805168152
0.13225862383842468
0.13641878962516785
0.14179234206676483
0.14213901758193967
0.1469925493001938
0.15895302593708038
0.17091350257396698
0.17559368908405304
0.18616744875907895
0.20367480814456937
0.22135552763938904
0.23990292847156525
0.2695441246032715
0.2946784496307373
0.3175593614578247
0.3371468186378479
0.3503206670284271
0.3633211851119995
0.35968104004859924
0.3305598795413971
0.2920783460140228
0.2483966052532196
0.20991505682468412
0.1759403645992279
0.14907263219356537
0.1334720104932785
0.11960478127002716
0.1166580021381378
0.11301785707473753
0.1100710704922676
0.10937771201133728
0.10937771201133728
0.11024440824985504
0.1072976216673851
0.10833767056465148
0.11197781562805176
0.11180447041988371
0.11579129844903945
0.11752469837665556
0.11613798141479492
0.1225515678524971
0.11787138134241104
0.11353787779808044
0.11509793996810912
0.11024440824985504
0.10851100832223892
0.10747096687555312
0.10816432535648345
0.1024440973997116
0.10383082181215286
0.10365747660398485
0.10209741443395615
0.10053735226392745
0.0968972072005272
0.09724389016628264
0.09949731081724167
0.0968972072005272
0.09585716575384141
0.09377708286046979
0.09412376582622528
0.09395042806863783
0.09273704141378401
0.0915236622095108
0.08701681345701218
0.09221702069044112
0.09273704141378401
0.08909689635038374
0.0866701304912567
0.08771017193794249
0.09273704141378401
0.08944357931613922
0.08511006832122801
0.08580343425273894
0.09135031700134275
0.09135031700134275
0.08684347569942473
0.08892355859279633
0.08857687562704086
0.08701681345701218
0.08753683418035507
0.09187034517526625
0.08528341352939604
0.08285664767026901
0.09239036589860915
0.09828393161296844
0.11180447041988371
0.13087190687656403
0.12359160929918288
0.12341827154159545
0.12411163002252577
0.11735136061906815
0.11284451186656952
0.11804471909999847
0.08719015121459961
0.08927023410797118
0.09065695852041245
0.08649679273366928
0.0844167098402977
0.0844167098402977
0.08684347569942473
0.07852314412593842
0.07921650260686873
0.08511006832122801
0.028081122785806652
0.04264170676469802
0.23383602499961853
0.5446351170539856
1.0
0.8153926134109497
0.29554516077041626
0.0
0.03917489945888519
0.09793724864721298
0.12081816792488098
0.11197781562805176
0.0
0.0
0.0
0.0
0.0
0.0
