0.9142857193946838
0.9222857356071472
0.5908571481704712
0.14971429109573364
0.0
0.23600000143051147
0.32171428203582764
0.38685715198516846
0.41428571939468384
0.4337143003940582
0.4451428651809692
0.4542857110500336
0.4617142975330353
0.45942857861518854
0.46799999475479126
0.46285715699195856
0.4714285731315613
0.4611428678035736
0.45657142996788014
0.4714285731315613
0.47028571367263794
0.46799999475479126
0.4657142758369446
0.4600000083446503
0.4760000109672546
0.4760000109672546
0.473714292049408
0.4708571434020996
0.473714292049408
0.4811428487300873
0.4782857000827789
0.479999989271164
0.48285713791847223
0.48571428656578064
0.48857143521308893
0.486857146024704
0.49257144331932073
0.50342857837677
0.5142857432365417
0.5297142863273621
0.5428571701049805
0.5485714077949524
0.545714259147644
0.526285707950592
0.5131428837776184
0.48800000548362726
0.4697142839431762
0.44914284348487854
0.4451428651809692
0.43885713815689087
0.4314285814762115
0.42114284634590154
0.42114284634590154
0.43771427869796753
0.42914286255836487
0.4297142922878265
0.43028572201728815
0.4411428570747376
0.4434285759925842
0.4445714354515076
0.44685715436935425
0.4560000002384186
0.45542857050895685
0.4434285759925842
0.44057142734527593
0.4382857084274292
0.4417142868041992
0.4257142841815949
0.4251428544521332
0.42685714364051813
0.4274285733699799
0.4228571355342865
0.4160000085830688
0.4091428518295288
0.41657143831253046
0.40742856264114374
0.40857142210006714
0.41428571939468384
0.4057142734527588
0.4171428680419922
0.41771429777145386
0.4131428599357605
0.42114284634590154
0.41657143831253046
0.4194285571575165
0.4245714247226715
0.42800000309944153
0.4314285814762115
0.4239999949932098
0.4297142922878265
0.4308571517467498
0.4239999949932098
0.43028572201728815
0.43314287066459656
0.43714284896850586
0.4337143003940582
0.43599998950958246
0.4314285814762115
0.43771427869796753
0.44400000572204584
0.4382857084274292
0.4588571488857269
0.4839999973773956
0.4937142729759216
0.48514285683631897
0.4942857027053833
0.4685714244842529
0.4657142758369446
0.4674285650253296
0.45828571915626526
0.4480000138282776
0.43314287066459656
0.44400000572204584
0.4245714247226715
0.40457141399383534
0.4068571329116821
0.41142857074737543
0.4148571491241455
0.41371428966522217
0.4154285788536072
0.4239999949932098
0.42628571391105646
0.4222857058048248
0.3914285600185394
0.4097142815589905
0.5920000076293945
0.9074285626411438
1.0
0.87714284658432
0.35199999809265137
0.031428571790456765
0.1879999935626984
