1.0
0.8388336896896361
0.5825055837631226
0.33258572220802307
0.1749439239501953
0.12207625806331635
0.08490868657827377
0.06087792292237282
0.06696571409702301
0.05735341086983681
0.05446971952915192
0.05158603191375733
0.05575136095285416
0.05094521120190621
0.049343157559633255
0.044857416301965714
0.05511054024100304
0.05607177317142487
0.045177828520536416
0.044857416301965714
0.041973724961280816
0.046139057725667953
0.05479013174772263
0.05671259388327599
0.05991669371724129
0.06536366790533066
0.08266581594944
0.09996795654296876
0.10317206382751463
0.126882404088974
0.14418455958366394
0.1553989052772522
0.17077860236167908
0.1743031144142151
0.16917654871940613
0.17654597759246826
0.1534764468669891
0.1432233303785324
0.1272028237581253
0.11727010458707808
0.1079782098531723
0.09644344449043274
0.09388016909360883
0.08683114498853683
0.09676385670900346
0.08170457929372787
0.09067606180906296
0.09163729846477507
0.08811278641223907
0.08715155720710753
0.10221082717180252
0.11054149270057678
0.10573533922433852
0.11246395111083984
0.11823133379220963
0.11951297521591187
0.12463954091072083
0.1175905168056488
0.1211150288581848
0.13008651137351987
0.1332906186580658
0.12143544107675552
0.13585388660430908
0.14226210117340088
0.15443767607212067
0.16597244143486023
0.19192565977573395
0.18679910898208615
0.2002563327550888
0.16565203666687012
0.13809676468372345
0.11694969236850739
0.10925985127687454
0.10509452223777772
0.1018904224038124
0.08651073276996611
0.10285165160894393
0.09420057386159898
0.05286766961216927
0.0
0.08779237419366835
0.31015700101852417
0.6859980821609497
0.9945530295372008
0.8529317378997802
0.6055751442909241
0.3806472420692444
0.19865427911281583
0.1393783986568451
0.09932713955640794
0.08971483260393143
0.07529637962579726
0.08298622071743011
0.07721883803606033
0.0765780210494995
0.0762576088309288
0.08010253310203552
0.07689843326807022
0.07241268455982208
0.06888817995786667
0.06536366790533066
0.0698494091629982
0.06792694330215454
0.06055751442909241
0.0
0.0
0.0
0.0
0.0
0.0
0.0
0.0
0.0
0.0
0.0
0.0
0.0
0.0
0.0
0.0
0.0
0.0
0.0
0.0
0.0
0.0
0.0
0.0
0.0
0.0
0.0
0.0
