0.995739221572876
0.8240306973457336
0.22709842026233676
0.03110353648662567
0.07200681418180466
0.14103110134601593
0.1414571851491928
0.13378781080245972
0.13719642162322998
0.13250958919525146
0.12995313107967377
0.14486578106880188
0.146570086479187
0.14571793377399445
0.14486578106880188
0.14017894864082336
0.14742223918437955
0.1414571851491928
0.14997869729995728
0.15296122431755063
0.1567959040403366
0.16787387430667877
0.1623348891735077
0.17298679053783417
0.18108223378658292
0.19599488377571103
0.2275245040655136
0.23945462703704837
0.2658713161945343
0.29782700538635254
0.3340434730052948
0.3770771324634552
0.41158926486968994
0.44397103786468506
0.4772049486637115
0.5053259730339049
0.5172560811042786
0.4797613918781281
0.4226672351360321
0.3561994135379791
0.2944183945655823
0.23860247433185575
0.19045589864254
0.161908820271492
0.1389007270336151
0.12441414594650269
0.12697060406208038
0.1137622520327568
0.10438857972621916
0.10311035066843031
0.1035364270210266
0.10097997635602952
0.10012782365083694
0.10097997635602952
0.10481465607881546
0.10183212906122208
0.1065189614892006
0.1014060527086258
0.10481465607881546
0.10992756485939024
0.11205794662237167
0.11504047363996504
0.11461440473794936
0.10992756485939024
0.11291009932756424
0.10012782365083694
0.11205794662237167
0.10012782365083694
0.1060928851366043
0.1035364270210266
0.10268427431583405
0.1060928851366043
0.11035364121198654
0.10992756485939024
0.10737111419439316
0.09757136553525923
0.10097997635602952
0.09075415134429933
0.08265871554613113
0.0886237770318985
0.08904985338449478
0.09501491487026215
0.08649339526891708
0.0967192128300667
0.10097997635602952
0.0962931364774704
0.10268427431583405
0.1060928851366043
0.10907541215419768
0.13549211621284485
0.1491265445947647
0.1597784459590912
0.16276097297668457
0.16829995810985565
0.1793779283761978
0.161908820271492
0.1670217365026474
0.15594375133514404
0.14103110134601593
0.12824882566928864
0.1116318702697754
0.11418832838535307
0.09373668581247328
0.09799744188785553
0.09842351824045181
0.09032807499170303
0.08777162432670593
0.080954410135746
0.08393693715333937
0.08010225743055342
0.07967618107795715
0.09032807499170303
0.0783979520201683
0.05624201148748398
0.0
0.06007669493556023
0.2326374053955078
0.727737545967102
1.0
0.7064337730407715
0.17383894324302673
0.054537706077098846
0.08990200608968735
0.1567959040403366
0.14401362836360931
0.12867490947246552
0.13250958919525146
0.1239880695939064
0.1291009783744812
0.12441414594650269
0.12739667296409607
0.1367703378200531
