1.0
0.6862068772315979
0.3000000119209289
0.19022987782955167
0.14482758939266205
0.12011494487524033
0.11264368146657944
0.09482758492231368
0.10919540375471117
0.06954023241996765
0.08908046036958694
0.09425287693738936
0.09195402264595032
0.11206896603107452
0.07816091924905777
0.10402298718690872
0.09885057806968689
0.09482758492231368
0.12183908373117446
0.10402298718690872
0.12126436829566956
0.12011494487524033
0.10459770262241364
0.13333334028720856
0.11091954261064528
0.13678160309791565
0.1431034505367279
0.16781608760356903
0.2017241418361664
0.22126436233520508
0.2586206793785095
0.29137930274009705
0.3063218295574188
0.3333333432674408
0.3247126340866089
0.3534482717514038
0.33850574493408203
0.32298851013183594
0.31954023241996765
0.28045976161956787
0.2666666805744171
0.24885056912899017
0.21206896007061005
0.228735625743866
0.1741379350423813
0.17011494934558868
0.1741379350423813
0.16724137961864471
0.1827586144208908
0.15747126936912537
0.1747126430273056
0.1787356287240982
0.170689657330513
0.18620689213275907
0.1666666716337204
0.17701148986816406
0.18045976758003235
0.17758621275424957
0.19942528009414673
0.16091954708099365
0.16551724076271057
0.18103447556495664
0.16724137961864471
0.1827586144208908
0.15402299165725708
0.16034482419490814
0.16954022645950317
0.1747126430273056
0.1787356287240982
0.15689654648303983
0.18160919845104215
0.1781609207391739
0.16091954708099365
0.1948275864124298
0.1522988528013229
0.1591954082250595
0.1591954082250595
0.14770114421844482
0.17241379618644714
0.13793103396892548
0.1551724076271057
0.1482758671045303
0.1304597705602646
0.15344826877117157
0.107471264898777
0.12413793057203291
0.10057470947504044
0.10057470947504044
0.10919540375471117
0.07586207240819931
0.08620689809322357
0.10000000149011612
0.08563218265771866
0.10632184147834776
0.07528735697269438
0.09540230035781859
0.0913793072104454
0.07873563468456268
0.09597700834274293
0.07586207240819931
0.09425287693738936
0.08850574493408203
0.07356321811676025
0.07471264153718947
0.05689655244350433
0.07011494040489197
0.07183907926082611
0.0672413781285286
0.08333333581686019
0.06149425357580185
0.07816091924905777
0.07873563468456268
0.12413793057203291
0.15402299165725708
0.15172414481639862
0.1591954082250595
0.15000000596046448
0.16551724076271057
0.1850574761629105
0.12988506257534027
0.11264368146657944
0.11781609058380126
0.08218390494585037
0.08448275923728944
0.05804597586393356
0.0712643712759018
0.07413793355226515
0.07528735697269438
0.08678160607814787
0.02413793094456196
0.0
0.23505747318267825
