0.9944077134132384
0.9420437216758728
0.451448917388916
0.07981698215007782
0.0
0.030503304675221443
0.06863243877887726
0.05846466869115829
0.06304015964269638
0.06304015964269638
0.07066598534584045
0.07473309338092805
0.084900863468647
0.08337569981813431
0.09100152552127838
0.09964412450790404
0.1123538389801979
0.12557193636894226
0.1413319706916809
0.15556685626506803
0.1692933440208435
0.19979664683341977
0.22623284161090848
0.24250127375125885
0.2816471755504608
0.3162176012992859
0.35282155871391296
0.3873919546604157
0.4173868894577026
0.4478901922702789
0.4763599336147308
0.4814438223838806
0.46110829710960394
0.4189120531082153
0.35231316089630127
0.30249109864234924
0.23436705768108368
0.1748856157064438
0.1398068070411682
0.10676156729459763
0.09100152552127838
0.08286730945110321
0.0843924731016159
0.08185053616762161
0.07015760242938995
0.07371632009744643
0.07473309338092805
0.08337569981813431
0.08896797150373459
0.09252668917179108
0.08998474478721617
0.09557702392339705
0.10218606889247894
0.09405185282230376
0.10930350422859192
0.10523640364408492
0.10167767852544785
0.10218606889247894
0.08947636187076569
0.10167767852544785
0.10269445925951004
0.09405185282230376
0.09811896085739136
0.08896797150373459
0.09201829880475998
0.08591764420270918
0.08286730945110321
0.07574987411499022
0.08642602711915971
0.08286730945110321
0.08032536506652832
0.07778342813253401
0.07473309338092805
0.08185053616762161
0.07219115644693375
0.07829181849956512
0.07778342813253401
0.07524148374795914
0.07625826448202133
0.08795119822025299
0.09557702392339705
0.13370615243911743
0.13370615243911743
0.12963904440402985
0.15912556648254395
0.18708693981170652
0.16522623598575592
0.1387900412082672
0.11540416628122328
0.10116929560899734
0.07219115644693375
0.055922724306583405
0.05439756065607071
0.061514995992183685
0.059481441974639886
0.05134722962975503
0.06304015964269638
0.06456533074378967
0.06049821898341178
0.054905947297811515
0.12353838235139845
0.24199287593364716
0.6385358572006226
1.0
0.9552618265151976
0.45246568322181696
0.10930350422859192
0.024911031126976013
0.07676664739847182
0.09862735122442243
0.0874428078532219
0.10015251487493516
0.09964412450790404
0.10574478656053544
0.109811894595623
0.11845450103282928
0.11642094701528548
0.12201321870088576
0.1418403685092926
0.144890695810318
0.15505845844745636
0.1728520542383194
0.0
0.0
0.0
0.0
0.0
0.0
0.0
0.0
0.0
0.0
