1.0
0.669366717338562
0.28203240036964417
0.08468335866928099
0.016200294718146324
0.21723122894763944
0.28718703985214233
0.2901325523853302
0.3173784911632538
0.33505153656005854
0.3409425616264343
0.3483063280582428
0.35640648007392883
0.3527245819568634
0.3578792214393616
0.35861560702323914
0.3689248859882354
0.37039765715599055
0.37923416495323187
0.392488956451416
0.3946980834007263
0.4108983874320984
0.41531664133071894
0.4278350472450256
0.4513991177082062
0.48748159408569336
0.5132547616958617
0.5625920295715332
0.6038291454315186
0.6472753882408142
0.6737849712371825
0.6899852752685547
0.7179675698280334
0.7231222391128541
0.7010309100151062
0.6597937941551208
0.607511043548584
0.5331369638442993
0.47201767563819885
0.41531664133071894
0.3689248859882354
0.34241530299186707
0.3269513845443725
0.3129602372646332
0.2989690601825714
0.29307806491851807
0.29086893796920776
0.2945508062839508
0.28718703985214233
0.29823270440101624
0.2835051417350769
0.2827687859535217
0.2901325523853302
0.2886597812175751
0.29160529375076294
0.2952871918678284
0.30486008524894714
0.299705445766449
0.3033873438835144
0.3092783391475677
0.307805597782135
0.31369662284851074
0.3107511103153229
0.3085419833660126
0.3033873438835144
0.2989690601825714
0.29307806491851807
0.29160529375076294
0.2879234254360199
0.2886597812175751
0.2886597812175751
0.2790868878364563
0.2790868878364563
0.27835050225257874
0.27761414647102356
0.2746686339378357
0.2827687859535217
0.2680412232875824
0.2746686339378357
0.276877760887146
0.27982327342033386
0.28424152731895447
0.2835051417350769
0.27982327342033386
0.27761414647102356
0.28203240036964417
0.2827687859535217
0.27835050225257874
0.28203240036964417
0.2812960147857666
0.27982327342033386
0.27245950698852534
0.26509574055671686
0.27245950698852534
0.27098673582077026
0.2695139944553375
0.27540501952171326
0.2739322483539581
0.2827687859535217
0.2717231214046478
0.27245950698852534
0.2739322483539581
0.27540501952171326
0.2739322483539581
0.26877760887146
0.27761414647102356
0.27098673582077026
0.2739322483539581
0.26656848192214966
0.276877760887146
0.2695139944553375
0.27245950698852534
0.2680412232875824
0.2695139944553375
0.26288658380508423
0.27245950698852534
0.26362296938896174
0.27982327342033386
0.2952871918678284
0.31885126233100886
0.3166421353816986
0.3144329786300659
0.2901325523853302
0.2886597812175751
0.29160529375076294
0.30486008524894714
0.27982327342033386
0.26877760887146
0.23048600554466248
0.2452135533094406
0.2555228173732757
0.25625920295715326
