1.0
0.4915413558483124
0.0886591449379921
0.0
0.0021929824724793434
0.07894736528396606
0.1262531280517578
0.16854636371135712
0.18139097094535828
0.190476194024086
0.19329573214054108
0.20332080125808716
0.20144110918045044
0.20895989239215848
0.2136591523885727
0.2214912325143814
0.22462406754493716
0.2277568876743317
0.23715539276599884
0.25156641006469727
0.2584586441516876
0.2703634202480316
0.2850877046585083
0.29605263471603394
0.3123433589935303
0.3327067792415619
0.3480576574802398
0.37030074000358576
0.3878446221351624
0.4088345766067505
0.42418545484542847
0.44016289710998535
0.44016289710998535
0.42199248075485224
0.3818922340869904
0.3327067792415619
0.2910400927066803
0.2543859779834748
0.2243107706308365
0.21271929144859317
0.19862155616283417
0.18765664100646967
0.18295739591121676
0.18139097094535828
0.18233083188533783
0.18734335899353027
0.19674184918403623
0.1979949921369553
0.2017543911933899
0.20551379024982447
0.20927318930625916
0.20895989239215848
0.20676691830158236
0.20739348232746124
0.20676691830158236
0.20676691830158236
0.2023809552192688
0.20300751924514768
0.19548872113227844
0.19548872113227844
0.199874684214592
0.19956140220165247
0.19830827414989471
0.205827072262764
0.20300751924514768
0.20332080125808716
0.20864661037921903
0.20457392930984497
0.20739348232746124
0.20269423723220825
0.2005012482404709
0.19956140220165247
0.20206767320632932
0.19830827414989471
0.19956140220165247
0.2005012482404709
0.1989348381757736
0.20144110918045044
0.20332080125808716
0.205827072262764
0.21303258836269376
0.2243107706308365
0.23652882874011996
0.24028822779655457
0.2525062561035156
0.2465538829565048
0.2703634202480316
0.2678571343421936
0.245300754904747
0.2108395993709564
0.19674184918403623
0.18483708798885343
0.17481203377246857
0.17042607069015503
0.16948620975017548
0.1651002466678619
0.16228070855140686
0.1710526347160339
0.1591478735208511
0.09210526198148727
0.11998746544122696
0.2838345766067505
0.5598371028900145
0.9533208012580872
0.6262531280517578
0.190476194024086
0.018796991556882855
0.012218045070767403
0.06672932207584381
0.10620300471782684
0.15225563943386075
0.18358395993709564
0.19956140220165247
0.20708020031452176
0.2048872113227844
0.20708020031452176
0.2095864713191986
0.21522556245326996
0.21710526943206787
0.22587719559669492
0.23527568578720087
0.2456140369176865
0.25
0.26660400629043574
0.2731829583644867
0.2825814485549927
0.0
0.0
0.0
0.0
0.0
0.0
