1.0
0.7561708092689513
0.18145430088043207
0.004669779911637305
0.048032023012638085
0.13142094016075134
0.13375583291053772
0.132421612739563
0.12908606231212616
0.14009340107440948
0.1414276212453842
0.1474316269159317
0.1494329571723938
0.14976650476455688
0.16511006653308868
0.15176784992218015
0.15943962335586548
0.16444295644760132
0.16244162619113922
0.17945297062397003
0.18045364320278168
0.19012674689292908
0.20246830582618716
0.21214142441749567
0.233488991856575
0.24816544353961945
0.27651768922805786
0.304536372423172
0.33488991856575007
0.3735823929309845
0.40260174870491033
0.43428951501846313
0.44696465134620667
0.44529685378074646
0.4122748374938965
0.3445630371570587
0.292528361082077
0.23815877735614777
0.19046030938625333
0.17011341452598572
0.14309540390968323
0.13709139823913574
0.12741827964782715
0.12008005380630492
0.12208138406276701
0.11574383080005644
0.1187458336353302
0.11407604813575745
0.10773849487304688
0.12008005380630492
0.11407604813575745
0.1187458336353302
0.12374916672706604
0.1224149465560913
0.1224149465560913
0.1204136088490486
0.12174782902002335
0.1284189522266388
0.1224149465560913
0.12875249981880188
0.1204136088490486
0.1224149465560913
0.12141427397727966
0.11440960317850112
0.12374916672706604
0.11774516105651855
0.11941294372081757
0.11741160601377489
0.10840560495853424
0.12074716389179228
0.11707805097103118
0.13609072566032407
0.155103400349617
0.15810540318489075
0.189793199300766
0.2031354308128357
0.21447631716728208
0.19679786264896393
0.1914609670639038
0.1807871907949448
0.16044029593467712
0.14876584708690643
0.12374916672706604
0.11274182796478271
0.11774516105651855
0.1110740527510643
0.11140760779380798
0.10973982512950896
0.10040026903152464
0.10873916000127792
0.10473649203777312
0.10440293699502944
0.10406938195228577
0.1034022718667984
0.078385591506958
0.0
0.13142094016075134
0.376250833272934
0.9466310739517214
0.9896597862243651
0.45963975787162786
0.09439626336097715
0.04436291009187698
0.10607071220874786
0.1607738435268402
0.15577051043510437
0.15610407292842865
0.16177451610565183
0.1607738435268402
0.1744496375322342
0.1717811822891235
0.17778518795967102
0.18112075328826904
0.1744496375322342
0.1927952021360397
0.19246163964271543
0.19813208281993863
0.20146764814853668
0.0
0.0
0.0
0.0
0.0
0.0
0.0
0.0
0.0
0.0
0.0
0.0
0.0
0.0
