0.9718384742736816
0.8963868021965027
0.4208289086818695
0.2295430451631546
0.1652497351169586
0.13974495232105255
0.1530286967754364
0.1530286967754364
0.14452709257602692
0.12167906761169432
0.11636556684970856
0.11955366283655167
0.11902231723070145
0.12008501589298248
0.11530286818742752
0.13390010595321655
0.13708820939064023
0.13921360671520233
0.13283739984035492
0.15515409409999847
0.17003187537193298
0.19341126084327695
0.1849096715450287
0.2061636596918106
0.2295430451631546
0.23645058274269104
0.2555791735649109
0.25451648235321045
0.28108394145965576
0.2964930832386017
0.30712008476257324
0.3214665353298187
0.318278431892395
0.3023379445075989
0.27470776438713074
0.2438894808292389
0.1944739669561386
0.16259299218654633
0.14505845308303833
0.12274176627397536
0.12167906761169432
0.1057385727763176
0.09617428481578827
0.07598299533128737
0.08607863634824751
0.08554729074239731
0.09351753443479538
0.09564293175935744
0.0882040411233902
0.09404888749122621
0.0967056304216385
0.09298618137836456
0.09298618137836456
0.10680127888917922
0.10998937487602232
0.1121147722005844
0.10255047678947447
0.10414452850818634
0.1089266762137413
0.09617428481578827
0.10998937487602232
0.11955366283655167
0.11530286818742752
0.1030818298459053
0.1004250794649124
0.0945802330970764
0.09883102774620056
0.09351753443479538
0.07438895106315613
0.07704569399356842
0.09139213711023329
0.11052072048187256
0.10839532315731049
0.1291179656982422
0.14293305575847623
0.13177470862865448
0.15090329945087433
0.16950052976608276
0.1471838504076004
0.09351753443479538
0.08129649609327315
0.08395323902368546
0.058979809284210205
0.04888416454195976
0.05472901090979576
0.07013814896345139
0.058979809284210205
0.0557917095720768
0.05526036024093628
0.051540914922952645
0.05844845995306969
0.039851222187280655
0.0
0.09351753443479538
0.28905418515205383
0.6790648102760315
1.0
0.6976620554924011
0.26036131381988525
0.17800211906433103
0.13868224620819092
0.13921360671520233
0.13443145155906677
0.13283739984035492
0.10414452850818634
0.09511158615350723
0.08395323902368546
0.09298618137836456
0.09936238080263136
0.1238044649362564
0.12539851665496826
0.11955366283655167
0.12114771455526352
0.1174282655119896
0.0
0.0
0.0
0.0
0.0
0.0
0.0
0.0
0.0
0.0
0.0
0.0
0.0
0.0
0.0
0.0
0.0
0.0
