0.9661870598793028
1.0
0.795683443546295
0.39856114983558655
0.14316546916961667
0.024100719019770626
0.08021582663059233
0.1302158236503601
0.12877698242664337
0.1284172683954239
0.13345323503017423
0.13093525171279907
0.1392086297273636
0.1327338069677353
0.13812950253486633
0.1453237384557724
0.1492805778980255
0.15539568662643433
0.15899281203746796
0.1622302085161209
0.16618704795837402
0.17805755138397217
0.18381294608116147
0.19280575215816495
0.20359712839126584
0.21043165028095245
0.22877697646617887
0.2474820166826248
0.2654676139354706
0.2924460470676422
0.316546767950058
0.3446043133735657
0.36762589216232294
0.38489207625389094
0.39496403932571406
0.4017985463142395
0.39496403932571406
0.3719424605369568
0.3392086327075958
0.30899280309677124
0.2712230086326599
0.241366907954216
0.2179856151342392
0.1971223056316376
0.18165467679500577
0.17194244265556335
0.16510792076587677
0.16294963657855988
0.15719424188137054
0.15287770330905914
0.15107913315296173
0.15000000596046448
0.14820143580436707
0.15107913315296173
0.15287770330905914
0.14892086386680603
0.14676259458065033
0.1471223086118698
0.14856114983558655
0.14676259458065033
0.14856114983558655
0.14820143580436707
0.15323741734027863
0.14856114983558655
0.1428057551383972
0.141007199883461
0.14028777182102203
0.14172661304473877
0.14172661304473877
0.13956834375858307
0.14136691391468048
0.1366906464099884
0.14172661304473877
0.13848920166492462
0.13956834375858307
0.1388489156961441
0.13956834375858307
0.1258992850780487
0.13417266309261322
0.132374107837677
0.1338129490613937
0.12877698242664337
0.13165467977523804
0.12985610961914062
0.12949639558792114
0.1284172683954239
0.13129496574401855
0.13165467977523804
0.132374107837677
0.13165467977523804
0.13345323503017423
0.13741007447242737
0.12769784033298492
0.1262589991092682
0.12985610961914062
0.1262589991092682
0.12769784033298492
0.1302158236503601
0.12913669645786283
0.13525180518627167
0.12985610961914062
0.12913669645786283
0.1280575543642044
0.1366906464099884
0.13129496574401855
0.12553957104682922
0.1305755376815796
0.1258992850780487
0.12661869823932648
0.12446042895317076
0.1237410083413124
0.1194244623184204
0.1280575543642044
0.12733812630176544
0.12769784033298492
0.12482014298439024
0.1392086297273636
0.1600719392299652
0.1823741048574448
0.19352518022060397
0.22697842121124268
0.23453237116336825
0.25575539469718933
0.24460431933403012
0.2284172624349594
0.21043165028095245
0.20179855823516843
0.1647482067346573
0.12985610961914062
0.10719424486160278
0.10323741286993025
0.09856115281581879
