1.0
0.600245475769043
0.211129292845726
0.1432078629732132
0.16407528519630432
0.12888707220554352
0.10392798483371735
0.08837970346212387
0.09001636505126953
0.09247136116027832
0.08919803798198701
0.09697217494249344
0.09819967299699783
0.10024549812078476
0.0973813384771347
0.1067921444773674
0.10515548288822174
0.11292961984872817
0.1092471331357956
0.11865793913602828
0.12397708743810652
0.11661211401224136
0.11702127754688262
0.12643207609653473
0.12234042584896088
0.1382978707551956
0.1313420683145523
0.14934533834457395
0.16571195423603055
0.16366611421108243
0.1845335513353348
0.188216045498848
0.2078559696674347
0.217266783118248
0.21890343725681305
0.23158755898475647
0.24345335364341733
0.2180851101875305
0.22381341457366943
0.21563011407852167
0.18739770352840424
0.18003273010253906
0.15998363494873047
0.14811784029006958
0.13993453979492188
0.12479541450738905
0.13052372634410858
0.11865793913602828
0.1149754524230957
0.1137479543685913
0.11129296571016312
0.1092471331357956
0.11047463119029997
0.11292961984872817
0.11292961984872817
0.1043371558189392
0.12234042584896088
0.12397708743810652
0.11947626620531082
0.10720130801200865
0.12234042584896088
0.11947626620531082
0.10842880606651306
0.12029460072517396
0.1162029430270195
0.11047463119029997
0.1137479543685913
0.10147299617528915
0.1080196425318718
0.09656301140785216
0.08551555126905441
0.09779050946235655
0.0904255285859108
0.09492634981870653
0.0973813384771347
0.09410802274942398
0.1031096577644348
0.0916530266404152
0.1031096577644348
0.09410802274942398
0.08674304187297821
0.09656301140785216
0.10351882129907608
0.1018821597099304
0.09001636505126953
0.08633387833833694
0.08592471480369568
0.08183305710554123
0.08060556650161742
0.08265139162540436
0.08060556650161742
0.08551555126905441
0.0703764334321022
0.0716039314866066
0.08469721674919128
0.11824877560138702
0.12847790122032163
0.13993453979492188
0.1456628441810608
0.14607201516628265
0.1677577793598175
0.14770866930484772
0.11947626620531082
0.09001636505126953
0.0646481141448021
0.04378068819642066
0.03355155512690544
0.024959083646535877
0.024140752851963043
0.023731587454676628
0.024959083646535877
0.019230769947171208
0.02004910074174404
0.0
0.011865793727338314
0.07815057039260864
0.4418985247612
0.9337152242660521
0.8498363494873047
0.34942716360092163
0.11538461595773696
0.1415711939334869
0.10842880606651306
0.08142389357089996
0.06505728513002396
0.05073649808764458
0.06055646389722824
0.059328969568014145
0.05769230797886848
0.0527823232114315
0.06137479469180107
0.05605564638972282
