1.0
0.8709990382194518
0.25185903906822205
0.0
0.022631749510765076
0.10960232466459274
0.12285806983709335
0.1215648204088211
0.1267377883195877
0.1302942186594009
0.12576785683631897
0.13514387607574463
0.12738440930843353
0.1425800174474716
0.14322663843631744
0.14387325942516327
0.14161008596420288
0.1474296748638153
0.1632719039916992
0.16682831943035123
0.17103135585784912
0.1826705485582352
0.17976075410842896
0.21176850795745847
0.21338506042957303
0.24377626180648804
0.2683478891849518
0.28192692995071406
0.3255738615989685
0.354671835899353
0.3844164311885834
0.411574512720108
0.427740067243576
0.4432589709758759
0.41319108009338373
0.3579049408435821
0.3042353689670563
0.23989653587341309
0.20239250361919403
0.1681215614080429
0.14096346497535703
0.12803104519844055
0.12285806983709335
0.1215648204088211
0.10798577219247817
0.11800840497016905
0.110895574092865
0.10992563515901564
0.12091819941997528
0.11768509447574615
0.11800840497016905
0.11994826793670654
0.11283543705940247
0.12221144884824751
0.12479793280363081
0.1319107711315155
0.1267377883195877
0.12867766618728635
0.1341739445924759
0.13094083964824677
0.13094083964824677
0.12576785683631897
0.10733915120363235
0.1189783364534378
0.10766246169805525
0.10539928823709488
0.10798577219247817
0.1060459092259407
0.10798577219247817
0.10216618329286575
0.10410604625940321
0.12835435569286346
0.14387325942516327
0.15939217805862427
0.1729712188243866
0.18978337943553925
0.18461041152477264
0.17135466635227203
0.16715162992477417
0.14839960634708405
0.13482056558132172
0.11930164694786072
0.09408341348171234
0.0982864499092102
0.08438409119844435
0.08276753872632979
0.07953443378210068
0.07177497446537018
0.08082767575979231
0.07888781279325485
0.07953443378210068
0.08600064367055893
0.08438409119844435
0.09246686100959776
0.05851923674345016
0.008406078442931175
0.144843190908432
0.412544459104538
0.9899773597717283
0.8994503617286682
0.33850631117820734
0.04267701134085655
0.026188166812062263
0.10960232466459274
0.0
0.0
0.0
0.0
0.0
0.0
0.0
0.0
0.0
0.0
0.0
0.0
0.0
0.0
0.0
0.0
0.0
0.0
0.0
0.0
0.0
0.0
0.0
0.0
0.0
0.0
0.0
0.0
