1.0
0.33311519026756287
0.0
0.20157067477703092
0.2323298454284668
0.16557592153549194
0.18979057669639587
0.14070680737495422
0.17604711651802063
0.17342932522296903
0.13089005649089813
0.1073298454284668
0.125
0.12827225029468536
0.143324613571167
0.15510471165180206
0.0981675386428833
0.11910995095968246
0.1243455484509468
0.1780104786157608
0.1335078477859497
0.1485602110624313
0.1426701545715332
0.1767015755176544
0.22840313613414764
0.15837696194648743
0.23298428952693936
0.2696335017681122
0.32722511887550354
0.3638743460178375
0.358638733625412
0.34685865044593805
0.28075915575027466
0.3462041914463043
0.3141361176967621
0.23429319262504575
0.22905759513378143
0.18259161710739133
0.15772251784801483
0.11452879756689072
0.13874346017837524
0.11714659631252287
0.14921465516090393
0.13743455708026883
0.11976439505815505
0.1767015755176544
0.08442408591508865
0.1439790576696396
0.15575915575027463
0.11845549941062929
0.10013089329004288
0.13612565398216248
0.13939790427684784
0.1426701545715332
0.14005236327648163
0.15706805884838104
0.20680628716945648
0.09293193370103837
0.19764398038387296
0.1786649227142334
0.20353403687477112
0.19175392389297485
0.19764398038387296
0.2061518281698227
0.20091623067855835
0.15641361474990845
0.20811519026756287
0.2670156955718994
0.31544503569602966
0.266361266374588
0.3651832342147827
0.3592931926250458
0.338350772857666
0.29253926873207087
0.19044502079486847
0.26243454217910767
0.19044502079486847
0.1950261741876602
0.1695026159286499
0.13874346017837524
0.1596858650445938
0.1151832491159439
0.1767015755176544
0.19895288348197937
0.13678009808063507
0.1485602110624313
0.15510471165180206
0.4829843044281006
0.9044502377510071
0.3795811533927917
0.013089004904031752
0.1662303656339645
0.25065445899963373
0.23560209572315216
0.22054973244667053
0.21007853746414185
0.21531413495540616
0.2159685790538788
0.23887434601783752
0.199607327580452
0.20026178658008573
0.23756544291973117
0.20746073126792908
0.25523561239242554
0.15772251784801483
0.0
0.0
0.0
0.0
0.0
0.0
0.0
0.0
0.0
0.0
0.0
0.0
0.0
0.0
0.0
0.0
0.0
0.0
0.0
0.0
0.0
0.0
0.0
0.0
0.0
0.0
0.0
