0.9759637117385864
0.6331065893173218
0.08435374498367308
0.003628117963671684
0.0
0.05215419456362724
0.1120181381702423
0.1210884377360344
0.12154194712638854
0.1210884377360344
0.12834466993808746
0.13514739274978635
0.13832199573516843
0.14648525416851044
0.14739228785037994
0.15827664732933044
0.15011337399482727
0.15646257996559143
0.16145125031471252
0.16190476715564728
0.16417233645915985
0.170521542429924
0.17233559489250183
0.180498868227005
0.18866212666034696
0.1963718831539154
0.21088434755802157
0.2231292575597763
0.23492063581943512
0.24535147845745087
0.26394557952880854
0.28117913007736206
0.28798186779022217
0.29024943709373474
0.2775510251522064
0.261678010225296
0.2390022724866867
0.2181405872106552
0.20453514158725736
0.19092971086502075
0.17777778208255768
0.17097505927085876
0.170521542429924
0.1628117859363556
0.16235828399658203
0.16145125031471252
0.17414966225624084
0.16825397312641144
0.16916099190711975
0.17732426524162292
0.17596371471881866
0.16643990576267242
0.17188209295272827
0.16507937014102936
0.1646258533000946
0.1646258533000946
0.1687074899673462
0.1646258533000946
0.1646258533000946
0.15691609680652618
0.15918366611003876
0.15691609680652618
0.1578231304883957
0.15918366611003876
0.15147392451763153
0.15328797698020935
0.15328797698020935
0.14784580469131467
0.14648525416851044
0.1528344601392746
0.14739228785037994
0.1419501155614853
0.14739228785037994
0.1655328869819641
0.18594104051589963
0.19591836631298065
0.20045351982116696
0.21541950106620789
0.23582766950130463
0.24807256460189817
0.2390022724866867
0.21179138123989105
0.1863945573568344
0.18095238506793973
0.15827664732933044
0.1219954639673233
0.11247165501117706
0.11564625799655914
0.105215422809124
0.099319726228714
0.10294784605503082
0.10385487228631972
0.1061224490404129
0.09433106333017348
0.06485261023044586
0.24535147845745087
0.5505669116973877
0.7968254089355469
1.0
0.6612244844436646
0.09659864008426666
0.0022675737272948022
0.0022675737272948022
0.04308389872312546
0.10476190596818924
0.12925170361995697
0.12925170361995697
0.13378684222698212
0.13469387590885162
0.1369614452123642
0.1419501155614853
0.14240363240242004
0.1419501155614853
0.14603175222873688
0.0
0.0
0.0
0.0
0.0
0.0
0.0
0.0
0.0
0.0
0.0
0.0
0.0
0.0
0.0
0.0
0.0
0.0
