1.0
0.5082311630249025
0.15131348371505737
0.008056041784584522
0.03222416713833809
0.06304728239774704
0.06444833427667618
0.05323993042111397
0.05323993042111397
0.05288966745138168
0.06374780833721161
0.06549912691116333
0.06409807503223419
0.06549912691116333
0.06795096397399902
0.07845884561538696
0.08336251974105835
0.08546409755945204
0.09597197920084
0.10087565332651138
0.1162872165441513
0.1292469352483749
0.14465849101543427
0.1600700467824936
0.1824868619441986
0.2073555141687393
0.2308231145143509
0.2539404630661011
0.2851138412952423
0.3124343156814575
0.33415061235427856
0.3513134717941284
0.33800351619720453
0.3113835453987121
0.2609457075595856
0.2171628773212433
0.17162872850894928
0.14220665395259857
0.11768826842308044
0.09982486814260481
0.09001751244068146
0.08721540868282318
0.08371278643608093
0.08336251974105835
0.08371278643608093
0.08511383831501007
0.08476357161998749
0.08161120861768721
0.0798598974943161
0.08021015673875807
0.08301226049661635
0.08651488274335861
0.08756567537784576
0.08616462349891663
0.08581436425447464
0.0889667272567749
0.08721540868282318
0.08721540868282318
0.0893169865012169
0.0844133123755455
0.07775831967592238
0.07880910485982896
0.0798598974943161
0.08056042343378067
0.07845884561538696
0.08021015673875807
0.07670752704143523
0.07460595667362213
0.0795096307992935
0.08056042343378067
0.08021015673875807
0.07845884561538696
0.07880910485982896
0.07880910485982896
0.07495621591806412
0.07005254179239273
0.06970227509737015
0.07005254179239273
0.06935201585292816
0.07635726779699324
0.07250437885522841
0.07775831967592238
0.08021015673875807
0.08021015673875807
0.07285463809967041
0.073555164039135
0.06935201585292816
0.06690017879009247
0.06795096397399902
0.06725043803453445
0.07040280103683472
0.06935201585292816
0.06549912691116333
0.07425568997859955
0.07390543073415756
0.073204904794693
0.06970227509737015
0.07215411216020584
0.07600700855255128
0.07810857892036438
0.07285463809967041
0.07495621591806412
0.07110332697629929
0.07565674185752867
0.08756567537784576
0.10577933490276337
0.10893169790506362
0.1253940463066101
0.14010508358478546
0.14570927619934082
0.14570927619934082
0.136602446436882
0.12644483149051666
0.11978983879089355
0.09246934950351715
0.07565674185752867
0.06830122321844101
0.06690017879009247
0.06094570830464363
0.056042030453681946
0.011908931657671928
0.0
0.1509632170200348
0.4728546440601349
0.9033275246620177
0.9446585178375245
0.4711033403873444
0.1047285497188568
0.013660245575010777
0.04728546366095543
0.07810857892036438
0.07460595667362213
