1.0
0.8386380672454835
0.3071798682212829
0.0
0.13619540631771088
0.33308660984039307
0.4211694896221161
0.32494449615478516
0.32494449615478516
0.29755735397338867
0.33604738116264343
0.34641006588935846
0.3190229535102844
0.35381197929382324
0.36343449354171753
0.3834196925163269
0.3997039198875427
0.4004441201686859
0.4167283475399017
0.4411546885967255
0.4759437441825866
0.48704662919044495
0.5018504858016968
0.5484825968742371
0.5433012843132019
0.5847520232200624
0.6084381937980652
0.6106587648391724
0.6358253359794617
0.6306439638137816
0.6321243643760681
0.643227219581604
0.6158401370048523
0.6121391654014587
0.5514433979988098
0.5122131705284119
0.4981495141983032
0.4307920038700104
0.41006660461425776
0.4004441201686859
0.41450777649879456
0.3915618062019348
0.38267949223518366
0.4034048914909362
0.3886010348796845
0.392302006483078
0.3834196925163269
0.3893412351608276
0.39822354912757874
0.3797187209129333
0.3960029482841492
0.3915618062019348
0.37157660722732544
0.3915618062019348
0.3641746938228607
0.40932643413543696
0.4633604884147644
0.45891931653022766
0.5070318579673767
0.5262768268585205
0.5284973978996277
0.5869725942611694
0.5358993411064148
0.6069577932357788
0.5803108811378479
0.5240562558174133
0.4981495141983032
0.4122872054576874
0.38786083459854126
0.3434492945671081
0.341228723526001
0.33530718088150024
0.31606218218803406
0.3375277519226074
0.29237601161003113
0.33974832296371454
0.39822354912757874
0.5255366563796997
0.8867505788803101
0.8045892119407655
0.478904515504837
0.09918578714132309
0.15840119123458862
0.2701702415943146
0.45077720284461975
0.38193929195404047
0.3316062092781067
0.3560325801372528
0.3493708372116089
0.3619541227817536
0.38267949223518366
0.393782377243042
0.393782377243042
0.41746854782104487
0.40710583329200734
0.0
0.0
0.0
0.0
0.0
0.0
0.0
0.0
0.0
0.0
0.0
0.0
0.0
0.0
0.0
0.0
0.0
0.0
0.0
0.0
0.0
0.0
0.0
0.0
0.0
0.0
0.0
0.0
0.0
0.0
0.0
0.0
0.0
0.0
0.0
0.0
0.0
