1.0
0.6648613810539246
0.41724437475204473
0.22162045538425443
0.19844020903110504
0.22443674504756927
0.22746966779232025
0.22053726017475128
0.2209705412387848
0.22162045538425443
0.2248700112104416
0.22530329227447507
0.22681975364685056
0.22985269129276276
0.2361351847648621
0.23765164613723755
0.2404679358005524
0.2476169914007187
0.25454938411712646
0.25693240761756897
0.26668110489845276
0.27404680848121643
0.28812825679779047
0.30199307203292847
0.31520795822143555
0.32972270250320435
0.34727036952972407
0.36503466963768005
0.3745667338371277
0.382798969745636
0.3890814483165741
0.3951473236083984
0.3890814483165741
0.36741766333580017
0.34012132883071894
0.3102253079414368
0.2820623815059662
0.25844886898994446
0.2456672489643097
0.2350519895553589
0.2259532064199448
0.2218370884656906
0.21923743188381195
0.21815425157547
0.21750433743000033
0.21945407986640927
0.21685442328453064
0.21858751773834229
0.2222703695297241
0.22118717432022092
0.21923743188381195
0.21902079880237577
0.21880416572093964
0.22053726017475128
0.2209705412387848
0.22118717432022092
0.22118717432022092
0.22162045538425443
0.21815425157547
0.21945407986640927
0.21880416572093964
0.21945407986640927
0.21945407986640927
0.21837088465690607
0.2179376035928726
0.2170710563659668
0.2144713997840881
0.21338821947574613
0.21382148563861847
0.2120883911848068
0.21187174320220947
0.2120883911848068
0.20992201566696167
0.20992201566696167
0.2064558118581772
0.21013864874839783
0.20992201566696167
0.210355281829834
0.20905545353889465
0.21837088465690607
0.23396880924701688
0.24090121686458588
0.24675042927265167
0.2474003434181213
0.2573656737804413
0.2655979096889496
0.27296361327171326
0.2571490406990051
0.24675042927265167
0.21858751773834229
0.203422874212265
0.20060658454895017
0.1960571855306625
0.1921577155590057
0.18999134004116056
0.18609185516834256
0.18370883166790009
0.18435874581336972
0.18349219858646393
0.1830589324235916
0.18435874581336972
0.18479202687740323
0.12846620380878448
0.0
0.15099653601646423
0.41312825679779047
0.7768630981445312
0.987434983253479
0.5834055542945862
0.36958405375480646
0.18977469205856323
0.2025563269853592
0.22053726017475128
0.2170710563659668
0.2144713997840881
0.21577122807502744
0.21685442328453064
0.22010397911071777
0.2209705412387848
0.22443674504756927
0.22746966779232025
0.2296360433101654
0.23288561403751373
0.2363518178462982
0.24306759238243103
0.24870017170906064
0.2571490406990051
0.0
0.0
0.0
0.0
0.0
