0.9943527579307555
0.9300608038902282
0.4439617693424225
0.16507384181022644
0.08297132700681686
0.11337967216968536
0.09339704364538191
0.07124239951372147
0.06168549135327339
0.059079062193632126
0.06038227677345276
0.059079062193632126
0.05951346829533577
0.06168549135327339
0.06993918120861053
0.07080799341201782
0.07384882867336273
0.07775846868753433
0.07862728089094163
0.0834057331085205
0.09339704364538191
0.0981754958629608
0.10121633112430573
0.11337967216968536
0.11859253048896788
0.12771503627300262
0.13596872985363007
0.14639444649219513
0.15464812517166135
0.16420504450798035
0.1820156425237656
0.20243266224861145
0.22198088467121124
0.24630755186080927
0.2732406556606293
0.2988705337047577
0.3223284184932709
0.34231102466583246
0.36663770675659174
0.3774978220462799
0.3792354464530945
0.3588184118270874
0.32536923885345453
0.2841007709503174
0.2397914826869965
0.20243266224861145
0.16246742010116577
0.13379669189453125
0.11424847692251204
0.09904430806636809
0.08905299752950668
0.08123371005058289
0.07819287478923796
0.07602085173130035
0.07515203952789305
0.07428323477506636
0.07341442257165907
0.07471763342618942
0.07428323477506636
0.07341442257165907
0.07254561036825181
0.07428323477506636
0.07471763342618942
0.07688966393470764
0.07124239951372147
0.07341442257165907
0.07124239951372147
0.07254561036825181
0.06993918120861053
0.06907037645578384
0.07254561036825181
0.06820156425237656
0.06907037645578384
0.06776715815067291
0.06342311203479767
0.06689834594726562
0.06211989745497704
0.06168549135327339
0.06038227677345276
0.05821025371551514
0.059079062193632126
0.05951346829533577
0.06168549135327339
0.059079062193632126
0.06168549135327339
0.061251085251569755
0.05994787067174912
0.061251085251569755
0.05951346829533577
0.06211989745497704
0.059079062193632126
0.064726322889328
0.06516072899103165
0.064726322889328
0.05994787067174912
0.064726322889328
0.06211989745497704
0.06038227677345276
0.06211989745497704
0.06516072899103165
0.0608166828751564
0.061251085251569755
0.05994787067174912
0.05994787067174912
0.056038226932287216
0.054735012352466576
0.054735012352466576
0.05560382455587387
0.05343179777264595
0.0538662038743496
0.0538662038743496
0.05864465609192848
0.0538662038743496
0.05343179777264595
0.054735012352466576
0.0538662038743496
0.05647263303399085
0.05647263303399085
0.052997395396232605
0.05343179777264595
0.055169418454170234
0.054735012352466576
0.05864465609192848
0.05212858319282532
0.05082536861300469
0.0569070391356945
0.054735012352466576
0.056038226932287216
0.056038226932287216
0.049956560134887695
0.05256298929452896
0.049522154033184045
