1.0
0.6259334683418274
0.23828920722007751
0.0
0.10319076478481291
0.2708757519721985
0.30414119362831116
0.30482009053230286
0.327902227640152
0.34691107273101807
0.3462321758270264
0.3543788194656372
0.3550577163696289
0.36116769909858704
0.37610319256782526
0.3876442611217498
0.3883231580257416
0.3985064625740051
0.3985064625740051
0.4120841920375824
0.4378818869590759
0.4663951098918914
0.4799728393554688
0.5139171481132507
0.5519348382949829
0.5947046875953673
0.6476578116416931
0.6809232831001282
0.7087576389312744
0.7345553040504454
0.7610319256782532
0.7569586038589476
0.7365919947624207
0.6883910298347473
0.6191446185112
0.5492192506790161
0.47725731134414673
0.41140529513359064
0.37746095657348633
0.34283775091171265
0.32654446363449097
0.32247114181518555
0.3190767168998718
0.3129667341709137
0.3095723092556
0.312287837266922
0.30753564834594727
0.3068567514419556
0.30346232652664185
0.3068567514419556
0.30278342962265015
0.30006790161132807
0.2993890047073364
0.30753564834594727
0.30753564834594727
0.3156822919845581
0.32450780272483826
0.3150033950805664
0.3129667341709137
0.3190767168998718
0.3156822919845581
0.31364563107490534
0.3129667341709137
0.31364563107490534
0.3095723092556
0.3095723092556
0.30414119362831116
0.29395791888237
0.28649014234542847
0.28784793615341187
0.2803801894187927
0.2735913097858429
0.2688390910625458
0.28377461433410645
0.26476576924324036
0.28513237833976746
0.28513237833976746
0.28513237833976746
0.2749490737915039
0.2715546488761902
0.2661235630512237
0.2756279706954956
0.2708757519721985
0.2661235630512237
0.28309571743011475
0.3177189528942108
0.3550577163696289
0.3883231580257416
0.3978275656700134
0.43380856513977045
0.38221317529678334
0.3849287033081055
0.4012219905853272
0.3197556138038635
0.29735234379768366
0.2593346834182739
0.24304141104221344
0.24643585085868835
0.24779361486434937
0.24779361486434937
0.25797691941261286
0.2511880397796631
0.24711473286151883
0.2518669366836548
0.34691107273101807
0.3910386860370636
0.4663951098918914
0.8431771993637086
0.9300746917724608
0.6082823872566223
0.30414119362831116
0.07264086604118347
0.08825526386499406
0.26544466614723206
0.3088934123516083
0.32043448090553284
0.3462321758270264
0.35980990529060364
0.362525463104248
0.3686354458332062
0.37338763475418085
0.3754242956638336
0.38017651438713074
0.3991853296756744
0.40461641550064087
0.41819417476654047
0.4202308356761932
0.44263407588005066
0.0
0.0
0.0
0.0
