0.9847133755683899
0.9295116662979125
0.6569002270698547
0.315498948097229
0.1146496832370758
0.0
0.07728237658739091
0.15116773545742035
0.1426751613616943
0.1481953263282776
0.15838640928268433
0.15626327693462372
0.15541401505470276
0.15966029465198517
0.160934180021286
0.17409765720367432
0.18046708405017847
0.19575370848178864
0.2029723972082138
0.2089172005653381
0.21486198902130127
0.2208067923784256
0.2271762192249298
0.23736730217933652
0.2475583851337433
0.2649681568145752
0.2823779284954071
0.2895966172218323
0.31464967131614685
0.3350318372249603
0.35286623239517206
0.3774946928024292
0.3889596462249756
0.3898089230060577
0.3927813172340393
0.37834393978118896
0.36985138058662415
0.3282378017902374
0.3002123236656189
0.26624202728271484
0.23736730217933652
0.21486198902130127
0.19108280539512637
0.1808917224407196
0.18004246056079865
0.17367303371429443
0.16857749223709106
0.1677282303571701
0.1698513776063919
0.16645435988903043
0.16433121263980863
0.16008493304252625
0.16602972149848935
0.16220806539058685
0.16900211572647095
0.16900211572647095
0.16815286874771118
0.17112526297569275
0.16900211572647095
0.16348195075988767
0.1698513776063919
0.17324841022491455
0.16602972149848935
0.16390658915042877
0.16560509800910947
0.16645435988903043
0.16857749223709106
0.1647558361291885
0.16730360686779022
0.1630573272705078
0.17537154257297516
0.18471337854862213
0.19150742888450625
0.19278131425380704
0.20000000298023224
0.19787685573101044
0.19447982311248777
0.19447982311248777
0.18259023129940033
0.18259023129940033
0.176645427942276
0.1889596581459045
0.19447982311248777
0.19447982311248777
0.19532908499240875
0.19915074110031128
0.21104033291339877
0.2072186768054962
0.2135881036520004
0.2072186768054962
0.21528662741184235
0.2089172005653381
0.21486198902130127
0.21104033291339877
0.2123142182826996
0.2114649713039398
0.21019108593463895
0.2072186768054962
0.20212313532829285
0.21104033291339877
0.2089172005653381
0.19830147922039032
0.19830147922039032
0.18768577277660367
0.18174096941947937
0.18004246056079865
0.19193205237388608
0.19320593774318692
0.20127388834953308
0.21528662741184235
0.24373672902584076
0.25859871506690973
0.26369425654411316
0.31252655386924744
0.30743101239204407
0.30318471789360046
0.31719744205474854
0.2908704876899719
0.27728238701820374
0.25307855010032654
0.21698513627052307
0.17409765720367432
0.1545647531747818
0.1613588184118271
0.16645435988903043
0.15541401505470276
0.14861996471881866
0.14607219398021698
0.11082802712917328
0.15414012968540192
0.39532908797264094
0.8148620128631591
