0.9916947484016417
0.6686868667602539
0.42020201683044434
0.21144780516624448
0.1640852987766266
0.1975308656692505
0.2103254795074463
0.2035914659500122
0.20134679973125455
0.20224466919898984
0.2078563421964645
0.21099887788295743
0.21548821032047272
0.21279461681842804
0.2213243544101715
0.222895622253418
0.2280583679676056
0.23187430202960968
0.24017956852912903
0.2439955174922943
0.2531986534595489
0.2637485861778259
0.2760942876338959
0.28664422035217285
0.3028058409690857
0.31335577368736267
0.3301908075809479
0.34051626920700073
0.3492704927921295
0.3555555641651153
0.3589225709438324
0.3555555641651153
0.33939394354820246
0.3153759837150574
0.2875420749187469
0.26576879620552063
0.24107743799686432
0.22267115116119385
0.21189674735069275
0.20808081328868863
0.20583613216876984
0.199551060795784
0.19865319132804873
0.1968574672937393
0.1975308656692505
0.19910213351249692
0.1997755318880081
0.2004489302635193
0.20000000298023224
0.2004489302635193
0.20157127082347867
0.20381593704223633
0.20561167597770688
0.2083052694797516
0.2083052694797516
0.2105499505996704
0.20942761003971097
0.20808081328868863
0.20336700975894928
0.20426486432552335
0.2004489302635193
0.20202019810676572
0.19842873513698575
0.20022447407245636
0.21683502197265625
0.22671155631542203
0.23703703284263608
0.23232322931289673
0.24826037883758545
0.2644219994544983
0.26599326729774475
0.26105499267578125
0.2489337772130966
0.21369248628616333
0.18877665698528287
0.1820426434278488
0.17755331099033356
0.17059484124183655
0.1701458990573883
0.16835017502307892
0.1652076244354248
0.16251403093338013
0.16475869715213776
0.1665544360876083
0.16610549390316007
0.1643097698688507
0.14118967950344083
0.0
0.052525252103805535
0.31043770909309387
0.6859708428382874
1.0
0.6581369042396545
0.398428738117218
0.18720538914203644
0.16453422605991364
0.19416385889053345
0.19910213351249692
0.19124579429626465
0.19349046051502228
0.1928170621395111
0.1973063945770264
0.1968574672937393
0.199551060795784
0.20112232863903043
0.20875421166419983
0.21010100841522217
0.2105499505996704
0.2170594781637192
0.2253647595643997
0.0
0.0
0.0
0.0
0.0
0.0
0.0
0.0
0.0
0.0
0.0
0.0
0.0
0.0
0.0
0.0
0.0
0.0
0.0
0.0
0.0
0.0
