0.9486562609672545
0.8567990660667419
0.4207781851291656
0.12996390461921692
0.04211793094873428
0.02085840329527855
0.03449659049510956
0.03128760680556297
0.024869635701179504
0.03289209678769112
0.022061772644519802
0.02888086624443531
0.033694345504045486
0.03529883548617363
0.04572803899645805
0.04973927140235901
0.059366226196289056
0.06458082795143127
0.0778178870677948
0.09306056797504424
0.11311672627925871
0.14119534194469452
0.17288407683372495
0.19574809074401853
0.22021660208702087
0.2406738847494125
0.2607300579547882
0.27958282828330994
0.2948255240917206
0.29362213611602783
0.2783794701099396
0.24227838218212128
0.20978739857673645
0.18531888723373413
0.1668672263622284
0.14600881934165955
0.1331728845834732
0.12113919109106064
0.11231447756290436
0.11793020367622375
0.11873245239257812
0.11151223629713058
0.11793020367622375
0.10709988325834274
0.1002807840704918
0.09907741844654083
0.09386281669139862
0.08985158801078796
0.08303248882293701
0.07701564580202103
0.07099879533052444
0.05976734682917594
0.06417970359325409
0.05535499379038811
0.059366226196289056
0.055756118148565285
0.05976734682917594
0.06618531793355942
0.06578419357538223
0.06738869100809097
0.07621339708566666
0.08503810316324234
0.09105495363473891
0.1050942614674568
0.11793020367622375
0.1383874863386154
0.15643802285194397
0.1524267941713333
0.11472121626138689
0.07300440967082977
0.05334937945008278
0.04051343724131584
0.0445246696472168
0.05174488574266434
0.050140392035245895
0.05455274879932404
0.05254713073372841
0.0
0.04693140834569931
0.27035701274871826
0.6927396655082704
1.0
0.9229843616485597
0.47131970524787903
0.19213798642158508
0.10790212452411652
0.08503810316324234
0.0914560779929161
0.08784596621990205
0.09265944361686705
0.0970718041062355
0.10389089584350585
0.1111111119389534
0.12073806673288344
0.1275571584701538
0.12835940718650815
0.0
0.0
0.0
0.0
0.0
0.0
0.0
0.0
0.0
0.0
0.0
0.0
0.0
0.0
0.0
0.0
0.0
0.0
0.0
0.0
0.0
0.0
0.0
0.0
0.0
0.0
0.0
0.0
0.0
0.0
0.0
0.0
0.0
0.0
0.0
0.0
