1.0
0.424697071313858
0.08078476786613464
0.0
0.11136756837368011
0.19907674193382263
0.2267743796110153
0.22965955734252927
0.23196768760681152
0.2336987853050232
0.2365839630365372
0.23946912586688995
0.24177727103233335
0.2481246441602707
0.2475476115942001
0.25504904985427856
0.26081937551498413
0.26428160071372986
0.27351415157318115
0.28274667263031006
0.2954414188861847
0.30640506744384766
0.3150605857372284
0.3416041433811188
0.35776111483573914
0.37449508905410767
0.38776686787605286
0.4039238393306732
0.4148874878883362
0.4212348461151123
0.4212348461151123
0.41200229525566096
0.3993075489997864
0.3848817050457001
0.3669936656951904
0.34333527088165283
0.3214079737663269
0.3035199046134949
0.288517028093338
0.2792844772338867
0.27755337953567505
0.26947489380836487
0.26197347044944763
0.2648586332798004
0.2613964080810547
0.26197347044944763
0.2637045681476593
0.26543566584587097
0.27409118413925165
0.27236005663871765
0.27466821670532227
0.2729370892047882
0.2798615097999573
0.2896710932254791
0.2919792234897613
0.28909406065940857
0.2942873537540436
0.29659551382064814
0.2954414188861847
0.2902481257915497
0.2902481257915497
0.30121177434921265
0.3398730456829071
0.3496826291084289
0.3571840822696686
0.3693017959594727
0.40854009985923767
0.4362377524375916
0.4379688501358032
0.3848817050457001
0.3583381474018097
0.29659551382064814
0.27870744466781616
0.2677437961101532
0.25389498472213745
0.2475476115942001
0.2469705641269684
0.2469705641269684
0.24466243386268613
0.23889209330081937
0.2365839630365372
0.24004615843296048
0.24639353156089783
0.3242931365966797
0.457010954618454
0.5470283031463623
0.774956703186035
0.9959607720375059
0.3716099262237549
0.06578188389539719
0.028274668380618092
0.1425274163484573
0.22273513674736023
0.2440854012966156
0.2440854012966156
0.24870167672634125
0.25389498472213745
0.2556260824203491
0.26197347044944763
0.259665310382843
0.2700519263744354
0.2781304121017456
0.28043854236602783
0.28909406065940857
0.0
0.0
0.0
0.0
0.0
0.0
0.0
0.0
0.0
0.0
0.0
0.0
0.0
0.0
0.0
0.0
0.0
0.0
0.0
0.0
0.0
0.0
0.0
0.0
0.0
0.0
0.0
0.0
