0.9569982886314392
0.9877740144729614
0.45615515112876887
0.10244519263505936
0.05396290123462677
0.12394603341817856
0.1492411494255066
0.14123103022575378
0.1370151787996292
0.1378583461046219
0.1424957811832428
0.13659359514713287
0.1378583461046219
0.13996627926826477
0.14123103022575378
0.14418213069438934
0.14629004895687103
0.1471332162618637
0.15345700085163116
0.1538785845041275
0.16694772243499756
0.15893760323524475
0.1644182056188583
0.17790894210338593
0.18760539591312408
0.2048903852701187
0.21290050446987152
0.22091062366962433
0.2365092784166336
0.2740303575992584
0.3119730055332184
0.33558177947998047
0.366779088973999
0.41526138782501215
0.444772332906723
0.482293426990509
0.49578413367271423
0.4768128097057343
0.42580100893974304
0.3553963005542755
0.2946880161762237
0.23440134525299072
0.19055649638175964
0.1585160195827484
0.1391230970621109
0.1323777437210083
0.11045531183481216
0.10919055342674255
0.10919055342674255
0.10539629310369492
0.11172007024288176
0.10160202533006668
0.1062394604086876
0.1075042188167572
0.10033726692199708
0.1062394604086876
0.09907251596450803
0.10286677628755568
0.10834738612174988
0.11129847913980484
0.1142495796084404
0.1142495796084404
0.11930859833955763
0.11720067262649536
0.1222596988081932
0.1290050595998764
0.12183810770511629
0.12057335674762724
0.1188870146870613
0.1155143305659294
0.12057335674762724
0.11677908897399902
0.11129847913980484
0.11382799595594406
0.11846543103456496
0.11973018199205399
0.11677908897399902
0.11762225627899169
0.12436762452125548
0.11214165389537813
0.11298482120037077
0.10370995104312895
0.09527824819087982
0.0927487388253212
0.08895447105169296
0.09190556406974792
0.08726812899112701
0.08979763835668564
0.10033726692199708
0.13069139420986176
0.14333894848823547
0.14755479991436005
0.16020235419273376
0.16652613878250122
0.15514333546161652
0.1559865027666092
0.1302698105573654
0.12352444976568222
0.11045531183481216
0.09021922200918195
0.08558178693056105
0.06998313963413239
0.06829679757356644
0.06829679757356644
0.05902192369103432
0.05986509099602699
0.054806072264909744
0.048482295125722885
0.05143338814377785
0.05902192369103432
0.06534569710493088
0.05902192369103432
0.05269814655184746
0.003794266376644373
0.0
0.17284990847110748
0.5244519114494324
1.0
0.8634064197540283
0.2634907364845276
0.03456998243927956
0.05860033631324768
0.1311129778623581
0.12310286611318588
0.11129847913980484
0.11172007024288176
0.10497470200061798
0.1075042188167572
0.11045531183481216
0.10961214452981947
0.1155143305659294
0.10666104406118392
