0.9909629225730897
0.858522891998291
0.6254284977912903
0.3907759487628937
0.2100342810153961
0.14833281934261322
0.11841695010662077
0.09255219995975494
0.09192895144224167
0.08164536952972412
0.08039887994527815
0.08258024603128433
0.07416640967130661
0.08320348709821701
0.07977563142776489
0.078217513859272
0.07790589332580566
0.07510127872228622
0.07541289925575256
0.07510127872228622
0.0732315331697464
0.07136179506778717
0.08382673561573027
0.08538485318422316
0.07946401089429854
0.0913057029247284
0.10158927738666534
0.10906824469566344
0.13057027757167816
0.14770956337451935
0.1449049562215805
0.16204425692558289
0.18105328083038327
0.19694608449935916
0.19320660829544067
0.1997507065534592
0.18728576600551605
0.1735743284225464
0.15736989676952362
0.13898411393165588
0.13960735499858856
0.11841695010662077
0.1202866956591606
0.11904019862413406
0.128388911485672
0.1022125259041786
0.11717046052217484
0.11810532957315444
0.11623558402061462
0.12620754539966583
0.128388911485672
0.12651915848255155
0.12620754539966583
0.12090994417667388
0.13524462282657623
0.13368651270866394
0.13711436092853546
0.13462138175964355
0.1358678787946701
0.133374884724617
0.1374259889125824
0.12901215255260468
0.13462138175964355
0.1293237805366516
0.13680274784564972
0.1293237805366516
0.1287005245685577
0.1252726763486862
0.10345902293920516
0.11966344714164732
0.12153318524360655
0.11187285929918288
0.11031474173069
0.1218448132276535
0.12496104836463928
0.11467746645212172
0.10969149321317671
0.11031474173069
0.115300714969635
0.11156123131513596
0.11311934888362885
0.12153318524360655
0.1343097537755966
0.1308818906545639
0.13462138175964355
0.16671860218048096
0.17326270043849945
0.1885322481393814
0.1885322481393814
0.14023059606552124
0.11311934888362885
0.10314739495515823
0.10595200955867767
0.09660330414772032
0.11000311374664307
0.09442193806171416
0.09598005563020706
0.0863197222352028
0.05235275626182556
0.0
0.1037706434726715
0.3374883234500885
0.7516360282897949
1.0
0.8114677667617798
0.5540666580200195
0.33811154961586
0.18977874517440796
0.1374259889125824
0.10252415388822556
0.0822686180472374
0.08850108832120894
0.07915238291025162
0.07541289925575256
0.07354316115379332
0.07634776830673218
0.07728264480829239
0.08071050047874449
0.08133374899625778
0.08071050047874449
0.07915238291025162
0.07946401089429854
0.0
0.0
0.0
0.0
0.0
0.0
0.0
0.0
0.0
0.0
