0.9898872971534728
0.8136605024337769
0.3086870014667511
0.0
0.03696949779987335
0.0910145863890648
0.11438991874456404
0.110411137342453
0.1117374002933502
0.10991379618644714
0.11952918022871016
0.1152188330888748
0.12135278433561324
0.13527850806713104
0.1332891285419464
0.133952260017395
0.14008620381355283
0.15500663220882416
0.15699602663516998
0.16644562780857086
0.1865053027868271
0.19429707527160645
0.215185672044754
0.2342506647109985
0.2584549188613892
0.2882957458496094
0.3030503988265991
0.32294428348541254
0.3363726735115051
0.33421751856803894
0.32791778445243835
0.30056366324424744
0.2569628655910492
0.21767240762710569
0.1860079616308212
0.15434350073337555
0.13428382575511932
0.12516577541828156
0.11024535447359084
0.10875331610441208
0.10676392912864684
0.10427718609571456
0.1027851477265358
0.10460875183343887
0.10527188330888748
0.10295093059539794
0.10444296896457672
0.10510610044002532
0.10261936485767365
0.11124005168676376
0.10261936485767365
0.10444296896457672
0.10875331610441208
0.11057692021131516
0.10610079765319824
0.107592836022377
0.10875331610441208
0.10261936485767365
0.10394562035799026
0.10543766617774963
0.10096153616905212
0.09399867057800293
0.09764588624238969
0.09748010337352753
0.09731432050466536
0.0964854136109352
0.09084880352020264
0.09316976368427277
0.09084880352020264
0.09300398081541059
0.09582228213548659
0.08537798374891281
0.08537798374891281
0.08637268096208572
0.0881962850689888
0.08703581243753433
0.08454906940460205
0.09167771786451341
0.09416445344686508
0.08803050220012663
0.08836206793785094
0.09134615212678909
0.09333554655313492
0.08488063514232635
0.09051723778247832
0.08885941654443741
0.09118036925792694
0.11240053176879881
0.1253315657377243
0.11969496309757233
0.12483421713113783
0.1208554357290268
0.1180371344089508
0.11223474889993668
0.11405835300683977
0.09946949779987337
0.08620689809322357
0.08836206793785094
0.08554376661777496
0.08885941654443741
0.09184350073337555
0.08587533235549927
0.08736737072467805
0.0843832865357399
0.07443633675575256
0.03895888477563857
0.0625
0.26508620381355286
0.6079244017601013
1.0
0.763594150543213
0.2243037074804306
0.007957560010254383
0.054045092314481735
0.10941644757986067
0.12135278433561324
0.1173740029335022
0.11919761449098588
0.12251326441764832
0.12317639589309692
0.1288129985332489
0.13013926148414612
0.14207559823989868
0.1460543721914291
0.14820954203605652
0.0
0.0
0.0
0.0
0.0
0.0
0.0
