1.0
0.6990838646888733
0.33051446080207825
0.053558845072984695
0.023608174175024033
0.06377730518579483
0.08738548308610915
0.07364340871572495
0.07117688655853271
0.07646229863166809
0.07751937955617905
0.07892882078886032
0.07751937955617905
0.07364340871572495
0.0919661745429039
0.09161381423473358
0.09513741731643677
0.10288935899734496
0.11275546252727509
0.11804087460041046
0.12050739675760268
0.1286116987466812
0.14904862642288208
0.16737139225006104
0.18534179031848907
0.203664556145668
0.2378435581922531
0.26532769203186035
0.28964060544967646
0.3164200186729431
0.3403805494308472
0.3562367856502533
0.354827344417572
0.33791401982307434
0.29809725284576416
0.24559548497200007
0.20295983552932736
0.17019027471542358
0.1398872435092926
0.12473572790622713
0.11557434499263763
0.1074700504541397
0.10782241076231001
0.101832278072834
0.095842145383358
0.09548978507518768
0.10007046908140182
0.10077519714832305
0.09689922630786896
0.09901338815689088
0.09866102784872056
0.09619450569152832
0.10500352084636688
0.10077519714832305
0.10218463838100432
0.10112755745649336
0.09936574846506119
0.1053558811545372
0.10641296952962875
0.10394643992185593
0.10077519714832305
0.10324171930551528
0.10887949168682098
0.10500352084636688
0.10782241076231001
0.11240310221910477
0.10887949168682098
0.10641296952962875
0.10042282938957214
0.09866102784872056
0.09689922630786896
0.0997181087732315
0.09830866754055025
0.09654686599969865
0.09513741731643677
0.0976039469242096
0.0923185348510742
0.09478505700826644
0.0976039469242096
0.0997181087732315
0.09689922630786896
0.09478505700826644
0.09513741731643677
0.09725158661603928
0.09513741731643677
0.09689922630786896
0.09689922630786896
0.09654686599969865
0.09267089515924451
0.09901338815689088
0.09337561577558515
0.09901338815689088
0.09337561577558515
0.09443269670009613
0.0923185348510742
0.09020436555147171
0.0940803363919258
0.08844256401062012
0.08527132123708725
0.0880902037024498
0.09126145392656326
0.0923185348510742
0.09055673331022263
0.08491895347833633
0.08210007101297377
0.08738548308610915
0.1053558811545372
0.12508809566497803
0.12896406650543213
0.1416490525007248
0.15750528872013092
0.15961945056915283
0.15785764157772064
0.14129668474197388
0.1342494785785675
0.1264975368976593
0.0997181087732315
0.08210007101297377
0.072586327791214
0.07223396748304367
0.06624383479356766
0.05849189683794975
0.0
0.04897815361618996
0.2568710446357727
0.6057082414627075
0.9964764118194579
0.7001409530639648
0.33262860774993896
0.0613107830286026
0.025369979441165924
0.06730091571807861
