1.0
0.9725385308265686
0.4802411198616028
0.22237107157707212
0.024112524464726448
0.22036169469356537
0.3576691150665283
0.3951774835586548
0.43000671267509455
0.45478901267051697
0.4641661047935486
0.46014735102653503
0.49095779657363886
0.464835911989212
0.4855994582176208
0.4862692654132843
0.4762223660945892
0.4929671883583069
0.47957134246826166
0.5231078267097473
0.5177494883537292
0.5043536424636841
0.5445411801338196
0.5733422636985779
0.6121902465820312
0.6490287780761719
0.6939048767089844
0.7119892835617065
0.7736101746559142
0.7957133054733276
0.8117883205413817
0.8405894041061401
0.8064299821853637
0.759544551372528
0.6892163157463074
0.6054922938346863
0.5371734499931335
0.4849296808242798
0.4480910897254944
0.42062959074974066
0.40924313664436335
0.4025452136993408
0.379772275686264
0.3650368452072144
0.3543201684951782
0.3529805839061737
0.36034828424453735
0.3482920229434967
0.3717347681522369
0.3650368452072144
0.3543201684951782
0.3616878688335418
0.3630274534225464
0.3804420530796051
0.39584729075431824
0.38847956061363215
0.36235767602920527
0.3630274534225464
0.3650368452072144
0.3543201684951782
0.3422639071941376
0.3784326910972595
0.38914936780929565
0.38914936780929565
0.37776288390159607
0.36771601438522333
0.3764232993125916
0.36771601438522333
0.35900869965553284
0.3529805839061737
0.3549899458885193
0.35565975308418274
0.3643670380115509
0.35565975308418274
0.3516409993171692
0.3576691150665283
0.3516409993171692
0.35097119212150574
0.3389149308204651
0.3563295304775238
0.3563295304775238
0.3837910294532776
0.4065639674663544
0.42464834451675415
0.4534494280815125
0.4969859421253204
0.47689217329025274
0.45478901267051697
0.4748827815055847
0.4279973208904266
0.35900869965553284
0.3288680613040924
0.3020763695240021
0.30944406986236567
0.3134628236293793
0.3127930462360382
0.31212323904037476
0.3101138770580292
0.3014065623283386
0.3275284767150879
0.33623576164245605
0.4655056893825531
0.5157400965690613
0.6068319082260132
0.9162759780883789
0.9752177000045776
0.5666443109512329
0.21902211010456085
0.0
0.09645009785890579
0.2906898856163025
0.3469524383544922
0.36838579177856445
0.3931681215763092
0.4105827212333679
0.42129939794540405
0.40187540650367737
0.418620228767395
0.4286671280860901
0.4293369054794312
0.4380442202091217
0.464835911989212
0.47287341952323914
0.46014735102653503
0.48425987362861633
0.5003349184989929
0.5177494883537292
0.5405224561691284
0.5646349787712097
0.6262558698654175
0.6604152917861937
0.7012726068496704
