0.9883040785789488
0.97985702753067
0.4554905891418457
0.17478881776332855
0.0
0.12345679104328156
0.27810266613960266
0.3040935695171356
0.32163742184638977
0.34762832522392273
0.35087719559669495
0.3541260659694672
0.3599739968776703
0.3599739968776703
0.3729694485664368
0.3768680989742279
0.37881740927696234
0.3957115113735199
0.4009096920490265
0.4145548939704895
0.42105263471603394
0.4470435380935669
0.4554905891418457
0.49577647447586054
0.5204678177833557
0.5575048923492432
0.5795971155166626
0.6257309913635254
0.6536712050437927
0.6712150573730469
0.6913580298423767
0.7069525718688965
0.6907082796096802
0.6640675663948059
0.600389838218689
0.5432098507881165
0.5029239654541016
0.46068876981735224
0.42170241475105286
0.401559442281723
0.3807667195796967
0.3794671893119812
0.3671215176582336
0.376218318939209
0.38011696934700007
0.37881740927696234
0.37166991829872126
0.36582195758819586
0.3677712678909302
0.37556853890419006
0.369070827960968
0.38011696934700007
0.3671215176582336
0.38336580991745
0.3697206079959869
0.37426900863647455
0.38011696934700007
0.37881740927696234
0.3820662796497345
0.3794671893119812
0.3736192286014557
0.37556853890419006
0.3606237769126892
0.3606237769126892
0.3729694485664368
0.3697206079959869
0.35672515630722046
0.3547758162021637
0.35737490653991694
0.3651721775531769
0.35347628593444824
0.35087719559669495
0.35087719559669495
0.35347628593444824
0.35607537627220154
0.34892788529396057
0.34892788529396057
0.3554255962371826
0.34827810525894165
0.3463287949562073
0.3554255962371826
0.343729704618454
0.35347628593444824
0.33723196387290955
0.343729704618454
0.34048083424568176
0.3391812741756439
0.3521767258644104
0.3775178790092468
0.4106562733650208
0.4126055836677551
0.4509421586990357
0.4736842215061188
0.4548408091068268
0.4509421586990357
0.4782326221466064
0.42625081539154047
0.3918128609657288
0.35087719559669495
0.32618582248687744
0.32163742184638977
0.32423651218414307
0.34243014454841614
0.32358673214912415
0.3229369819164276
0.3190383315086365
0.3339830935001373
0.3521767258644104
0.4671864807605744
0.4886289834976196
0.6289798617362976
1.0
0.9213775396347044
0.44054579734802246
0.22352176904678345
0.0487329438328743
0.1650422364473343
0.30214425921440125
0.3203378915786743
0.3307342529296875
0.3632228672504425
0.3723196983337402
0.3794671893119812
0.3859649002552032
0.38336580991745
0.39701104164123535
0.40220922231674194
0.39961013197898865
0.41390514373779297
0.420402854681015
0.4353476166725159
0.42690059542655934
