0.9650375843048096
0.8921052813529968
0.5796992778778076
0.36127820611000067
0.19360902905464167
0.11428571492433548
0.07443609088659286
0.05864661559462547
0.053007517009973526
0.04210526496171951
0.043609023094177246
0.03947368264198303
0.04812030121684074
0.043233081698417664
0.050751879811286926
0.06165413558483124
0.061278194189071655
0.05864661559462547
0.07180450856685638
0.07669173181056976
0.08496240526437758
0.09887217730283736
0.10375940054655076
0.11466165632009506
0.1248120293021202
0.13872180879116058
0.16203007102012634
0.18157894909381864
0.21654134988784793
0.23984962701797485
0.2703007459640503
0.30488720536231995
0.32255637645721436
0.34699249267578125
0.3477443754673004
0.3417293131351471
0.3154135346412658
0.26541352272033686
0.22857142984867093
0.19060149788856504
0.16353383660316467
0.129699245095253
0.1071428582072258
0.10563910007476807
0.093609020113945
0.10112781822681428
0.10300751775503159
0.09548871964216232
0.09736841917037965
0.09924811869859695
0.0981203019618988
0.10375940054655076
0.09849624335765839
0.09398496150970459
0.09097744524478912
0.10300751775503159
0.09548871964216232
0.08796992152929306
0.09097744524478912
0.08947368711233139
0.09248120337724684
0.08533834666013716
0.08684210479259491
0.07706766575574873
0.0759398490190506
0.07669173181056976
0.07406014949083328
0.0759398490190506
0.06879699230194092
0.06203007698059081
0.06654135137796402
0.07218044996261597
0.06390977650880814
0.06578947603702545
0.07481203228235245
0.0733082741498947
0.07030075043439865
0.06541353464126587
0.07443609088659286
0.06766917556524277
0.07067669183015823
0.07180450856685638
0.06954887509346008
0.07180450856685638
0.0714285746216774
0.07105263322591782
0.06766917556524277
0.07669173181056976
0.08909774571657181
0.10639097541570663
0.12255638837814332
0.12293232977390288
0.15263158082962036
0.18421052396297452
0.1763157844543457
0.1654135286808014
0.14812029898166656
0.129699245095253
0.13947369158267975
0.10338345915079115
0.09060150384902954
0.06804510951042175
0.0511278212070465
0.04661654308438301
0.050375938415527344
0.053383458405733115
0.03834586590528488
0.0
0.09248120337724684
0.27781954407691956
0.7345864772796631
0.9781954884529112
1.0
0.856766939163208
0.5349624156951904
0.3015037477016449
0.19248120486736295
0.13233081996440887
0.10827067494392396
0.09436090290546416
0.08496240526437758
0.07406014949083328
0.0733082741498947
0.0778195485472679
0.08157894760370255
0.08571428805589677
0.08233083039522171
0.08796992152929306
0.09172932058572768
0.0958646610379219
0.10187970101833344
0.1048872172832489
