1.0
0.597322940826416
0.1701059639453888
0.0
0.1154489666223526
0.2046848833560944
0.23982152342796323
0.23759062588214877
0.2453987747430801
0.250976026058197
0.25376462936401367
0.25376462936401367
0.2598996162414551
0.26882320642471313
0.26882320642471313
0.27830451726913447
0.27997767925262446
0.2816508710384369
0.296709418296814
0.3073062002658844
0.30451756715774536
0.3229224681854248
0.33407697081565857
0.35303959250450134
0.36252090334892273
0.3798103630542755
0.4026770889759064
0.4116006791591644
0.4255437850952149
0.4339096546173096
0.4255437850952149
0.4255437850952149
0.4132738411426544
0.3982152938842773
0.37757948040962214
0.36921361088752747
0.3502509891986847
0.32961517572402954
0.30395984649658203
0.29838261008262634
0.2955939769744873
0.2900167405605316
0.28667038679122925
0.27997767925262446
0.2816508710384369
0.2816508710384369
0.28053542971611023
0.27886223793029785
0.2838817536830902
0.2872281074523926
0.29057446122169495
0.28890126943588257
0.2877858281135559
0.29838261008262634
0.29280534386634827
0.29615169763565063
0.28555494546890253
0.29392081499099726
0.29447853565216064
0.29392081499099726
0.299498051404953
0.29392081499099726
0.30284440517425537
0.34188511967659
0.35527050495147705
0.36084774136543274
0.3714444935321808
0.4205242693424225
0.4294478595256805
0.4322364628314972
0.37646403908729553
0.35861682891845703
0.31232571601867676
0.28555494546890253
0.2643614113330841
0.24762967228889465
0.24372559785842893
0.24595649540424344
0.24149470031261444
0.23759062588214877
0.23870608210563657
0.23982152342796323
0.23814836144447327
0.24037925899028775
0.27105408906936646
0.39877301454544073
0.40881204605102534
0.6369213461875916
0.9587283730506898
0.48466256260871887
0.152816504240036
0.01840490847826004
0.09481316059827805
0.19631901383399963
0.22308979928493497
0.23535972833633423
0.24595649540424344
0.25320690870285034
0.2548801004886627
0.24930284917354584
0.254322350025177
0.261572778224945
0.26938092708587646
0.2738427221775055
0.27718907594680786
0.0
0.0
0.0
0.0
0.0
0.0
0.0
0.0
0.0
0.0
0.0
0.0
0.0
0.0
0.0
0.0
0.0
0.0
0.0
0.0
0.0
0.0
0.0
0.0
0.0
0.0
0.0
