0.9931311011314392
0.30337721109390253
0.008013737387955187
0.05380652472376824
0.164854034781456
0.22209501266479487
0.2386949062347412
0.23812249302864075
0.23926731944084167
0.2421293705701828
0.24613623321056363
0.24785345792770383
0.255867213010788
0.2621636986732483
0.268460214138031
0.26617059111595154
0.27303948998451233
0.2787635922431946
0.28105324506759644
0.29879793524742126
0.30681169033050537
0.3148254156112671
0.3360045850276947
0.35203206539154047
0.3720664083957672
0.3858042359352112
0.4098454415798187
0.415569543838501
0.42701774835586553
0.43102461099624634
0.4281625747680664
0.4207212328910828
0.41156268119812006
0.39095592498779297
0.37721809744834894
0.34974241256713867
0.32570120692253113
0.31024613976478577
0.29879793524742126
0.2890669703483581
0.27761876583099365
0.27246707677841187
0.27418431639671326
0.2650257647037506
0.2701774537563324
0.2667429745197296
0.2667429745197296
0.2718946635723114
0.27303948998451233
0.27132228016853327
0.27475672960281367
0.27761876583099365
0.2862049341201782
0.2850601077079773
0.2896393835544586
0.29078420996665955
0.2879221439361572
0.2873497307300568
0.28448769450187683
0.28105324506759644
0.27418431639671326
0.27132228016853327
0.2816256582736969
0.2862049341201782
0.3194046914577484
0.3457355499267578
0.3463079631328583
0.35832855105400085
0.4046937525272369
0.4184316098690033
0.4241556823253632
0.3657698929309845
0.34859758615493774
0.2884945571422577
0.26960504055023193
0.25014311075210566
0.2272467017173767
0.23068116605281827
0.22896394133567807
0.22266742587089536
0.22610189020633695
0.2209502011537552
0.22037778794765472
0.22667430341243744
0.2272467017173767
0.29879793524742126
0.43617630004882807
0.5277618765830994
0.7635947465896606
1.0
0.3623354434967041
0.04693760722875595
0.0
0.12192329764366149
0.20835718512535092
0.21637092530727384
0.22323983907699585
0.2312535792589188
0.23468804359436035
0.24441900849342343
0.24728105962276456
0.24270176887512207
0.24670864641666407
0.2518603205680847
0.25472238659858704
0.0
0.0
0.0
0.0
0.0
0.0
0.0
0.0
0.0
0.0
0.0
0.0
0.0
0.0
0.0
0.0
0.0
0.0
0.0
0.0
0.0
0.0
0.0
0.0
0.0
0.0
0.0
