0.9329510331153869
0.710189700126648
0.10057344287633896
0.0
0.01676224172115326
0.07895897328853606
0.1407146006822586
0.1508601605892181
0.15747684240341187
0.16277018189430237
0.17026907205581665
0.16718129813671112
0.16938684880733487
0.18085575103759763
0.17909130454063416
0.19056020677089688
0.18923687934875488
0.1923246532678604
0.19144243001937863
0.1958535462617874
0.2037935554981232
0.20599912106990811
0.21129246056079865
0.22320246696472168
0.23158359527587888
0.24128805100917816
0.25408029556274414
0.262461394071579
0.2655491828918457
0.2849580943584442
0.30039700865745544
0.31318923830986023
0.32774591445922846
0.32774591445922846
0.30745479464530945
0.29069253802299494
0.2633436322212219
0.2461402714252472
0.23070137202739716
0.2205557972192764
0.21041023731231687
0.20555800199508664
0.2037935554981232
0.2051168978214264
0.20423467457294464
0.20423467457294464
0.20776356756687164
0.2064402252435684
0.21041023731231687
0.2121746838092804
0.21482135355472565
0.21305690705776212
0.21702690422534943
0.21438023447990415
0.2192324697971344
0.21702690422534943
0.21967357397079468
0.21393913030624387
0.2179091274738312
0.21393913030624387
0.22011469304561612
0.2368769347667694
0.2673136293888092
0.2779003083705902
0.2606969475746155
0.2990736663341522
0.3211292326450348
0.31760033965110773
0.31495368480682373
0.2964269816875458
0.26643142104148865
0.2549625039100647
0.2262902557849884
0.1949713230133057
0.18747243285179135
0.18085575103759763
0.18262019753456116
0.17732685804367063
0.17379796504974365
0.18262019753456116
0.17600353062152863
0.17071019113063812
0.1230701357126236
0.2814292013645172
0.5910895466804504
0.840758740901947
1.0
0.7128363251686096
0.1530657261610031
0.060873400419950485
0.07146007567644119
0.1195412427186966
0.1852668672800064
0.19320687651634216
0.19320687651634216
0.20202910900115967
0.2037935554981232
0.2051168978214264
0.20070578157901764
0.21041023731231687
0.21393913030624387
0.21438023447990415
0.21482135355472565
0.21746802330017087
0.21967357397079468
0.22673135995864868
0.22805470228195193
0.23378914594650269
0.2404058277606964
0.24658139050006864
0.0
0.0
0.0
0.0
0.0
0.0
0.0
0.0
0.0
0.0
0.0
0.0
0.0
0.0
0.0
0.0
0.0
0.0
0.0
0.0
0.0
0.0
