1.0
0.7733168601989746
0.3607164919376373
0.11365040391683578
0.0
0.17850525677204132
0.276714026927948
0.29339098930358887
0.3211859166622162
0.3390982151031494
0.35021618008613586
0.3489808440208435
0.35392218828201294
0.3514515161514282
0.35639283061027527
0.35639283061027527
0.36751079559326166
0.3810994327068329
0.38171711564064026
0.4039530456066132
0.40704137086868286
0.43360099196434015
0.450277954339981
0.4805435538291931
0.5182211399078369
0.5540457367897034
0.5966646075248718
0.6182829141616821
0.6504014730453491
0.6775787472724915
0.66707843542099
0.6466954946517944
0.605311930179596
0.553428053855896
0.4904261827468872
0.41939470171928406
0.37554046511650085
0.34156885743141174
0.3119209408760071
0.30018529295921326
0.3014206290245056
0.2890673279762268
0.28968498110771174
0.2890673279762268
0.28474366664886475
0.2890673279762268
0.27239036560058594
0.2903026640415192
0.29215565323829645
0.2909203171730041
0.27794936299324036
0.2835083305835724
0.28474366664886475
0.28968498110771174
0.28783199191093445
0.29215565323829645
0.28412601351737976
0.28227299451828
0.2915380001068115
0.2983323037624359
0.29400864243507385
0.28412601351737976
0.2828906774520874
0.27856701612472534
0.27300801873207087
0.28474366664886475
0.2742433547973633
0.276714026927948
0.27053737640380854
0.28412601351737976
0.28474366664886475
0.276714026927948
0.277331680059433
0.27053737640380854
0.2711550295352936
0.2668313682079315
0.277331680059433
0.27547869086265564
0.26930204033851624
0.2760963439941406
0.2736257016658783
0.2909203171730041
0.30080297589302063
0.302655965089798
0.3150092661380768
0.32921555638313293
0.31995058059692383
0.3088326156139374
0.31006795167922974
0.2890673279762268
0.31562691926956177
0.2915380001068115
0.28721433877944946
0.2699196934700012
0.2649783790111542
0.28412601351737976
0.28536131978034973
0.28721433877944946
0.2890673279762268
0.302655965089798
0.3014206290245056
0.3347745537757873
0.4484249651432037
0.501544177532196
0.6899320483207704
0.939468801021576
0.6886967420578003
0.364422470331192
0.1760345846414566
0.05497220531105995
0.21247683465480804
0.3032736182212829
0.3218035697937012
0.3465102016925812
0.3631871640682221
0.3854230940341949
0.39221742749214167
0.39468806982040405
0.39468806982040405
0.39777639508247375
0.39901173114776606
0.4181593656539917
0.4163063764572144
0.4274243414402008
0.43483632802963257
0.44039529561996454
0.0
0.0
0.0
0.0
0.0
0.0
