1.0
0.727748692035675
0.3477935791015625
0.13238593935966492
0.0
0.17651458084583282
0.2782348394393921
0.2931937277317047
0.30665668845176697
0.32610321044921875
0.3492894470691681
0.35302916169166565
0.3500373959541321
0.3605085909366608
0.3642483055591583
0.36873596906661993
0.3567688763141632
0.36873596906661993
0.3635003864765167
0.3649962544441223
0.37471953034400934
0.3971578180789948
0.41735228896141047
0.4300673007965088
0.43904262781143194
0.4554973840713501
0.4906507134437561
0.5272999405860901
0.5699326992034912
0.6020942330360413
0.6462228894233704
0.6709049940109253
0.682124137878418
0.701570689678192
0.6985788941383362
0.6776365041732788
0.6282722353935242
0.5699326992034912
0.4958863258361816
0.4285714328289032
0.3851907253265381
0.3552730083465576
0.33433058857917786
0.3118923008441925
0.305908739566803
0.2931937277317047
0.2961854934692383
0.29094988107681274
0.2857142984867096
0.28197458386421204
0.29020193219184875
0.2954375445842743
0.2946895956993103
0.2879581153392792
0.2879581153392792
0.2849663496017456
0.28945401310920715
0.2924457788467407
0.29842931032180786
0.29693344235420227
0.29842931032180786
0.3044128715991974
0.3051608204841614
0.30890053510665894
0.3014211058616638
0.3029169738292694
0.29693344235420227
0.2887060642242432
0.2849663496017456
0.2857142984867096
0.28272250294685364
0.28272250294685364
0.28122663497924805
0.27973073720932007
0.27299925684928894
0.27599102258682245
0.2692595422267914
0.27524307370185846
0.2610321640968323
0.2670156955718994
0.26252806186676025
0.270755410194397
0.26851159334182734
0.26851159334182734
0.27000749111175537
0.2677636444568634
0.2662677764892578
0.2602842152118683
0.2587883174419403
0.26178011298179626
0.2587883174419403
0.2595362663269043
0.2602842152118683
0.26252806186676025
0.2602842152118683
0.2610321640968323
0.25355273485183716
0.2587883174419403
0.2587883174419403
0.26178011298179626
0.2565445005893707
0.25504860281944275
0.2595362663269043
0.26477187871932983
0.2872101664543152
0.2789827883243561
0.3118923008441925
0.3074046373367309
0.30067315697669983
0.26252806186676025
0.2879581153392792
0.2677636444568634
0.29169782996177673
0.27524307370185846
0.25504860281944275
0.2445774078369141
0.2490650713443756
0.26402392983436584
0.26327598094940186
0.2737472057342529
0.2774869203567505
0.27449512481689453
0.2767389714717865
0.31712788343429565
0.44502618908882147
0.47718772292137146
0.6544502377510071
0.9887808561325072
0.7449513673782349
0.3605085909366608
0.14809274673461914
0.0
