1.0
0.7215064167976379
0.20713578164577484
0.17294350266456604
0.1352824568748474
0.14370663464069366
0.13875123858451843
0.1337958425283432
0.1337958425283432
0.1342913806438446
0.1323092132806778
0.1328047513961792
0.1337958425283432
0.1328047513961792
0.13776016235351562
0.14321109652519226
0.14122894406318665
0.14420218765735626
0.15559960901737213
0.1565906852483749
0.17393459379673004
0.18632309138774872
0.21258671581745148
0.233894944190979
0.2656095027923584
0.2978196144104004
0.335480660200119
0.36422199010849
0.3855302333831787
0.4043607413768768
0.4177403450012207
0.4127849340438842
0.39395439624786377
0.36025768518447876
0.30475717782974243
0.2680872082710266
0.21605549752712247
0.17839445173740387
0.1476709544658661
0.12636274099349976
0.12537164986133575
0.11347869038581848
0.1030723452568054
0.09762140363454817
0.09217046946287155
0.09762140363454817
0.08721506595611571
0.08523290604352951
0.09117938578128815
0.08919722586870193
0.08969276398420332
0.08473736047744752
0.08572844415903091
0.08771060407161713
0.0827552005648613
0.0822596624493599
0.07928641885519028
0.07829534262418747
0.06888008117675781
0.06888008117675781
0.07185331732034683
0.0664023756980896
0.06888008117675781
0.062438055872917175
0.053518336266279214
0.054013874381780624
0.0500495545566082
0.0495540127158165
0.04905847460031509
0.04509415104985237
0.04459861293435097
0.04112983122467995
0.045589692890644073
0.04856293275952339
0.03964320942759514
0.04311199113726616
0.03468780964612961
0.032210107892751694
0.03022794798016548
0.036174431443214417
0.03964320942759514
0.052031714469194405
0.06788899749517441
0.07829534262418747
0.10852328687906264
0.12388503551483154
0.11546085029840468
0.10505451261997222
0.1005946472287178
0.09117938578128815
0.06293359398841858
0.037661049515008926
0.02973240800201893
0.0327056497335434
0.0252725463360548
0.03518335148692131
0.010406343266367912
0.0
0.24578790366649628
0.591179370880127
0.8969276547431946
0.9207136034965516
0.23984143137931824
0.09217046946287155
0.048067394644021995
0.03518335148692131
0.04311199113726616
0.03171456977725029
0.02973240800201893
0.02775024808943272
0.03815659135580063
0.04112983122467995
0.04013875126838684
0.045589692890644073
0.04658077284693717
0.04013875126838684
0.04162537306547165
0.04856293275952339
0.052031714469194405
0.07234886288642883
0.0827552005648613
0.09563924372196195
0.0
0.0
0.0
0.0
0.0
0.0
0.0
0.0
0.0
0.0
