1.0
0.7889397740364074
0.27699607610702515
0.05922774970531464
0.08982329815626144
0.14446990191936493
0.1549410969018936
0.15248690545558927
0.15134161710739136
0.15346857905387878
0.15477748215198517
0.16181282699108124
0.16263088583946228
0.16181282699108124
0.1678664982318878
0.17424738407135007
0.1767015755176544
0.18226440250873563
0.19355367124080655
0.20435209572315216
0.21564136445522308
0.23053009808063507
0.2472185790538788
0.2660340368747711
0.29368454217910767
0.3175719976425171
0.33736911416053766
0.35585734248161316
0.36632853746414173
0.36878272891044617
0.3650196194648743
0.33507853746414185
0.29597511887550354
0.25294503569602966
0.21825915575027463
0.1909358650445938
0.16704842448234558
0.15412303805351257
0.1477421522140503
0.1344895213842392
0.1338350772857666
0.13203534483909607
0.1303992122411728
0.12990838289260864
0.13072644174098969
0.13170811533927915
0.13023559749126434
0.13089005649089813
0.133180633187294
0.1328534036874771
0.1328534036874771
0.13072644174098969
0.137925386428833
0.1328534036874771
0.12990838289260864
0.13236255943775177
0.13465313613414764
0.12892669439315796
0.1243455484509468
0.12712696194648743
0.1236910969018936
0.1256544440984726
0.12123691290616988
0.1199280098080635
0.12238220125436781
0.12140052020549774
0.1151832491159439
0.11861910670995712
0.11698298156261444
0.11780104786157608
0.11567408591508864
0.11289267241954803
0.10880235582590105
0.10896597057580948
0.10962042212486268
0.10749345272779463
0.1025850772857666
0.10536649078130722
0.10683900862932204
0.10487565398216248
0.0971858650445938
0.10503926873207092
0.10503926873207092
0.0965314134955406
0.10045811533927916
0.09849476069211961
0.10912957787513732
0.09636779874563216
0.097840316593647
0.09702225029468536
0.10634816437959672
0.12140052020549774
0.12581805884838104
0.12303665280342102
0.13154450058937073
0.13105367124080655
0.11976439505815505
0.12549084424972534
0.12123691290616988
0.09505890309810638
0.09145942330360413
0.08753272145986557
0.09604057669639587
0.08671466261148451
0.0934227779507637
0.08687826991081236
0.08491492271423341
0.08458769321441649
0.06479057669639587
0.02585078589618206
0.06168193742632866
0.2619437277317047
0.597676694393158
0.9617146849632264
0.7377290725708007
0.1688481718301773
0.0
0.047120418399572365
0.09931282699108125
0.114856019616127
0.11256544291973114
0.11927355825901031
0.11256544291973114
0.12205497175455092
0.1202552393078804
0.12810863554477692
0.125
0.13023559749126434
0.13465313613414764
0.14496073126792908
0.14986911416053772
0.15346857905387878
