1.0
0.5306451320648192
0.18333333730697632
0.0532258078455925
0.12580645084381104
0.20698924362659452
0.2290322631597519
0.24193547666072843
0.2478494644165039
0.24623656272888184
0.249462366104126
0.2521505355834961
0.2586021423339844
0.26021504402160645
0.2639784812927246
0.2688172161579132
0.27311828732490534
0.2779569923877716
0.2887096703052521
0.2892473042011261
0.3000000119209289
0.3080645203590393
0.3220430016517639
0.34354838728904724
0.3591397702693939
0.37473118305206293
0.3930107653141022
0.4032258093357086
0.4166666567325592
0.4155913889408112
0.412903219461441
0.41021504998207087
0.3951613008975983
0.3801075220108032
0.3634408712387085
0.3354838788509369
0.3215053677558899
0.30645161867141724
0.29301074147224426
0.2779569923877716
0.2758064568042755
0.27258065342903137
0.2704301178455353
0.26989248394966125
0.2704301178455353
0.2661290466785431
0.26989248394966125
0.2752688229084015
0.28064516186714167
0.2849462330341339
0.286559134721756
0.287634402513504
0.29247310757637024
0.300537645816803
0.29301074147224426
0.2962365448474884
0.29892474412918085
0.2983871102333069
0.301075279712677
0.3150537610054016
0.34408602118492126
0.3634408712387085
0.36720430850982666
0.38440859317779535
0.4215053617954254
0.42956990003585815
0.4327957034111023
0.38440859317779535
0.3736559152603149
0.32258063554763794
0.301612913608551
0.2795698940753937
0.2666666805744171
0.26236557960510254
0.25537633895874023
0.25322580337524414
0.25
0.24462366104125977
0.2456989288330078
0.24193547666072843
0.25268816947937006
0.36774194240570074
0.4327957034111023
0.5817204117774963
0.9139785170555114
0.8112903237342833
0.2709677517414093
0.0
0.11989247053861618
0.20107527077198029
0.23709677159786224
0.24193547666072843
0.24838709831237793
0.2521505355834961
0.25107526779174805
0.26182794570922846
0.26290321350097656
0.26989248394966125
0.2704301178455353
0.27903226017951965
0.2827956974506378
0.2849462330341339
0.2919354736804962
0.0
0.0
0.0
0.0
0.0
0.0
0.0
0.0
0.0
0.0
0.0
0.0
0.0
0.0
0.0
0.0
0.0
0.0
0.0
0.0
0.0
0.0
0.0
0.0
0.0
0.0
0.0
0.0
0.0
