0.9003164768218994
0.6800633072853088
0.424683541059494
0.24810126423835757
0.1376582235097885
0.10791139304637908
0.06835442781448364
0.07120253145694733
0.0680379718542099
0.05854430422186852
0.062025316059589386
0.06012658402323722
0.05189873278141022
0.045886076986789696
0.05601265653967857
0.05379746854305267
0.041772153228521354
0.052848100662231445
0.0503164567053318
0.04272151738405228
0.041139241307973855
0.04335442930459976
0.054113924503326416
0.04493670910596848
0.047151897102594376
0.05632911249995232
0.07563291490077971
0.0895569622516632
0.09651898592710496
0.11930380016565321
0.13417720794677734
0.14018987119197843
0.14778481423854828
0.1518987268209457
0.15664556622505188
0.1471519023180008
0.13702531158924103
0.11867088824510574
0.10664556920528412
0.09715189784765245
0.08734177052974702
0.0879746824502945
0.08544303476810454
0.07911392301321028
0.07848101109266281
0.0813291147351265
0.08512657880783081
0.09936708956956863
0.08259493857622145
0.08512657880783081
0.07943037897348405
0.09493670612573624
0.09810126572847366
0.09810126572847366
0.09715189784765245
0.10411392152309416
0.10474683344364166
0.09841772168874739
0.10474683344364166
0.11107595264911652
0.10569620132446288
0.11044304072856904
0.12436708807945251
0.14177215099334717
0.1731012612581253
0.16613924503326416
0.18702532351017
0.16234177350997925
0.11487341672182085
0.10379746556282043
0.09810126572847366
0.09588607400655745
0.08987341821193695
0.09746835380792616
0.09398733824491501
0.07658227533102036
0.046202532947063446
0.0
0.07911392301321028
0.302215188741684
0.6987341642379761
1.0
0.8240506052970886
0.5607594847679137
0.3357594907283783
0.20981012284755704
0.1465189903974533
0.10886076092720032
0.0835443064570427
0.07816455513238905
0.08829113841056822
0.08670885860919952
0.08512657880783081
0.07278481125831603
0.07373417913913728
0.07721518725156784
0.07500000298023222
0.08481013029813766
0.0
0.0
0.0
0.0
0.0
0.0
0.0
0.0
0.0
0.0
0.0
0.0
0.0
0.0
0.0
0.0
0.0
0.0
0.0
0.0
0.0
0.0
0.0
0.0
0.0
0.0
0.0
0.0
0.0
0.0
0.0
0.0
0.0
0.0
