0.9701310396194458
0.7970131039619447
0.5614141821861267
0.34227368235588074
0.1898811310529709
0.14690643548965454
0.12709540128707883
0.11063700169324873
0.11002743244171143
0.09935995191335678
0.10484608262777328
0.09478817135095596
0.1069795787334442
0.09844559431076048
0.09234989434480669
0.08930204063653947
0.08777811378240585
0.08960682898759843
0.09021639823913574
0.09204510599374771
0.09570252895355225
0.09722645580768584
0.09113075584173201
0.09052117913961409
0.09935995191335678
0.09875038266181946
0.11368485540151596
0.1353245973587036
0.144772931933403
0.16275525093078613
0.17890886962413788
0.19597683846950528
0.20725388824939728
0.21792136132717127
0.21670222282409668
0.2252362072467804
0.22157879173755643
0.19902469217777247
0.17860408127307892
0.16793660819530487
0.14843036234378815
0.13867723941802979
0.12465711683034895
0.11124657094478609
0.11002743244171143
0.11368485540151596
0.11063700169324873
0.113380067050457
0.10789393633604048
0.11917098611593246
0.1179518476128578
0.11124657094478609
0.11155135929584505
0.11520877480506896
0.12160926312208176
0.12800975143909454
0.12008533626794816
0.1292288899421692
0.12709540128707883
0.12557147443294525
0.13349588215351105
0.12099969387054443
0.12160926312208176
0.11856141686439514
0.12374275922775269
0.1252666860818863
0.1179518476128578
0.1213044822216034
0.11612313240766524
0.12221883237361908
0.11703749001026152
0.1164279207587242
0.11155135929584505
0.11551356315612792
0.11612313240766524
0.10301737487316132
0.10758914798498152
0.11429442465305328
0.10911307483911514
0.11368485540151596
0.10819871723651885
0.1164279207587242
0.1392868012189865
0.13623894751071927
0.12343797832727432
0.17281316220760343
0.18226151168346405
0.1874428540468216
0.19018591940402985
0.13867723941802979
0.11551356315612792
0.10576044023036955
0.092959463596344
0.09539774805307388
0.10088387876749037
0.0944833904504776
0.0975312441587448
0.08625419437885283
0.0527278259396553
0.0
0.0960073173046112
0.30539470911026
0.7119780778884888
1.0
0.8201767802238464
0.5586711168289185
0.3395306169986725
0.193538561463356
0.1353245973587036
0.10606522113084792
0.08533983677625656
0.08351112157106398
0.0716245025396347
0.06918622553348541
0.07772020995616911
0.07345321774482727
0.0740627869963646
0.06918622553348541
0.07040536403656006
0.06522401422262192
0.06126181036233901
0.06400487571954727
0.06430966407060623
0.0
0.0
0.0
0.0
0.0
0.0
0.0
0.0
0.0
