1.0
0.8700000047683715
0.2583870887756348
0.003225806402042508
0.017419354990124702
0.10709677636623383
0.11451613157987595
0.11225806176662444
0.12225806713104248
0.11709677428007124
0.12193548679351807
0.1293548345565796
0.13129031658172607
0.1409677416086197
0.13612903654575348
0.14709676802158356
0.15193548798561096
0.1525806486606598
0.16483871638774872
0.16516129672527313
0.17193548381328583
0.1832258105278015
0.1922580599784851
0.2132258117198944
0.22387096285820007
0.24193547666072843
0.26967743039131165
0.29806452989578247
0.33612903952598566
0.3622580766677856
0.39225807785987854
0.4196774065494537
0.4354838728904724
0.4354838728904724
0.3864516019821167
0.3290322721004486
0.27000001072883606
0.21838709712028503
0.1854838728904724
0.1503225862979889
0.13354839384555817
0.12806451320648193
0.1203225776553154
0.12258064746856688
0.11451613157987595
0.1135483905673027
0.11774193495512009
0.1135483905673027
0.1180645152926445
0.11322580277919768
0.11193548142910004
0.11387097090482712
0.1158064529299736
0.1229032278060913
0.11838709563016891
0.1229032278060913
0.12225806713104248
0.12548387050628662
0.1270967721939087
0.11774193495512009
0.11741935461759569
0.1135483905673027
0.11064516007900238
0.11709677428007124
0.10999999940395357
0.10935483872890472
0.10516128689050674
0.1041935458779335
0.1158064529299736
0.10483870655298232
0.10967741906642912
0.12548387050628662
0.1503225862979889
0.16354838013648987
0.171290323138237
0.1941935420036316
0.1941935420036316
0.1783870905637741
0.185161292552948
0.16096773743629456
0.1483870893716812
0.13225805759429932
0.1109677404165268
0.10870967805385588
0.09451612830162048
0.09483870863914488
0.09387096762657164
0.08774193376302718
0.09161290526390077
0.08548387140035629
0.09064516425132751
0.09064516425132751
0.0858064517378807
0.08838709443807603
0.05451612919569016
0.0
0.1299999952316284
0.3635483980178833
0.9451612830162048
0.9258064627647402
0.3706451654434204
0.02935483865439892
0.01322580687701702
0.09612902998924255
0.11870967596769331
0.12354838848114012
0.1229032278060913
0.12096773833036421
0.1329032331705093
0.129677414894104
0.13516129553318024
0.1412903219461441
0.14225806295871735
0.1525806486606598
0.14903226494789124
0.15677419304847717
0.16129031777381897
0.16258063912391663
0.0
0.0
0.0
0.0
0.0
0.0
0.0
0.0
0.0
0.0
0.0
0.0
0.0
0.0
