0.9700962901115416
0.5712113380432129
0.09376583993434906
0.005068423692137002
0.0
0.04054738953709602
0.12975165247917175
0.1474911272525787
0.15762798488140106
0.16066902875900269
0.1611758768558502
0.16877850890159607
0.170805886387825
0.17131271958351135
0.17790167033672333
0.18398378789424896
0.19209325313568115
0.19716168940067288
0.20324379205703733
0.2027369439601898
0.21287380158901212
0.2179422229528427
0.2321338057518005
0.24024328589439392
0.24379117786884308
0.26964014768600464
0.26964014768600464
0.29498225450515747
0.3218449056148529
0.34718701243400574
0.37252914905548096
0.3993918001651764
0.4247339069843292
0.4607197046279907
0.4880892038345337
0.500253438949585
0.5154587030410768
0.5266092419624329
0.5129244923591614
0.48656868934631353
0.46173340082168574
0.40851494669914246
0.35428282618522644
0.32133805751800537
0.27369487285614014
0.25190067291259766
0.22959959506988523
0.21186010539531708
0.20729853212833405
0.21135327219963077
0.2047643214464188
0.19614799320697784
0.1915864199399948
0.20527115464210513
0.20831221342086792
0.2012164145708084
0.20983274281024927
0.2042574733495712
0.2108464241027832
0.20932589471340177
0.20679168403148648
0.21895590424537656
0.21591484546661377
0.2108464241027832
0.20932589471340177
0.20070958137512207
0.19412063062191007
0.19564116001129153
0.195134311914444
0.19412063062191007
0.19361378252506256
0.18499746918678284
0.18398378789424896
0.18144956231117249
0.1900658905506134
0.18094272911548612
0.188545361161232
0.1855043023824692
0.17587430775165555
0.17435377836227417
0.1789153516292572
0.17638114094734192
0.1682716608047485
0.16725797951221466
0.1794221997261047
0.19868220388889313
0.22655853629112244
0.26102381944656367
0.258996456861496
0.27977699041366577
0.2995438277721405
0.28788647055625916
0.2493664473295212
0.24125696718692777
0.21692854166030884
0.19209325313568115
0.1682716608047485
0.1652306169271469
0.16320323944091797
0.1581348180770874
0.16016219556331635
0.14799797534942627
0.14647744596004486
0.1469842940568924
0.1485048085451126
0.08464267849922179
0.07399898767471313
0.32792702317237854
0.8413583636283873
1.0
0.6497719287872313
0.1469842940568924
0.04967055097222328
0.030410543084144592
0.06893056631088257
0.1596553474664688
0.19209325313568115
0.19766852259635925
0.20172326266765597
0.21135327219963077
0.22250379621982572
0.22402432560920715
0.22807906568050385
0.2245311737060547
0.22149011492729187
0.2194627523422241
0.23568169772624967
0.2321338057518005
0.24024328589439392
0.24024328589439392
0.0
0.0
