0.9247999787330627
0.9418666958808899
0.17440000176429749
0.037866666913032525
0.006399999838322401
0.012266666628420351
0.00426666671410203
0.005333333276212216
0.0
0.002133333357051015
0.0005333333392627537
0.00426666671410203
0.015466666780412195
0.003733333433046937
0.02239999920129776
0.03306666761636734
0.03840000182390213
0.049066666513681405
0.0586666651070118
0.07306666672229767
0.09653333574533463
0.1114666685461998
0.13546666502952576
0.15680000185966492
0.1877333372831345
0.2293333262205124
0.25866666436195374
0.2896000146865845
0.31626665592193604
0.3413333296775818
0.35839998722076416
0.36053332686424255
0.3312000036239624
0.29600000381469727
0.25333333015441895
0.2069333344697952
0.15733332931995392
0.12160000205039978
0.09546666592359543
0.07733333110809326
0.07733333110809326
0.061866667121648795
0.06560000032186508
0.06080000102519989
0.0586666651070118
0.07199999690055847
0.06239999830722809
0.07519999891519545
0.07039999961853027
0.06986666470766068
0.07573333382606505
0.07199999690055847
0.06773333251476288
0.06719999760389328
0.05973333492875099
0.0586666651070118
0.05973333492875099
0.05920000001788139
0.049066666513681405
0.050666667520999915
0.0549333319067955
0.050666667520999915
0.05173333361744881
0.05119999870657921
0.04373333230614662
0.04373333230614662
0.04426666721701623
0.046933334320783615
0.04746666550636292
0.04106666520237923
0.05013333261013031
0.04800000041723251
0.046933334320783615
0.049066666513681405
0.06933332979679108
0.09920000284910202
0.12479999661445616
0.13226667046546936
0.1578666716814041
0.18613334000110623
0.17759999632835388
0.1749333292245865
0.1578666716814041
0.1578666716814041
0.113066665828228
0.08320000022649765
0.060266666114330285
0.04639999940991402
0.037333332002162926
0.04053333401679993
0.0538666658103466
0.019733333960175518
0.06880000233650208
0.3562666773796081
0.7941333055496215
1.0
0.8010666370391845
0.1728000044822693
0.106133334338665
0.08160000294446945
0.08160000294446945
0.07733333110809326
0.07039999961853027
0.05973333492875099
0.06346666812896729
0.07039999961853027
0.07786666601896286
0.08160000294446945
0.08160000294446945
0.08426667004823683
0.08746666461229324
0.10026666522026062
0.1103999987244606
0.1146666631102562
0.0
0.0
0.0
0.0
0.0
0.0
0.0
0.0
0.0
0.0
0.0
0.0
0.0
0.0
0.0
0.0
0.0
0.0
