1.0
0.6591760516166687
0.18508115410804749
0.015293383039534092
0.0
0.06117353215813637
0.10205992311239243
0.14544320106506348
0.17103619873523712
0.18289637565612793
0.19694131612777707
0.2022471874952316
0.20911361277103424
0.21785268187522888
0.22003746032714844
0.22752809524536127
0.23158551752567288
0.2375155985355377
0.23970037698745728
0.24750311672687528
0.25561797618865967
0.26529338955879206
0.2734082341194153
0.28558051586151123
0.3021223545074463
0.3239700496196747
0.35049936175346375
0.37359550595283514
0.397940069437027
0.41916355490684504
0.4400749206542969
0.45380774140357966
0.4566167294979096
0.4460049867630005
0.41385766863822937
0.37203496694564814
0.32365792989730835
0.2858926355838776
0.25530585646629333
0.23845192790031436
0.23252184689044952
0.22721597552299497
0.22690387070178983
0.2290886342525482
0.22940075397491452
0.23689138889312744
0.2381398230791092
0.24188514053821564
0.24282146990299225
0.24719101190567017
0.2465667873620987
0.24875156581401825
0.2506242096424103
0.25499376654624933
0.2524968683719635
0.24719101190567017
0.2496878951787949
0.25031211972236633
0.24937577545642847
0.24750311672687528
0.23782771825790405
0.24094881117343905
0.23845192790031436
0.23845192790031436
0.23564293980598447
0.23595505952835083
0.23283395171165464
0.23283395171165464
0.2281523048877716
0.22347065806388852
0.22565543651580808
0.22409488260746
0.2281523048877716
0.22347065806388852
0.21598002314567563
0.21410736441612244
0.21317103505134585
0.218164786696434
0.22003746032714844
0.22128589451313016
0.2222222238779068
0.22503121197223663
0.22784020006656647
0.22877652943134308
0.2334581762552261
0.24157303571701047
0.26061174273490906
0.27652934193611145
0.2793383300304413
0.300561785697937
0.2908864021301269
0.30836454033851624
0.30836454033851624
0.29431959986686707
0.26560547947883606
0.26654180884361267
0.24375779926776883
0.2381398230791092
0.23252184689044952
0.22784020006656647
0.2350187301635742
0.2375155985355377
0.2375155985355377
0.23439450562000275
0.18757802248001096
0.16011236608028412
0.3258427083492279
0.5380774140357971
0.9931336045265197
0.8498751521110535
0.3280274569988251
0.09207241237163544
0.06741572916507721
0.11548064649105072
0.1641697883605957
0.20911361277103424
0.24531835317611692
0.25967541337013245
0.2643570601940155
0.26716604828834534
0.2643570601940155
0.26654180884361267
0.2743445634841919
0.27559301257133484
0.2802746593952179
0.2830836474895477
0.2849563062191009
0.29837703704833984
0.30430710315704346
0.0
0.0
0.0
