1.0
0.4648711979389191
0.1838407516479492
0.028103044256567955
0.07689305394887923
0.11358314007520676
0.1233411431312561
0.10850897431373596
0.10577673465013504
0.10811866074800491
0.10811866074800491
0.10928961634635924
0.11124122142791748
0.11436377465724944
0.11787665635347366
0.11358314007520676
0.1233411431312561
0.1291959434747696
0.12177985906600952
0.1284153014421463
0.13348945975303647
0.14441841840744019
0.15339578688144684
0.15183450281620023
0.15612801909446716
0.16432474553585052
0.1838407516479492
0.1912568360567093
0.2072599530220032
0.2271662801504135
0.25370803475379944
0.27595627307891846
0.3044496476650238
0.3399687707424164
0.3672911822795868
0.3907103836536408
0.41334894299507136
0.4270101487636566
0.4195940792560577
0.4016393423080444
0.37236532568931574
0.30757221579551697
0.25995317101478577
0.21896955370903012
0.18306010961532593
0.15066353976726532
0.13387978076934814
0.1233411431312561
0.11280249804258347
0.10616705566644669
0.1038251370191574
0.10070257633924484
0.1046057790517807
0.10226385295391081
0.10187353938817977
0.10265417397022247
0.10928961634635924
0.10499610006809235
0.10499610006809235
0.11085090041160583
0.10850897431373596
0.10187353938817977
0.10421545803546904
0.10343481600284576
0.10343481600284576
0.10109289735555647
0.0995316132903099
0.09562841802835464
0.09289617836475372
0.09094457328319548
0.08548009395599365
0.08235753327608109
0.08313817530870436
0.07455113530158995
0.06986729055643082
0.07494144886732101
0.07298985123634337
0.07338017225265504
0.07494144886732101
0.07025761157274246
0.07298985123634337
0.06830601394176483
0.06557376682758331
0.06557376682758331
0.06362216919660568
0.0671350508928299
0.06440281122922897
0.06557376682758331
0.06830601394176483
0.06518345326185225
0.06440281122922897
0.06518345326185225
0.07806400954723358
0.07494144886732101
0.08626073598861694
0.11163153499364852
0.1233411431312561
0.13036690652370453
0.13973458111286163
0.147931307554245
0.15105386078357697
0.136221706867218
0.1182669773697853
0.09992193430662157
0.08704137057065964
0.06596408784389496
0.05347384884953498
0.05425448715686798
0.04566744714975357
0.04761904850602149
0.045277126133441925
0.04215456545352936
0.04566744714975357
0.050351288169622414
0.05152224749326706
0.05542545020580292
0.05815768986940384
0.06596408784389496
0.061670571565628045
0.06401249021291733
0.032786883413791656
0.0
0.11241217702627182
0.3239656388759613
0.6483216285705566
0.952771246433258
0.7103825211524963
0.3001561164855957
0.05152224749326706
0.02185792289674282
0.09679937362670897
0.0
