1.0
0.7648054361343383
0.37394246459007263
0.17385786771774292
0.018612520769238472
0.061336718499660485
0.1459390819072723
0.1501692086458206
0.15651437640190125
0.168358713388443
0.17089678347110748
0.17174281179904935
0.1763959378004074
0.17851099371910095
0.19035533070564273
0.19204737246036527
0.1928934007883072
0.19839255511760712
0.2047377377748489
0.21742808818817136
0.22123520076274872
0.23265650868415833
0.23477157950401303
0.245346873998642
0.2618443369865417
0.2703045606613159
0.2901861369609833
0.2999154031276703
0.3244500756263733
0.3472927212715149
0.3756345212459564
0.3891708850860596
0.39170897006988525
0.3963620960712433
0.3972081243991852
0.38620981574058527
0.3565989732742309
0.3185279071331024
0.2851099967956543
0.259729266166687
0.22927242517471316
0.21531303226947784
0.20177665352821353
0.1878172606229782
0.1848561763763428
0.1848561763763428
0.19035533070564273
0.19247038662433624
0.19035533070564273
0.1806260645389557
0.1878172606229782
0.19416244328022003
0.2009306252002716
0.1933164149522781
0.1967005133628845
0.20135363936424253
0.21489001810550687
0.21150591969490048
0.20854483544826508
0.20981387794017792
0.20854483544826508
0.20558375120162964
0.20516075193881989
0.204314723610878
0.20389170944690704
0.19035533070564273
0.18358713388442996
0.1797800362110138
0.1848561763763428
0.1818950921297073
0.17808797955513
0.17808797955513
0.1797800362110138
0.17851099371910095
0.16708968579769135
0.16370558738708496
0.16751268506050107
0.16455160081386566
0.16751268506050107
0.15989847481250763
0.14932318031787872
0.1463620960712433
0.15862944722175598
0.1666666716337204
0.1895093023777008
0.1988155692815781
0.19035533070564273
0.24280880391597748
0.2394247055053711
0.2368866354227066
0.2542301118373871
0.23138748109340668
0.2123519480228424
0.19712351262569427
0.1700507551431656
0.13367174565792084
0.11336717754602432
0.1053299456834793
0.11125211417675018
0.11209813505411148
0.11505921930074692
0.1159052476286888
0.06768189370632172
0.11802030354738235
0.24323180317878723
0.6489001512527466
0.989847719669342
0.9069374203681946
0.4306260645389557
0.19077834486961365
0.03130287677049637
0.0
0.08121827244758606
0.12309644371271132
0.12648053467273712
0.13494077324867249
0.14255499839782715
0.14678511023521423
0.14763113856315613
0.15101522207260132
0.15397630631923676
0.15313029289245603
0.16032148897647855
0.1700507551431656
0.1814720779657364
0.19458544254302976
0.20642977952957156
0.2110829055309296
0.0
0.0
0.0
0.0
