0.9470117092132568
0.9889094233512878
0.4750462174415588
0.21010474860668185
0.0
0.06592729687690735
0.2439926117658615
0.2784966230392456
0.2969808876514435
0.32285889983177185
0.3277880549430847
0.3401108980178833
0.3438077569007873
0.3555144667625427
0.35181760787963867
0.3604436218738556
0.36598891019821167
0.3733826279640198
0.37769562005996704
0.39679604768753046
0.4109673500061035
0.43006777763366694
0.4504005014896393
0.46888479590415955
0.513863205909729
0.5459026694297792
0.5834873914718628
0.6247689723968506
0.650030791759491
0.6722119450569153
0.6987060904502869
0.6906962394714355
0.6555761098861694
0.5995070934295654
0.5329636335372925
0.46457177400588984
0.417744904756546
0.37461492419242853
0.3487369120121002
0.32840418815612793
0.32162660360336304
0.31792977452278137
0.31546518206596375
0.32840418815612793
0.3111521899700165
0.3074553310871124
0.3130006194114685
0.30930376052856445
0.3037584722042084
0.31053605675697327
0.30868762731552124
0.30991989374160767
0.30930376052856445
0.30930376052856445
0.3056069016456604
0.31361675262451166
0.31608134508132935
0.31484904885292053
0.3074553310871124
0.3056069016456604
0.29574862122535706
0.32409119606018066
0.3068391978740692
0.292051762342453
0.290203332901001
0.2791127562522888
0.2840419113636017
0.2834257483482361
0.28096118569374084
0.28773877024650574
0.28589034080505366
0.28589034080505366
0.276032030582428
0.28280961513519287
0.27479976415634155
0.2686383128166199
0.27479976415634155
0.2729513347148895
0.2686383128166199
0.26617375016212463
0.26617375016212463
0.2711029052734375
0.26802217960357666
0.26186075806617737
0.2698706090450287
0.2698706090450287
0.26309302449226374
0.2698706090450287
0.29081946611404413
0.3025261759757996
0.3043746054172516
0.30991989374160767
0.3074553310871124
0.2692544758319855
0.2692544758319855
0.27418360114097595
0.2729513347148895
0.26617375016212463
0.2575477659702301
0.2483056038618088
0.24276031553745267
0.24152803421020508
0.2624768912792206
0.2606284618377685
0.2704867422580719
0.26740604639053345
0.26740604639053345
0.3536660373210907
0.4189772009849548
0.5231053829193115
0.9174368381500243
1.0
0.5274183750152588
0.2365988940000534
0.0345040038228035
0.06469500809907913
0.24460874497890472
0.28527417778968805
0.2914355993270874
0.32162660360336304
0.33764633536338806
0.34688848257064814
0.3487369120121002
0.35797905921936035
0.3592113256454468
0.36968576908111567
0.0
0.0
0.0
0.0
0.0
0.0
