0.983851671218872
0.684808611869812
0.23624402284622192
0.11782296746969224
0.1614832580089569
0.16028708219528198
0.1435406655073166
0.1393540650606155
0.1363636404275894
0.13038277626037595
0.1315789520740509
0.13277511298656464
0.1381578892469406
0.13755980134010315
0.13217703998088837
0.13576555252075195
0.1381578892469406
0.14413875341415405
0.15191388130187988
0.1584928184747696
0.169856458902359
0.17404305934906003
0.17464114725589752
0.18002392351627347
0.18959330022335047
0.199760764837265
0.2165071815252304
0.22667464613914487
0.2482057362794876
0.2769138813018799
0.3068181872367859
0.33732056617736816
0.37918660044670094
0.4090909063816071
0.44318181276321406
0.46531099081039434
0.4736842215061188
0.4473684132099152
0.41148325800895685
0.3594497740268707
0.3086124360561371
0.26076555252075195
0.220095694065094
0.19078947603702545
0.17464114725589752
0.15370813012123108
0.14294257760047913
0.12619617581367493
0.12918660044670105
0.1285885125398636
0.11722487956285477
0.11303827911615372
0.1118421033024788
0.11124402284622192
0.11423444747924805
0.11124402284622192
0.12081339955329896
0.12021531164646149
0.12799042463302612
0.12380382418632507
0.1297846883535385
0.1232057437300682
0.1214114800095558
0.1214114800095558
0.11961722373962402
0.11602871119976044
0.11124402284622192
0.10047847032546996
0.10107655823230743
0.10466507077217102
0.09688995033502577
0.10406698286533356
0.10107655823230743
0.10047847032546996
0.10346890240907668
0.1064593270421028
0.10107655823230743
0.10287081450223921
0.11244019120931624
0.09928229451179504
0.09270334988832472
0.0903110057115555
0.095095694065094
0.09808612614870071
0.095095694065094
0.09569378197193144
0.09270334988832472
0.09629186242818832
0.09748803824186324
0.09629186242818832
0.09569378197193144
0.09688995033502577
0.09330143779516221
0.09629186242818832
0.0915071740746498
0.08433014154434205
0.09090909361839294
0.08732057362794877
0.08851674944162367
0.0903110057115555
0.08971291780471802
0.09330143779516221
0.09868421405553816
0.13456937670707703
0.16208134591579437
0.16208134591579437
0.15550239384174347
0.16626794636249542
0.17882774770259857
0.16447368264198303
0.13217703998088837
0.139952152967453
0.1214114800095558
0.10287081450223921
0.095095694065094
0.08612440526485443
0.08193779736757278
0.08074162900447845
0.07954545319080351
0.07894736528396606
0.08373206108808517
0.0915071740746498
0.07117225229740143
0.0
0.021531101316213608
0.28409090638160706
0.8995215296745299
1.0
0.7159090638160706
0.2637559771537781
0.09270334988832472
0.15430621802806854
