0.9193163514137267
0.8608903288841246
0.5151033401489258
0.21303656697273252
0.05723370611667633
0.0
0.07710652053356169
0.12042925506830215
0.12480127066373824
0.12519872188568115
0.1347376853227615
0.1339427679777145
0.14546899497509003
0.14705882966518402
0.1565977782011032
0.1669316440820694
0.171701118350029
0.18163752555847168
0.1764705926179886
0.1748807579278946
0.1752782166004181
0.1852146238088608
0.19236883521080017
0.20667727291584012
0.22257551550865173
0.2503974437713623
0.2591415047645569
0.2678855359554291
0.28974562883377075
0.31001588702201843
0.3302861750125885
0.3473767936229706
0.3541335463523865
0.3461844325065613
0.3521462678909302
0.3545309901237488
0.3358505666255951
0.30484896898269653
0.277027040719986
0.2627185881137848
0.236486479640007
0.2193958610296249
0.20866455137729645
0.183624804019928
0.17845787107944489
0.1764705926179886
0.18282988667488095
0.1804451495409012
0.18402226269245148
0.1899840980768204
0.18759936094284055
0.1883942782878876
0.18640699982643127
0.18402226269245148
0.18799681961536407
0.19117647409439087
0.19554848968982697
0.19515103101730344
0.20747217535972595
0.20866455137729645
0.20270270109176636
0.20627981424331665
0.20349761843681333
0.21065182983875275
0.20349761843681333
0.19515103101730344
0.19356121122837064
0.1899840980768204
0.19038155674934387
0.183624804019928
0.18481716513633728
0.18481716513633728
0.1915739327669144
0.18958663940429688
0.1899840980768204
0.19554848968982697
0.20190778374671936
0.20111288130283356
0.183624804019928
0.18640699982643127
0.1899840980768204
0.19117647409439087
0.1931637525558472
0.19197137653827667
0.19554848968982697
0.19912560284137723
0.20786963403224945
0.21144674718379972
0.20389507710933685
0.19117647409439087
0.19356121122837064
0.19515103101730344
0.19117647409439087
0.19872814416885373
0.20588235557079315
0.20826709270477292
0.20707471668720245
0.21581876277923584
0.20985691249370572
0.20667727291584012
0.20389507710933685
0.20151033997535703
0.19475357234478
0.1915739327669144
0.19236883521080017
0.20826709270477292
0.22893482446670527
0.24006359279155728
0.2535771131515503
0.27980920672416687
0.29848966002464294
0.30325913429260254
0.30484896898269653
0.2802066802978516
0.2678855359554291
0.2571542263031006
0.2484101802110672
0.20548489689826965
0.1852146238088608
0.1804451495409012
0.1804451495409012
0.17925278842449188
0.17885532975196838
0.1796502321958542
0.15540540218353271
0.18402226269245148
0.27265501022338867
0.6422893404960632
1.0
0.9220985770225525
0.5548489689826965
0.28775835037231445
