1.0
0.7569444179534912
0.4461805522441864
0.1393229216337204
0.0
0.0776909738779068
0.1059027761220932
0.1050347238779068
0.09722222387790681
0.09201388806104659
0.1072048619389534
0.1067708358168602
0.1176215261220932
0.1197916641831398
0.1189236119389534
0.1245659738779068
0.1284722238779068
0.1349826455116272
0.1302083283662796
0.1410590261220932
0.1462673544883728
0.1592881977558136
0.1697048544883728
0.1727430522441864
0.1809895783662796
0.1935763955116272
0.2048611044883728
0.2239583283662796
0.2365451455116272
0.2465277761220932
0.2660590410232544
0.2747395932674408
0.2886284589767456
0.2764756977558136
0.2860243022441864
0.2786458432674408
0.2478298544883728
0.22265625
0.1983506977558136
0.1579861044883728
0.1315104216337204
0.1154513880610466
0.1080729141831398
0.0985243022441864
0.08463541418313981
0.08810763806104659
0.0811631977558136
0.09765625
0.08463541418313981
0.08723958581686019
0.09548611193895343
0.1041666641831398
0.1050347238779068
0.09375
0.0889756977558136
0.09722222387790681
0.1006944477558136
0.1002604141831398
0.0868055522441864
0.09114583581686019
0.09548611193895343
0.08854166418313981
0.08767361193895341
0.0824652761220932
0.0733506977558136
0.08203125
0.08376736193895341
0.0789930522441864
0.0638020858168602
0.0633680522441864
0.07421875
0.0672743022441864
0.07552083581686019
0.06163194403052329
0.05381944403052329
0.0651041641831398
0.05946180596947669
0.078125
0.0811631977558136
0.1323784738779068
0.1653645783662796
0.1501736044883728
0.1918402761220932
0.2052951455116272
0.1506076455116272
0.1410590261220932
0.10546875
0.0902777761220932
0.0698784738779068
0.0412326380610466
0.0447048619389534
0.0325520820915699
0.0342881940305233
0.03645833209156991
0.026041666045784954
0.03993055596947669
0.0373263880610466
0.05164930596947669
0.03602430596947669
0.0334201380610466
0.0720486119389534
0.2517361044883728
0.4956597089767456
0.9917534589767456
0.7261284589767456
0.46875
0.1896701455116272
0.019097222015261647
0.0863715261220932
0.1150173619389534
0.1154513880610466
0.1106770858168602
0.1106770858168602
0.1180555522441864
0.1171875
0.1267361044883728
0.1236979141831398
0.1336805522441864
0.0
0.0
0.0
0.0
0.0
0.0
0.0
0.0
0.0
0.0
0.0
0.0
0.0
0.0
