1.0
0.7242279052734374
0.43236190080642706
0.110917791724205
0.005654632579535246
0.1478903889656067
0.23053501546382904
0.2662026882171631
0.27925184369087214
0.26881253719329834
0.29099607467651367
0.29012614488601685
0.3001304864883423
0.3170943856239319
0.3057851195335388
0.32492387294769287
0.3210091292858124
0.32709872722625727
0.34188777208328247
0.3314484655857086
0.3479773700237274
0.34014788269996643
0.3514571487903595
0.3671161234378815
0.3562418520450592
0.3845150172710418
0.3858199119567871
0.4032187759876251
0.43279686570167536
0.41887778043746954
0.416702926158905
0.3827751278877258
0.3597216308116913
0.3431926965713501
0.30622008442878723
0.31230971217155457
0.29360592365264887
0.2944758534431457
0.30274033546447754
0.28186169266700745
0.2957807779312134
0.2840365469455719
0.28969117999076843
0.304915189743042
0.28969117999076843
0.29795563220977783
0.28534144163131714
0.28925618529319763
0.3040452301502228
0.3014354109764099
0.3375380635261536
0.3614614903926849
0.3719008266925812
0.407133549451828
0.4201826751232147
0.4080034792423248
0.43323183059692383
0.424532413482666
0.4027838110923767
0.3592866361141205
0.3218790888786316
0.2831665873527527
0.2666376829147339
0.26837754249572754
0.24010439217090607
0.24793387949466705
0.23314484953880313
0.228795126080513
0.24271422624588007
0.22314049303531647
0.23488473892211917
0.21661591529846191
0.2509786784648895
0.34928229451179504
0.636798620223999
0.9782513976097107
0.6502827405929564
0.3840800225734711
0.06046107038855553
0.0
0.13310134410858154
0.21444106101989743
0.24532406032085416
0.25880816578865046
0.24793387949466705
0.2718573212623596
0.2666376829147339
0.27316224575042725
0.2879512906074524
0.27272728085517883
0.0
0.0
0.0
0.0
0.0
0.0
0.0
0.0
0.0
0.0
0.0
0.0
0.0
0.0
0.0
0.0
0.0
0.0
0.0
0.0
0.0
0.0
0.0
0.0
0.0
0.0
0.0
0.0
0.0
0.0
0.0
0.0
0.0
0.0
0.0
0.0
0.0
0.0
0.0
0.0
0.0
0.0
