1.0
0.8050032258033752
0.49326491355896
0.28608080744743347
0.18024374544620517
0.3964079618453979
0.4849262237548828
0.49903783202171326
0.5638229846954346
0.5657472610473633
0.5824246406555176
0.5914047360420227
0.585631787776947
0.5766516923904419
0.5766516923904419
0.6055163741111755
0.6106478571891785
0.6164208054542542
0.6221936941146851
0.6427196860313416
0.6286081075668335
0.6433611512184143
0.663887083530426
0.7017318606376648
0.7190506458282471
0.7382937669754028
0.791533052921295
0.8293778300285339
0.8511866331100464
0.8691468834877014
0.8967286944389342
0.8806927800178528
0.8652982711791992
0.8037203550338745
0.7485567927360535
0.6741501092910768
0.603592038154602
0.5708787441253662
0.5208467245101929
0.4958306550979614
0.4676074385643005
0.4567030072212219
0.4567030072212219
0.44387426972389216
0.4368184804916382
0.4534958302974701
0.4502886533737183
0.45093008875846863
0.4271969199180603
0.4502886533737183
0.4419499635696411
0.4393842220306397
0.41693392395973206
0.4252726137638092
0.4233483076095581
0.42912122607231135
0.4336113035678864
0.42014113068580633
0.409878134727478
0.40667095780372614
0.4021808803081512
0.4162924885749817
0.4227068722248077
0.41565105319023127
0.4246311783790588
0.4111610054969788
0.4246311783790588
0.4085952639579773
0.40538805723190313
0.3996151387691498
0.4047466218471527
0.4118024408817291
0.4111610054969788
0.41500961780548096
0.39897370338439936
0.41308531165122986
0.4041051864624024
0.3964079618453979
0.40538805723190313
0.4560615718364716
0.5035278797149657
0.5093008279800415
0.5227710008621216
0.5657472610473633
0.552918553352356
0.5426555275917053
0.5542014241218567
0.4919820427894592
0.44515714049339294
0.4111610054969788
0.38422065973281855
0.3765234053134918
0.37973058223724365
0.3822963535785675
0.3540731370449066
0.3656189739704132
0.3630532324314117
0.35728031396865845
0.35599744319915766
0.49903783202171326
0.5227710008621216
0.5830660462379456
0.9089159965515136
0.9608723521232606
0.4958306550979614
0.22322000563144684
0.0
0.13662603497505188
0.29634380340576166
0.32905709743499756
0.35728031396865845
0.3758819699287415
0.3944836556911469
0.40089800953865046
0.3944836556911469
0.4047466218471527
0.40538805723190313
0.43810135126113886
0.45221295952796936
0.4477229118347168
0.4708146154880524
0.48043617606163025
0.4836433529853821
0.0
0.0
0.0
0.0
0.0
0.0
0.0
0.0
0.0
