0.9740773439407348
0.8282073736190797
0.27021089196205134
0.03427065163850784
0.03383128345012665
0.16564147174358368
0.2289103716611862
0.25746923685073847
0.26669594645500183
0.271089643239975
0.28251317143440247
0.29481545090675354
0.29701229929924006
0.2956942021846771
0.305799663066864
0.3062390089035034
0.31414762139320374
0.3154657185077667
0.33040422201156616
0.34094902873039246
0.34358522295951843
0.35061511397361755
0.36467486619949346
0.3686291873455048
0.38444638252258306
0.4037785530090332
0.43629175424575806
0.46441125869750977
0.49165201187133784
0.517574667930603
0.5413005352020264
0.5667838454246521
0.5795254707336426
0.583040416240692
0.57469242811203
0.5461335778236389
0.5101054310798645
0.4622144103050232
0.42398944497108454
0.38356766104698176
0.35281196236610407
0.3295254707336426
0.3053602874279022
0.2921792566776276
0.287346214056015
0.287346214056015
0.2737258374691009
0.2688927948474884
0.26581722497940063
0.2548330426216125
0.25439366698265076
0.2609841823577881
0.2592267096042633
0.2548330426216125
0.25834798812866205
0.2601054608821869
0.26581722497940063
0.26581722497940063
0.26274165511131287
0.25043937563896174
0.24648505449295044
0.23901581764221191
0.23462215065956116
0.22715289890766144
0.21880492568016047
0.22056238353252408
0.2223198562860489
0.22056238353252408
0.2223198562860489
0.21704745292663571
0.22275923192501068
0.22144111990928647
0.2289103716611862
0.2302284687757492
0.2297891080379486
0.22759227454662323
0.23330403864383695
0.23901581764221191
0.23769772052764887
0.2482425272464752
0.2482425272464752
0.25
0.25
0.2385764569044113
0.2438488602638245
0.24253076314926147
0.24780316650867465
0.25
0.2592267096042633
0.2508787214756012
0.2491212636232376
0.24472759664058685
0.23769772052764887
0.24253076314926147
0.23945517838001248
0.23594024777412412
0.24033391475677487
0.23594024777412412
0.25043937563896174
0.28822496533393854
0.3194200396537781
0.2956942021846771
0.27504393458366394
0.2293497323989868
0.22583480179309845
0.21924428641796112
0.22100175917148593
0.21572935581207275
0.21792618930339813
0.21572935581207275
0.20826010406017303
0.20650263130664823
0.21528998017311096
0.21924428641796112
0.21792618930339813
0.20166958868503568
0.2029877007007599
0.30096662044525146
0.4868189692497253
0.7346221208572388
1.0
0.6120386719703673
0.17574691772460935
0.0
0.08304042369127274
0.20430579781532288
0.24428822100162503
0.26318103075027466
0.26537784934043884
0.2759226858615875
0.2803163528442383
0.29525482654571533
