0.922922909259796
0.7127127051353456
0.32982984185218805
0.038538537919521325
0.03153153136372566
0.04304304346442223
0.1366366297006607
0.15165165066719055
0.17817817628383636
0.18368367850780487
0.1941941976547241
0.2002002000808716
0.206706702709198
0.2042042016983032
0.20370370149612424
0.20320320129394528
0.21021020412445068
0.21721722185611725
0.21821822226047516
0.2222222238779068
0.2222222238779068
0.22972972691059113
0.22922922670841217
0.24224224686622617
0.2592592537403106
0.26626625657081604
0.2877877950668335
0.3023023009300232
0.3178178071975708
0.3263263404369354
0.3338338434696197
0.3463463485240936
0.35435435175895685
0.34834834933280945
0.3458458483219147
0.33033034205436707
0.2952952980995178
0.26676675677299494
0.24324324727058408
0.2342342287302017
0.2242242246866226
0.20620620250701904
0.21021020412445068
0.21271272003650665
0.19969969987869263
0.2007007002830505
0.19469469785690308
0.19869869947433472
0.19169169664382932
0.20170170068740845
0.20270270109176636
0.206706702709198
0.21071070432662964
0.21021020412445068
0.21821822226047516
0.21421422064304352
0.20970970392227167
0.21221220493316648
0.21721722185611725
0.21271272003650665
0.20970970392227167
0.20970970392227167
0.21521522104740143
0.20370370149612424
0.20370370149612424
0.2077077031135559
0.2012012004852295
0.2022022008895874
0.2002002000808716
0.2022022008895874
0.19719719886779785
0.19469469785690308
0.2042042016983032
0.23273272812366483
0.2512512505054474
0.25375375151634216
0.2642642557621002
0.27427425980567927
0.26626625657081604
0.27627629041671753
0.24374374747276303
0.219719722867012
0.20470470190048215
0.18768769502639768
0.1776776760816574
0.16816817224025726
0.16466467082500455
0.17267267405986783
0.17167167365550995
0.1601601541042328
0.10060060024261475
0.3003003001213074
0.6371371150016785
1.0
0.6721721887588501
0.2757757902145386
0.0
0.011011010967195034
0.05055055022239685
0.1366366297006607
0.16516517102718353
0.18018017709255216
0.17867867648601532
0.1856856793165207
0.19219219684600833
0.206706702709198
0.2132132202386856
0.21371372044086456
0.21271272003650665
0.22772772610187528
0.22922922670841217
0.2332332283258438
0.244244247674942
0.2512512505054474
0.2502502501010895
0.26076075434684753
0.2677677571773529
0.28178179264068604
0.2957957983016968
0.31281280517578125
0.0
0.0
0.0
0.0
0.0
0.0
0.0
0.0
0.0
0.0
0.0
0.0
