0.9683400988578796
0.7019448280334473
0.10809588432312012
0.0
0.004070556256920099
0.06060606241226196
0.1189507022500038
0.13116237521171567
0.13206693530082703
0.1343283653259277
0.13523292541503906
0.13749434053897855
0.14246946573257446
0.1415649056434631
0.14337404072284698
0.14699231088161469
0.1528720110654831
0.16101311147212982
0.16056083142757416
0.14834916591644287
0.15468114614486694
0.16282224655151367
0.16779737174510956
0.1754862070083618
0.18453188240528104
0.1913161426782608
0.20036183297634125
0.21393035352230072
0.22523744404315948
0.24197195470333097
0.25780189037323
0.2754409909248352
0.28810492157936096
0.2862958014011383
0.2781546711921692
0.2695612907409668
0.24242424964904785
0.2175486236810684
0.20217096805572507
0.1854364573955536
0.1754862070083618
0.16915422677993774
0.16417910158634183
0.16327454149723053
0.16417910158634183
0.16056083142757416
0.16101311147212982
0.16644053161144257
0.1696065068244934
0.162369966506958
0.17051108181476593
0.16417910158634183
0.16870194673538208
0.17458163201808927
0.16779737174510956
0.16644053161144257
0.1659882366657257
0.1637268215417862
0.16553595662117004
0.16282224655151367
0.15196743607521057
0.15965627133846283
0.1637268215417862
0.15422885119915009
0.15739484131336212
0.15377657115459442
0.15694256126880643
0.1515151560306549
0.1492537260055542
0.14699231088161469
0.14518317580223083
0.14608773589134216
0.14654003083705902
0.14563545584678647
0.14518317580223083
0.1478968858718872
0.1560379862785339
0.17910447716712952
0.2035278081893921
0.20714609324932096
0.2057892382144928
0.24242424964904785
0.2650384306907654
0.2587064802646637
0.24875621497631076
0.23066486418247223
0.2035278081893921
0.1827227473258972
0.16056083142757416
0.13523292541503906
0.12799638509750366
0.12302125990390776
0.10764359682798384
0.11623699963092804
0.10990501940250395
0.11261872202157974
0.10900045186281204
0.09181366115808488
0.06603346765041351
0.28222525119781494
0.5879692435264587
0.8236092329025267
1.0
0.5350520014762878
0.06829489022493361
0.006784260738641024
0.015829941257834435
0.0710085928440094
0.13025780022144315
0.13071008026599884
0.14020805060863495
0.14473089575767517
0.14518317580223083
0.14563545584678647
0.15241971611976624
0.1564902812242508
0.1587516963481903
0.0
0.0
0.0
0.0
0.0
0.0
0.0
0.0
0.0
0.0
0.0
0.0
0.0
0.0
0.0
