0.9934162497520447
0.7695683836936951
0.28675931692123413
0.0
0.1404535472393036
0.29334309697151184
0.3745428025722504
0.2918800413608551
0.2692026197910309
0.2955376803874969
0.3013899028301239
0.32553035020828247
0.30724212527275085
0.30285295844078064
0.34016093611717224
0.3321141302585602
0.3621068000793457
0.36064374446868896
0.3767373859882354
0.4155084192752838
0.42721286416053766
0.45501098036766047
0.4586686193943024
0.48134601116180414
0.5310899615287781
0.5559619665145874
0.5910753607749938
0.5771762728691101
0.587417721748352
0.6159473061561584
0.5954645276069641
0.61082661151886
0.5669348835945128
0.5245062112808228
0.5062180161476135
0.4425749778747559
0.4330651164054871
0.3716166913509369
0.3438185751438141
0.3467446863651276
0.33942940831184387
0.33942940831184387
0.32626187801361084
0.335771769285202
0.34308704733848566
0.3321141302585602
0.3299195170402527
0.3321141302585602
0.3343087136745453
0.3628383278846741
0.3277249336242676
0.3452816307544708
0.3386978805065155
0.3079736530780792
0.3321141302585602
0.32626187801361084
0.3269934058189392
0.3218727111816406
0.354791522026062
0.4038039445877075
0.4133138358592987
0.4652523696422577
0.4835405945777893
0.47403073310852045
0.5171909332275392
0.495976597070694
0.5420629382133484
0.48134601116180414
0.4038039445877075
0.3577176332473755
0.2970007359981537
0.3006583750247956
0.257498174905777
0.26042428612709045
0.2640819251537323
0.23262618482112885
0.22823701798915863
0.23701536655426023
0.27724945545196533
0.3811265528202057
0.6627652049064636
1.0
0.7446964383125305
0.1492318958044052
0.01024140417575836
0.12216532230377196
0.3299195170402527
0.33357718586921686
0.25822970271110535
0.27724945545196533
0.263350397348404
0.27724945545196533
0.2670080363750458
0.27066570520401
0.30285295844078064
0.2904169857501984
0.3218727111816406
0.0
0.0
0.0
0.0
0.0
0.0
0.0
0.0
0.0
0.0
0.0
0.0
0.0
0.0
0.0
0.0
0.0
0.0
0.0
0.0
0.0
0.0
0.0
0.0
0.0
0.0
0.0
0.0
0.0
0.0
0.0
0.0
0.0
0.0
0.0
