0.9762443304061889
0.752828061580658
0.26131221652030945
0.013574660755693913
0.125
0.20588235557079315
0.24604071676731107
0.2562217116355896
0.2596153914928436
0.26300904154777527
0.26300904154777527
0.26300904154777527
0.27375566959381104
0.27319005131721497
0.2782805562019348
0.28959277272224426
0.290723979473114
0.30090498924255366
0.2997737526893616
0.3054298758506775
0.31674209237098694
0.32239818572998047
0.33540722727775574
0.3467194437980652
0.3659502267837525
0.3840497732162476
0.39819005131721497
0.40893664956092834
0.4253393709659576
0.4298642575740814
0.4287330210208893
0.42703619599342346
0.42647057771682734
0.4100678861141205
0.395927608013153
0.375
0.35350677371025085
0.33540722727775574
0.3150452375411988
0.2997737526893616
0.30147057771682734
0.28902715444564814
0.2850678861141205
0.2805429995059967
0.28223982453346247
0.28223982453346247
0.27601811289787287
0.2788461446762085
0.2845022678375244
0.28619909286499023
0.29581448435783386
0.2873303294181824
0.293552041053772
0.2969456911087036
0.30147057771682734
0.30203619599342346
0.30147057771682734
0.3048642575740814
0.3048642575740814
0.2997737526893616
0.30033937096595764
0.2975113093852997
0.3048642575740814
0.33936652541160583
0.37047511339187617
0.3733031749725342
0.3806561231613159
0.4100678861141205
0.4479638040065765
0.45757919549942017
0.3993212580680847
0.371606320142746
0.32466062903404236
0.28959277272224426
0.2726244330406189
0.25735294818878174
0.2516968250274658
0.25113123655319214
0.24717193841934204
0.24886877834796903
0.24773755669593808
0.2352941185235977
0.2466063350439072
0.24208144843578336
0.26979637145996094
0.4038461446762085
0.4530543088912964
0.6323529481887816
1.0
0.6351810097694397
0.18891403079032895
0.0
0.10746606439352036
0.20248869061470032
0.23642534017562863
0.23925338685512543
0.2466063350439072
0.25395926833152765
0.2579185664653778
0.25509050488471985
0.26753392815589905
0.2686651647090912
0.2743212580680847
0.2748868763446808
0.2873303294181824
0.0
0.0
0.0
0.0
0.0
0.0
0.0
0.0
0.0
0.0
0.0
0.0
0.0
0.0
0.0
0.0
0.0
0.0
0.0
0.0
0.0
0.0
0.0
0.0
0.0
0.0
0.0
