0.9594034552574157
0.7792046666145325
0.36081191897392273
0.16818557679653168
0.0
0.04391052201390266
0.13256005942821503
0.1557580828666687
0.16031482815742493
0.1632145792245865
0.1702568382024765
0.17481358349323273
0.18765534460544583
0.19386909902095795
0.20008285343647003
0.2042253464460373
0.20339685678482053
0.2009113430976868
0.20588235557079315
0.21623860299587247
0.2319801151752472
0.2311516106128693
0.23363710939884183
0.24979287385940552
0.25559237599372864
0.2630488872528076
0.27630490064620966
0.29908865690231323
0.3322286605834961
0.34589892625808716
0.3616404235363007
0.37448218464851374
0.37613919377326965
0.38939520716667175
0.39270919561386103
0.3840099275112152
0.3661971688270569
0.34009942412376404
0.30115988850593567
0.2684341371059418
0.23612262308597565
0.2170671075582504
0.2100248485803604
0.1967688500881195
0.1839270889759064
0.18268434703350067
0.17812758684158325
0.17564208805561063
0.18724109232425687
0.1843413412570953
0.18475559353828433
0.19262634217739105
0.1967688500881195
0.19014084339141843
0.1859983503818512
0.18724109232425687
0.19014084339141843
0.1909693479537964
0.19386909902095795
0.1980115920305252
0.20463959872722623
0.19718310236930847
0.18931233882904047
0.17895609140396118
0.18144159018993375
0.173985093832016
0.1797845959663391
0.17895609140396118
0.1764705926179886
0.1835128366947174
0.1839270889759064
0.1859983503818512
0.1897265911102295
0.18227009475231168
0.17937034368515015
0.1785418391227722
0.1810273379087448
0.1859983503818512
0.18144159018993375
0.18848384916782376
0.1843413412570953
0.1835128366947174
0.18641258776187897
0.18765534460544583
0.18889810144901276
0.18848384916782376
0.18516984581947327
0.17357084155082703
0.16942833364009857
0.16570007801055908
0.16362883150577545
0.15865783393383026
0.15617233514785767
0.14830157160758972
0.15161557495594025
0.16031482815742493
0.16114333271980283
0.1640430837869644
0.1640430837869644
0.16445733606815338
0.16280032694339752
0.16694283485412595
0.17108534276485443
0.18268434703350067
0.2050538510084152
0.22286660969257355
0.23446561396121976
0.27464789152145386
0.2812758982181549
0.28583264350891113
0.30985915660858154
0.27050539851188654
0.25766363739967346
0.24275061488151553
0.21209610998630524
0.17191383242607117
0.1607290804386139
0.1557580828666687
0.1570008248090744
0.16238607466220856
0.17315658926963806
0.16942833364009857
0.12593206763267517
0.1698425859212875
0.32062965631484985
0.7207953333854675
1.0
0.8537696599960326
0.44614747166633606
0.21623860299587247
0.07207953929901123
0.03811101987957954
