0.983757436275482
0.6361667513847351
0.19815917313098907
0.0
0.12831619381904602
0.2030319422483444
0.25121819972991943
0.24796968698501584
0.24796968698501584
0.2517596185207367
0.2642122507095337
0.2717920839786529
0.2804547846317291
0.27504059672355646
0.28641039133071894
0.28424471616744995
0.28695181012153625
0.2961559295654297
0.2907417416572571
0.3151055872440338
0.3232268691062927
0.3400108218193054
0.345425009727478
0.36166757345199585
0.3881970643997192
0.4011911153793335
0.4076881408691406
0.43746617436409
0.4515430331230164
0.45966431498527527
0.4499187767505646
0.4293448925018311
0.43367624282836914
0.4087709784507752
0.39794260263442993
0.37899297475814814
0.3627504110336304
0.3335137963294983
0.3264753520488739
0.31348133087158203
0.3026529550552368
0.28641039133071894
0.29290741682052607
0.30644288659095764
0.3096913993358612
0.298863023519516
0.2891174852848053
0.2891174852848053
0.2918245792388916
0.29290741682052607
0.3053600490093231
0.3140227496623993
0.30752572417259216
0.30752572417259216
0.31727126240730286
0.3069843053817749
0.3059014678001404
0.31618842482566833
0.31348133087158203
0.3302652835845947
0.37899297475814814
0.3909041583538056
0.39252841472625727
0.4028153717517853
0.4499187767505646
0.4629128277301788
0.4612885713577271
0.3957769274711609
0.3817000687122345
0.32430967688560486
0.30373579263687134
0.2977801859378814
0.26637789607048035
0.2571738064289093
0.2853275537490845
0.2966973483562469
0.2652950584888458
0.25121819972991943
0.26042231917381287
0.22847861051559448
0.2728749215602875
0.31023281812667847
0.4228478670120239
0.5246345400810242
0.7428262233734131
1.0
0.40389820933341974
0.1245262622833252
0.07363291829824446
0.16621547937393188
0.242014080286026
0.2555495500564575
0.2680021524429321
0.2582566440105438
0.26367083191871643
0.27341634035110474
0.28316187858581543
0.30644288659095764
0.2896589040756225
0.2880346477031708
0.30102869868278503
0.30914998054504395
0.0
0.0
0.0
0.0
0.0
0.0
0.0
0.0
0.0
0.0
0.0
0.0
0.0
0.0
0.0
0.0
0.0
0.0
0.0
0.0
0.0
0.0
0.0
0.0
0.0
0.0
0.0
0.0
0.0
0.0
