1.0
0.6089074611663817
0.2693110704421997
0.046972859650850296
0.026096032932400703
0.06958942115306854
0.08594293892383574
0.07306889444589616
0.07376478612422942
0.07828810065984726
0.08037578314542769
0.08246346563100816
0.08002783358097075
0.08663883060216902
0.08524703979492188
0.08768267184495926
0.09429366886615752
0.0991649255156517
0.10890744626522064
0.11134307831525803
0.12421711534261703
0.14161448180675507
0.15066109597682953
0.15762004256248474
0.1830201745033264
0.20737648010253903
0.2393876165151596
0.2620041668415069
0.28670841455459595
0.3180236518383026
0.3395963907241821
0.35073068737983704
0.3475991785526276
0.33298537135124207
0.2853166460990906
0.24217118322849276
0.19624216854572296
0.15935978293418884
0.13291579484939575
0.11760612577199936
0.10473208129405975
0.0991649255156517
0.09881698340177536
0.09533751010894775
0.09290187805891038
0.09812108427286147
0.09777314215898512
0.09568545222282408
0.09046624600887297
0.09185803681612015
0.09603340178728104
0.09429366886615752
0.09429366886615752
0.09464161098003389
0.08907446265220642
0.09046624600887297
0.09568545222282408
0.09881698340177536
0.09812108427286147
0.09846903383731842
0.10473208129405975
0.09986082464456558
0.10160055756568909
0.09777314215898512
0.09812108427286147
0.10160055756568909
0.09290187805891038
0.09464161098003389
0.0949895605444908
0.09324982762336731
0.09290187805891038
0.09777314215898512
0.08524703979492188
0.08281141519546509
0.08907446265220642
0.0880306214094162
0.09116214513778687
0.09185803681612015
0.09116214513778687
0.09116214513778687
0.08907446265220642
0.08698678016662596
0.08698678016662596
0.08977035433053969
0.08315935730934143
0.0862908810377121
0.09046624600887297
0.09290187805891038
0.0862908810377121
0.08524703979492188
0.0862908810377121
0.09046624600887297
0.0880306214094162
0.08872651308774947
0.08385525643825531
0.08698678016662596
0.09185803681612015
0.08594293892383574
0.08559498935937881
0.08559498935937881
0.08837856352329254
0.08524703979492188
0.08663883060216902
0.08489909768104553
0.08663883060216902
0.08872651308774947
0.10299234837293623
0.12456506490707396
0.1315240114927292
0.14161448180675507
0.1614474654197693
0.16005566716194153
0.15935978293418884
0.1308281123638153
0.1353514194488525
0.1120389699935913
0.10194850713014603
0.08281141519546509
0.0727209448814392
0.06715378910303116
0.06367432326078415
0.0581071674823761
0.0
0.05775922164320946
0.2835769057273865
0.6343075633049011
0.9846903085708617
0.6447460055351257
0.3145442008972168
0.06019484996795654
0.03862212970852852
0.06854557991027832
