1.0
0.6178166866302489
0.3875240385532379
0.188848540186882
0.19867549836635587
0.2200384587049484
0.21961119771003723
0.21320231258869168
0.21405681967735288
0.21427045762538907
0.21619312465190887
0.21854305267333984
0.2208929657936096
0.2208929657936096
0.223883792757988
0.2311471849679947
0.23584704101085663
0.24011963605880737
0.24631488323211667
0.2537919282913208
0.2640461325645447
0.27259132266044617
0.28305917978286743
0.29566332697868347
0.31488996744155884
0.3274941146373749
0.34394359588623047
0.35483869910240173
0.3623157441616058
0.36915189027786255
0.3727836012840271
0.37022003531455994
0.3563341200351715
0.3317667245864868
0.3014313280582428
0.2757957577705384
0.25528731942176813
0.2407605201005936
0.22794274985790247
0.2211066037416458
0.21448408067226407
0.2153386026620865
0.21213415265083313
0.2114932686090469
0.21213415265083313
0.20978423953056333
0.21021150052547452
0.21192052960395807
0.2134159356355667
0.2134159356355667
0.21448408067226407
0.21427045762538907
0.21576586365699768
0.21640674769878387
0.21576586365699768
0.21662038564682007
0.21662038564682007
0.21683400869369504
0.21662038564682007
0.2153386026620865
0.21320231258869168
0.21234779059886927
0.20978423953056333
0.20850245654582977
0.209143340587616
0.20807519555091855
0.2048707604408264
0.20294809341430664
0.20380260050296783
0.2149113416671753
0.22687460482120517
0.2294381558895111
0.24161504209041595
0.2403332591056824
0.2533646523952484
0.25955992937088007
0.2728049457073212
0.252082884311676
0.2407605201005936
0.21192052960395807
0.19696645438671112
0.1931211352348328
0.18863490223884585
0.18564409017562863
0.18414868414402008
0.18457594513893127
0.18671223521232605
0.18265327811241147
0.18393506109714508
0.1837214231491089
0.18564409017562863
0.18030335009098047
0.12027344852685928
0.0
0.16064943373203275
0.42768639326095587
0.7947019934654237
0.9671010375022888
0.5879085659980774
0.36317026615142817
0.1837214231491089
0.20380260050296783
0.21768853068351743
0.21854305267333984
0.21384319663047793
0.21448408067226407
0.21448408067226407
0.22025208175182345
0.21768853068351743
0.0
0.0
0.0
0.0
0.0
0.0
0.0
0.0
0.0
0.0
0.0
0.0
0.0
0.0
0.0
0.0
0.0
0.0
0.0
0.0
0.0
0.0
0.0
