1.0
0.6718587875366211
0.4112149477005005
0.21142263710498807
0.20166146755218503
0.2222222238779068
0.22637590765953064
0.22263759374618527
0.2232606410980225
0.22159917652606964
0.2232606410980225
0.22699895501136777
0.22720664739608765
0.23052959144115448
0.2313603311777115
0.2369678020477295
0.239875391125679
0.2438213974237442
0.25067496299743647
0.25835928320884705
0.2677050828933716
0.2776739299297333
0.2861889898777008
0.29844236373901367
0.3152647912502289
0.3308411240577698
0.3472481966018677
0.3603322803974152
0.3686396777629852
0.3781931400299072
0.38400831818580633
0.3865005075931549
0.3773624002933502
0.3563863039016724
0.3293873369693756
0.30031153559684753
0.2745586633682251
0.25462096929550165
0.240706130862236
0.23302181065082553
0.22907580435276031
0.22575286030769348
0.22284527122974396
0.21931463479995728
0.2186915874481201
0.22139148414134976
0.22035306692123413
0.22014537453651428
0.2209761142730713
0.22554516792297363
0.22554516792297363
0.22492212057113647
0.22471442818641665
0.2238837033510208
0.22492212057113647
0.22575286030769348
0.2265836000442505
0.22533749043941495
0.22554516792297363
0.22533749043941495
0.22575286030769348
0.22409138083457944
0.22201453149318692
0.22076843678951263
0.2209761142730713
0.22201453149318692
0.22035306692123413
0.21889927983284
0.21910695731639865
0.21703010797500608
0.2178608477115631
0.2134994864463806
0.2143302112817764
0.2149532735347748
0.21474558115005493
0.21453790366649628
0.21142263710498807
0.21287642419338224
0.21017652750015256
0.21225337684154513
0.21121495962142944
0.2110072672367096
0.21889927983284
0.23322948813438413
0.23842160403728485
0.24652129411697388
0.24652129411697388
0.25462096929550165
0.2614745497703552
0.26832813024520874
0.25441327691078186
0.24236759543418884
0.2166147530078888
0.2020768374204636
0.1958463191986084
0.19335409998893735
0.19065420329570767
0.18878504633903503
0.18816199898719788
0.18587747216224673
0.1854621022939682
0.1854621022939682
0.1829698830842972
0.18483904004096985
0.17923156917095184
0.10965731739997864
0.0
0.17632398009300232
0.44361370801925654
0.8124610781669616
0.9376947283744813
0.5649013519287108
0.33229491114616394
0.18317757546901703
0.2070612609386444
0.21640706062316892
0.20976115763187408
0.20830737054347992
0.2078920006752014
0.21017652750015256
0.21121495962142944
0.21370716392993927
0.21640706062316892
0.2178608477115631
0.2205607444047928
0.22367601096630096
0.22575286030769348
0.0
0.0
0.0
0.0
0.0
