1.0
0.4691749811172485
0.12375339865684508
0.040344513952732086
0.09202175587415697
0.20988214015960693
0.22030824422836304
0.24705348908901212
0.2624660134315491
0.281958281993866
0.2810516655445099
0.2833182215690613
0.28649139404296875
0.2937443256378174
0.2973708212375641
0.29329103231430054
0.29555755853652954
0.29555755853652954
0.2905711829662323
0.29827743768692017
0.30145058035850525
0.3087035417556762
0.316863089799881
0.324116051197052
0.3286491334438324
0.33408886194229126
0.3368087112903595
0.3535811305046081
0.3608340919017792
0.3789664506912232
0.4070716202259064
0.4419764280319214
0.4632819592952728
0.47914779186248774
0.5049864053726196
0.5113327503204346
0.5258386135101318
0.5426110625267029
0.5294650793075562
0.5
0.45965549349784846
0.4079782366752625
0.37171351909637446
0.33862194418907166
0.3114233911037445
0.28966453671455383
0.27017226815223694
0.26654577255249023
0.2601994574069977
0.27017226815223694
0.2674523890018463
0.27017226815223694
0.27470535039901733
0.2742520272731781
0.2751586437225342
0.26790571212768555
0.2697189450263977
0.27017226815223694
0.2674523890018463
0.2683590352535248
0.26518586277961725
0.2570262849330902
0.25521305203437805
0.25521305203437805
0.2497733384370804
0.2384406179189682
0.2348141372203827
0.2293744385242462
0.2293744385242462
0.22166818380355835
0.21577516198158264
0.21668177843093872
0.20081596076488492
0.2116953730583191
0.22484134137630463
0.22393472492694852
0.2221214920282364
0.21985493600368497
0.21124206483364105
0.21124206483364105
0.19673617184162137
0.20534904301166532
0.20308250188827515
0.20126926898956296
0.20489573478698728
0.20534904301166532
0.20580235123634336
0.2085222154855728
0.20534904301166532
0.2130552977323532
0.21441523730754847
0.2130552977323532
0.21849501132965088
0.2153218537569046
0.2175883948802948
0.2175883948802948
0.21940162777900693
0.22348141670227048
0.24342702329158783
0.254306435585022
0.2810516655445099
0.28558477759361267
0.2873980104923248
0.3091568350791931
0.29465094208717346
0.2588395178318024
0.21940162777900693
0.20897552371025083
0.19945603609085083
0.2080689072608948
0.20625565946102145
0.2085222154855728
0.21033544838428497
0.2085222154855728
0.2080689072608948
0.20942883193492887
0.19718948006629944
0.20489573478698728
0.20988214015960693
0.18268358707427976
0.2511332631111145
0.29465094208717346
0.3522212207317352
0.8019039034843444
0.8735267519950866
0.32683590054512024
0.03173164278268814
0.0
0.05983680859208106
0.16817769408226013
0.1899365335702896
0.20761559903621676
