1.0
0.8994132280349731
0.3097233772277832
0.01299245562404394
0.028499580919742584
0.09681475162506104
0.09010896831750867
0.0972338616847992
0.07627829164266585
0.08005029708147049
0.08214584738016129
0.07585918158292769
0.0729253962635994
0.06160938739776611
0.06789606064558029
0.07041072845458984
0.07166806608438492
0.08172673732042313
0.08466052263975142
0.0972338616847992
0.10268231481313704
0.11357921361923216
0.12573345005512235
0.12196144461631774
0.13285833597183228
0.14626990258693695
0.1567476987838745
0.17770327627658844
0.19069571793079376
0.214585080742836
0.2447611093521118
0.27409890294075007
0.31014248728752136
0.3428331911563873
0.38097232580184937
0.4098910391330719
0.4241408109664917
0.4048616886138916
0.3369656205177307
0.2745180130004883
0.21290864050388336
0.15716680884361267
0.12028499692678452
0.08801341056823729
0.07124894857406616
0.05825649574398994
0.05071248859167098
0.05071248859167098
0.0393964797258377
0.04233026131987572
0.045683152973651886
0.045683152973651886
0.054903604090213776
0.053646270185709
0.05825649574398994
0.061190277338027954
0.06454316526651382
0.07166806608438492
0.07250628620386124
0.07669740170240402
0.07334450632333755
0.07837384939193724
0.08005029708147049
0.070829838514328
0.0729253962635994
0.07627829164266585
0.07041072845458984
0.07166806608438492
0.05574182793498039
0.06286672502756119
0.060771163552999496
0.06035205349326134
0.0637049451470375
0.046102263033390045
0.05699916183948517
0.05951382964849472
0.06789606064558029
0.07041072845458984
0.05658005177974701
0.06286672502756119
0.0658005028963089
0.0658005028963089
0.07585918158292769
0.06789606064558029
0.0859178528189659
0.11441743373870848
0.1261525601148605
0.13495390117168427
0.14710813760757446
0.14836546778678894
0.14333613216876984
0.1244761124253273
0.11190276592969894
0.1001676470041275
0.09262363612651825
0.07585918158292769
0.06412405520677567
0.06244761124253273
0.04903604462742805
0.054484494030475616
0.05909471958875656
0.07208717614412308
0.07795473933219908
0.07166806608438492
0.0787929594516754
0.07837384939193724
0.08340318500995637
0.08298407495021821
0.07753562182188034
0.04903604462742805
0.0
0.15129923820495603
0.4300083816051483
0.9911986589431762
0.9379714727401731
0.3700754344463348
0.06286672502756119
0.05951382964849472
0.10393964499235152
0.1173512190580368
0.10184408724308013
0.09849119931459427
0.10561609268188477
0.09052807837724684
0.09597653150558472
0.09974852949380873
0.09430008381605148
0.11064542829990386
0.10142497718334198
0.10435876250267027
0.10100586712360382
0.10142497718334198
