1.0
0.6996927857398987
0.2680491507053375
0.08986175060272215
0.0
0.0875576063990593
0.19278033077716827
0.21121351420879364
0.21966205537319183
0.22811059653759
0.23963133990764615
0.24193547666072843
0.24423962831497192
0.25115206837654114
0.25268816947937006
0.25883257389068604
0.25960060954093933
0.2634408473968506
0.27265745401382446
0.2795698940753937
0.2864823341369629
0.3041474521160126
0.31336405873298645
0.3317972421646118
0.35407066345214844
0.3640553057193756
0.3786482214927673
0.3870967626571655
0.3986175060272217
0.4078341126441956
0.41705068945884705
0.4270353317260742
0.4285714328289032
0.4262672662734985
0.4062980115413666
0.37557604908943176
0.3394777178764343
0.3079877197742462
0.27496159076690674
0.2611367106437683
0.2519201338291168
0.24116744101047516
0.23425498604774475
0.24116744101047516
0.229646697640419
0.22734254598617556
0.231182798743248
0.2250384092330933
0.22580644488334653
0.22811059653759
0.2242703586816788
0.22734254598617556
0.2250384092330933
0.2242703586816788
0.2242703586816788
0.22734254598617556
0.22196620702743527
0.2150537669658661
0.21966205537319183
0.21121351420879364
0.21121351420879364
0.20814132690429688
0.20967741310596463
0.2150537669658661
0.2058371752500534
0.20967741310596463
0.21044546365737915
0.20660522580146787
0.21812595427036283
0.21966205537319183
0.21966205537319183
0.21812595427036283
0.21582181751728055
0.23271889984607697
0.260368674993515
0.32027649879455566
0.3625192046165466
0.3471582233905792
0.41397848725318903
0.4039938449859619
0.4523809552192688
0.4124423861503601
0.3609831035137177
0.28801843523979187
0.21889400482177732
0.18586789071559903
0.17281106114387512
0.16436251997947693
0.15437787771224976
0.14823348820209503
0.14669738709926605
0.15284177660942075
0.149769589304924
0.16359446942806244
0.16359446942806244
0.17204301059246063
0.1666666716337204
0.21658986806869504
0.2703533172607422
0.47388634085655207
0.894777238368988
0.9208909273147584
0.377880185842514
0.190476194024086
0.018433179706335068
0.07219661772251129
0.17895545065402985
0.23041474819183347
0.23195084929466248
0.23271889984607697
0.0
0.0
0.0
0.0
0.0
0.0
0.0
0.0
0.0
0.0
0.0
0.0
0.0
0.0
0.0
0.0
0.0
0.0
0.0
0.0
0.0
0.0
