0.9373488426208496
0.7981973886489869
0.2754451632499695
0.06924598664045334
0.0817762166261673
0.11519014835357666
0.09100901335477829
0.08441415429115294
0.08353484421968461
0.08375467360019684
0.08485381305217744
0.08397450298070908
0.09430643916130066
0.09826335310935974
0.09408660978078842
0.09760387241840361
0.09848318248987196
0.10529787093400957
0.10947460681200027
0.11123323440551756
0.11782809346914291
0.12024620920419692
0.12574191391468048
0.13123764097690582
0.14069026708602905
0.15124203264713287
0.1613541394472122
0.17036710679531095
0.18443614244461057
0.1996043026447296
0.2180699110031128
0.23169927299022677
0.24466915428638455
0.25851836800575256
0.2673114836215973
0.2701692581176758
0.2602769732475281
0.24115189909935
0.21367333829402924
0.18223784863948825
0.1573972254991531
0.133435919880867
0.1206858679652214
0.10727632790803908
0.10002198070287704
0.09606506675481795
0.08925038576126097
0.09100901335477829
0.08793141692876814
0.091668501496315
0.09034952521324156
0.09034952521324156
0.0927676409482956
0.09034952521324156
0.08947021514177321
0.09364695847034454
0.0870520994067192
0.09100901335477829
0.0899098739027977
0.091668501496315
0.09078918397426605
0.08727192878723145
0.08727192878723145
0.08551330119371414
0.0863926112651825
0.0852934718132019
0.08221586793661116
0.08441415429115294
0.07913827151060104
0.08067706972360611
0.08089689910411833
0.07803913205862045
0.07803913205862045
0.07869861274957658
0.07825896143913269
0.07803913205862045
0.07474169880151747
0.07693998515605927
0.07606067508459091
0.07606067508459091
0.07979775965213774
0.07452186942100526
0.07737964391708374
0.07672015577554703
0.0778193026781082
0.07650032639503479
0.06990547478199005
0.07254341244697571
0.07100461423397064
0.07232359051704407
0.07276324182748793
0.0707847848534584
0.07232359051704407
0.07056496292352676
0.07254341244697571
0.07320290058851242
0.07034513354301453
0.07056496292352676
0.07056496292352676
0.08111672848463057
0.09496592730283736
0.1160694658756256
0.11782809346914291
0.11826775223016738
0.13541437685489655
0.1450868248939514
0.13475489616394043
0.11804792284965517
0.09628489613533021
0.08771158754825592
0.07803913205862045
0.06177181750535965
0.06111233308911324
0.0545174777507782
0.0527588464319706
0.053857989609241486
0.048582106828689575
0.051000218838453286
0.03165530785918236
0.0
0.09144867211580275
0.319191038608551
0.7641239762306212
1.0
0.5706748962402344
0.13431523740291595
0.0626511350274086
0.10265992581844328
0.0859529599547386
0.06704770028591156
0.06748735904693604
0.062431301921606064
