1.0
0.573479175567627
0.13397128880023956
0.0765550211071968
0.0
0.055365685373544686
0.07313738763332368
0.05878332257270813
0.05878332257270813
0.048530418425798416
0.05809979513287544
0.046479836106300354
0.054682161659002304
0.08544087409973145
0.09090909361839294
0.0874914526939392
0.06288448721170425
0.06493506580591202
0.07040327787399292
0.08680792897939682
0.09159261733293533
0.07928913086652756
0.06630212068557739
0.08270676434040068
0.10184552520513535
0.11073137074708939
0.120300754904747
0.15516063570976257
0.16678059101104736
0.17361585795879364
0.1749829053878784
0.1866028755903244
0.1879699230194092
0.19002050161361692
0.19070403277873993
0.1756664365530014
0.17293232679367063
0.1462747752666473
0.1209842786192894
0.1093643233180046
0.09637730568647385
0.062200956046581275
0.04101162031292915
0.034859877079725266
0.029391661286354065
0.03964456543326378
0.030075188726186752
0.046479836106300354
0.049897469580173485
0.056732740253210075
0.032125767320394516
0.03759398311376572
0.023239918053150177
0.02255639061331749
0.0123034855350852
0.014354066923260689
0.030075188726186752
0.04169514775276184
0.04032809287309647
0.032125767320394516
0.030758714303374287
0.03964456543326378
0.030758714303374287
0.0246069710701704
0.01708817481994629
0.027341080829501152
0.018455229699611664
0.020505810156464577
0.034859877079725266
0.018455229699611664
0.011619959026575089
0.027341080829501152
0.0328092947602272
0.021189337596297264
0.03417634963989258
0.03554340451955795
0.020505810156464577
0.025290498510003086
0.03964456543326378
0.03964456543326378
0.03622693195939064
0.0437457263469696
0.051264524459838874
0.05604921281337737
0.0437457263469696
0.043062202632427216
0.03622693195939064
0.03759398311376572
0.0437457263469696
0.05058099702000617
0.05263157933950424
0.054682161659002304
0.046479836106300354
0.05331510677933693
0.049897469580173485
0.05058099702000617
0.0717703327536583
0.08407381922006607
0.08954203873872757
0.10663021355867384
0.11619959026575089
0.15516063570976257
0.1654135286808014
0.15242652595043182
0.09364319592714307
0.07382091879844666
0.06971975415945053
0.06288448721170425
0.055365685373544686
0.05604921281337737
0.046479836106300354
0.05263157933950424
0.05741626769304276
0.060150377452373505
0.05946685001254082
0.08133970946073533
0.0772385522723198
0.03691045939922333
0.056732740253210075
0.18728639185428617
0.44224196672439575
0.8701298832893372
0.9876965284347534
0.5611756443977356
0.199589878320694
0.15584415197372437
0.09364319592714307
0.13807246088981628
0.12918660044670105
0.11278195679187775
0.1209842786192894
0.11346548050642012
