1.0
0.7781546711921693
0.27272728085517883
0.12143826484680176
0.011533242650330067
0.06852103024721146
0.08208955079317092
0.10312075912952424
0.10651288926601409
0.10379918664693832
0.11261872202157974
0.08955223858356477
0.07666214555501939
0.09972862899303436
0.1268656700849533
0.12550881505012512
0.11397557705640791
0.13025780022144315
0.14246946573257446
0.16214382648468015
0.17164179682731628
0.17910447716712952
0.1981004029512405
0.2232021689414978
0.24287652969360352
0.26187247037887573
0.2998643219470978
0.33378562331199646
0.3772048950195313
0.4158751666545868
0.4470827579498291
0.46811398863792414
0.4769335091114044
0.47625508904457087
0.4592944383621216
0.42672997713088984
0.3846675753593445
0.34328359365463257
0.2869742214679718
0.24423338472843167
0.20759837329387665
0.1899592876434326
0.17232021689414978
0.1886024475097656
0.1682496666908264
0.1485753059387207
0.1601085513830185
0.1377204954624176
0.15468114614486694
0.15061058104038239
0.14654003083705902
0.14654003083705902
0.1499321609735489
0.16621437668800354
0.12822252511978147
0.15739484131336212
0.16282224655151367
0.14179104566574097
0.14721845090389252
0.15739484131336212
0.1696065068244934
0.15535956621170044
0.1580732762813568
0.1587516963481903
0.16282224655151367
0.14382632076740265
0.15671642124652863
0.1594301164150238
0.1682496666908264
0.1499321609735489
0.15400271117687225
0.14111262559890747
0.12822252511978147
0.14586159586906433
0.1499321609735489
0.1485753059387207
0.1485753059387207
0.14518317580223083
0.14043419063091278
0.13229307532310483
0.13161465525627136
0.14111262559890747
0.14721845090389252
0.1485753059387207
0.1879240125417709
0.2320217043161392
0.2537313401699066
0.25780189037323
0.26119402050971985
0.31546810269355774
0.3195386826992035
0.2652646005153656
0.27069199085235596
0.21302577853202817
0.17910447716712952
0.1377204954624176
0.1160108521580696
0.10786974430084229
0.13093623518943787
0.12211669236421584
0.13839891552925107
0.13297151029109955
0.15196743607521057
0.1587516963481903
0.09972862899303436
0.0
0.30461329221725464
0.9891451597213744
0.9531885981559752
0.6227951049804688
0.16214382648468015
0.15468114614486694
0.1058344617486
0.14314790070056915
0.1601085513830185
0.1377204954624176
0.1390773355960846
0.13975577056407928
0.1390773355960846
0.16282224655151367
0.12347353994846344
0.1499321609735489
0.17028494179248807
0.16621437668800354
0.17910447716712952
0.179782897233963
0.0
0.0
0.0
0.0
0.0
0.0
