1.0
0.39244186878204346
0.0
0.03604651242494583
0.12848837673664093
0.16744185984134674
0.2133720964193344
0.20058140158653257
0.2139534950256348
0.21744185686111447
0.22209301590919492
0.21802325546741483
0.2133720964193344
0.22209301590919492
0.22151163220405576
0.23313952982425687
0.24941860139369965
0.23313952982425687
0.2436046451330185
0.2680232524871826
0.26220929622650146
0.2773255705833435
0.29883721470832825
0.3238372206687927
0.3343023359775543
0.34825581312179565
0.37151163816452026
0.4052325487136841
0.4430232644081116
0.4697674512863159
0.47093021869659424
0.4790697693824768
0.4790697693824768
0.48604652285575867
0.43604651093482966
0.40872094035148626
0.3639535009860992
0.3499999940395355
0.322674423456192
0.29244187474250793
0.2784883677959442
0.2854651212692261
0.2395348846912384
0.2645348906517029
0.28430232405662537
0.26220929622650146
0.2616279125213623
0.26918604969978327
0.2668604552745819
0.27906978130340576
0.27151161432266235
0.28313952684402466
0.29244187474250793
0.2877906858921051
0.2744185924530029
0.25581395626068115
0.2720930278301239
0.25697675347328186
0.2825581431388855
0.2709302306175232
0.26104649901390076
0.26744186878204346
0.25988373160362244
0.26220929622650146
0.2668604552745819
0.2488372027873993
0.2517441809177398
0.24011628329753876
0.26744186878204346
0.3052325546741485
0.34302327036857605
0.3860464990139008
0.3796511590480805
0.30813953280448914
0.3668604791164398
0.3569767475128174
0.3284883797168732
0.31337210536003113
0.2982558012008667
0.26627907156944275
0.23372092843055725
0.22790697216987607
0.20930232107639313
0.1970930248498917
0.2191860526800156
0.2029069811105728
0.20755814015865323
0.19941860437393188
0.2296511679887772
0.18546511232852933
0.15406976640224457
0.23023255169391632
0.5174418687820435
0.6598837375640869
0.9377906918525696
0.5627906918525696
0.09709302335977553
0.020348837599158287
0.10988371819257736
0.16569767892360687
0.1924418658018112
0.19941860437393188
0.1970930248498917
0.197674423456192
0.2029069811105728
0.22151163220405576
0.21744185686111447
0.23081395030021667
0.21976743638515472
0.2273255884647369
0.24011628329753876
0.23837208747863767
0.22790697216987607
0.2540697753429413
0.257558137178421
0.2802325487136841
0.2866279184818268
0.30930233001708984
0.33081394433975214
0.3453488349914551
0.3686046600341797
0.0
0.0
0.0
0.0
0.0
0.0
0.0
0.0
0.0
0.0
0.0
