1.0
0.5840411186218262
0.3598569631576538
0.20071524381637573
0.21926687657833097
0.2291014790534973
0.2250782251358032
0.21636119484901428
0.21904335916042328
0.22105498611927032
0.22239606082439425
0.22440768778324127
0.22172552347183228
0.22798390686511996
0.23603039979934687
0.23625391721725464
0.2384890466928482
0.24206526577472687
0.25413501262664795
0.26195797324180603
0.26843988895416254
0.2809566259384155
0.2858739495277405
0.3050961196422577
0.3225301802158356
0.33705857396125793
0.35493963956832886
0.3638801872730255
0.3801966905593872
0.38779616355896
0.3922664225101471
0.3949486017227173
0.3815377652645111
0.36276262998580927
0.3339293599128723
0.30576664209365845
0.27827447652816767
0.25525256991386414
0.24295932054519653
0.2342422902584076
0.22552525997161865
0.2235136330127716
0.21680822968482968
0.2203844487667084
0.22127850353717804
0.21859633922576904
0.21859633922576904
0.21457308530807492
0.22127850353717804
0.2237371504306793
0.22127850353717804
0.21993741393089292
0.21613767743110657
0.22150200605392456
0.2237371504306793
0.2259722799062729
0.22485472261905673
0.21725524961948395
0.2197138965129852
0.21859633922576904
0.21457308530807492
0.21211443841457367
0.20630308985710144
0.20987930893898007
0.2109968662261963
0.20943227410316467
0.20607957243919367
0.20116226375103
0.20719714462757113
0.20876173675060272
0.21166741847991943
0.227313369512558
0.23446580767631528
0.2518998682498932
0.24899418652057648
0.24921770393848416
0.2641931176185608
0.2586052715778351
0.27313366532325745
0.2626285254955292
0.23357175290584564
0.2096557915210724
0.19691550731658933
0.1957979500293732
0.1919982135295868
0.18216361105442047
0.18261064589023593
0.17769333720207214
0.1814930737018585
0.18439875543117523
0.18238712847232816
0.18708090484142303
0.17411711812019348
0.08851139992475508
0.0
0.2109968662261963
0.5100581049919128
0.981001317501068
0.9472507834434509
0.570183277130127
0.34644612669944763
0.19691550731658933
0.20786768198013303
0.2237371504306793
0.2188198417425156
0.2134555280208588
0.21479660272598264
0.21412606537342072
0.2237371504306793
0.2250782251358032
0.2253017425537109
0.22865444421768188
0.23021903634071353
0.23915958404541013
0.24608850479125977
0.2474295943975449
0.25100579857826233
0.25413501262664795
0.2657577097415924
0.2809566259384155
0.0
0.0
0.0
0.0
0.0
0.0
0.0
0.0
0.0
0.0
0.0
0.0
