1.0
0.9632695317268372
0.38644593954086304
0.057941023260355
0.0
0.04604241997003555
0.0817382335662842
0.07190895080566406
0.07242628186941145
0.07035695761442184
0.07294361293315886
0.07190895080566406
0.07759958505630493
0.100362129509449
0.09932746738195421
0.11381272971630096
0.12726332247257233
0.1324366331100464
0.1515778601169586
0.1681324392557144
0.18210035562515256
0.21883083879947665
0.23176409304142
0.26280394196510315
0.29849973320961
0.34557682275772095
0.37972062826156616
0.41334712505340576
0.4542162418365479
0.48266941308975214
0.5080186128616333
0.4997413456439972
0.4816347658634186
0.41593378782272333
0.3564407527446747
0.2855664789676666
0.21572685241699216
0.16916710138320923
0.13657526671886444
0.11174340546131134
0.1013967916369438
0.10243145376443862
0.08432488143444061
0.0817382335662842
0.08794619888067245
0.08639420568943022
0.0838075503706932
0.08846352994441986
0.08898086100816727
0.09260217100381853
0.10657009482383728
0.10294878482818604
0.11070874333381651
0.1013967916369438
0.10191412270069122
0.10553544014692307
0.10657009482383728
0.10346611589193344
0.10501810908317565
0.09777548164129256
0.10243145376443862
0.09311950206756592
0.09777548164129256
0.09777548164129256
0.09725815057754515
0.0817382335662842
0.09518882632255554
0.08794619888067245
0.08898086100816727
0.08691153675317763
0.09518882632255554
0.08639420568943022
0.08639420568943022
0.0920848399400711
0.1013967916369438
0.12053802609443665
0.13140197098255155
0.12933264672756195
0.10553544014692307
0.18520434200763705
0.1841696798801422
0.1753750592470169
0.17071908712387085
0.13864459097385406
0.12415933609008788
0.08535954356193542
0.0817382335662842
0.0755302608013153
0.06259699910879135
0.060527678579092026
0.06570098549127579
0.06725297123193741
0.06983962655067444
0.06880496442317963
0.05173305794596672
0.11070874333381651
0.18520434200763705
0.3957578837871552
0.882565975189209
0.9958613514900208
0.7770305275917053
0.22814278304576877
0.07915157824754715
0.05742369219660759
0.1086394190788269
0.11019141227006912
0.11588204652071
0.12002069503068924
0.12726332247257233
0.12674598395824432
0.133988618850708
0.12881530821323395
0.14795655012130737
0.15261252224445343
0.15675117075443268
0.16864976286888123
0.18727366626262665
0.20693223178386688
0.0
0.0
0.0
0.0
0.0
0.0
0.0
0.0
0.0
0.0
0.0
0.0
0.0
0.0
