0.9848009943962096
0.5816646814346313
0.3647768497467041
0.2180940955877304
0.24028950929641724
0.2506634593009949
0.24728588759899137
0.24246080219745636
0.240772008895874
0.24390831589698792
0.24921591579914093
0.2501809298992157
0.25404101610183716
0.25476476550102234
0.2622436583042145
0.2665862441062927
0.27237635850906367
0.276718944311142
0.2844390869140625
0.29119420051574707
0.3020506501197815
0.3131483793258667
0.32641735672950745
0.3425814211368561
0.35802170634269714
0.37515076994895935
0.39420989155769354
0.4074788987636566
0.41809409856796254
0.4279855191707611
0.43136307597160334
0.43353438377380366
0.41568154096603394
0.38504222035408014
0.3534378707408905
0.3215922713279724
0.29746681451797485
0.27768394351005554
0.2622436583042145
0.2530759871006012
0.2489746659994125
0.246562123298645
0.24511459469795227
0.24439083039760587
0.24342581629753113
0.24318456649780276
0.2410132735967636
0.240772008895874
0.2410132735967636
0.23980699479579923
0.2419782876968384
0.24318456649780276
0.24318456649780276
0.24342581629753113
0.24511459469795227
0.2468033730983734
0.24294330179691315
0.2422195374965668
0.2446320801973343
0.24294330179691315
0.2386007308959961
0.2386007308959961
0.2388419806957245
0.23715320229530332
0.23498190939426425
0.23618817329406736
0.23691193759441373
0.2330518662929535
0.23377563059329984
0.2330518662929535
0.23474064469337463
0.23112183809280396
0.23112183809280396
0.24294330179691315
0.26248490810394287
0.2663449943065644
0.27430638670921326
0.27768394351005554
0.2899879515171051
0.29433050751686096
0.30928829312324524
0.2875753939151764
0.2706875801086426
0.23618817329406736
0.22702050209045407
0.2193003594875336
0.212062731385231
0.20820266008377075
0.20844390988349917
0.20627261698246
0.2065138667821884
0.20434258878231049
0.20458383858203888
0.20361882448196408
0.20627261698246
0.19879372417926788
0.11170084774494173
0.0
0.2193003594875336
0.5264173746109009
0.9353438019752502
1.0
0.5881785154342651
0.3560916781425476
0.20579010248184204
0.22870929539203644
0.23835946619510648
0.2352231591939926
0.23353438079357147
0.23498190939426425
0.23474064469337463
0.23811821639537809
0.2410132735967636
0.24173703789711
0.2489746659994125
0.25090470910072327
0.25669482350349426
0.26103740930557245
0.2665862441062927
0.2731001079082489
0.28082025051116943
0.29215922951698303
0.0
0.0
0.0
0.0
0.0
0.0
0.0
0.0
0.0
0.0
