1.0
0.455962598323822
0.0
0.057677317410707474
0.11886204034090042
0.1469212770462036
0.1297739744186401
0.12548713386058807
0.12470771372318268
0.1208105981349945
0.1212003082036972
0.13951675593852997
0.134060800075531
0.13055339455604553
0.13289165496826172
0.12665627896785736
0.13250194489955902
0.13834762573242188
0.13912704586982727
0.15198752284049988
0.16523772478103635
0.17381137609481812
0.1706936806440353
0.1843335926532745
0.20537802577018735
0.22057677805423737
0.227981299161911
0.2470771670341492
0.2533125579357147
0.2961808145046234
0.30202651023864746
0.3008573651313782
0.3254092037677765
0.3004676401615143
0.29267340898513794
0.268121600151062
0.24279034137725833
0.2272018641233444
0.2010911852121353
0.19134840369224548
0.17809820175170898
0.17809820175170898
0.1734216660261154
0.17887763679027557
0.17809820175170898
0.19173811376094815
0.18472330272197723
0.18160560727119443
0.1745907962322235
0.17809820175170898
0.1706936806440353
0.17381137609481812
0.18082618713378903
0.18082618713378903
0.1753702312707901
0.17225253582000732
0.1734216660261154
0.16874513030052185
0.17381137609481812
0.16679656505584717
0.1753702312707901
0.15432579815387723
0.1621200293302536
0.1609508991241455
0.15159781277179718
0.15783320367336273
0.16250973939895627
0.1617303192615509
0.15783320367336273
0.16874513030052185
0.17147311568260193
0.19290724396705627
0.21823850274086
0.22408418357372284
0.227981299161911
0.2439594715833664
0.22681215405464167
0.21122369170188904
0.18745128810405728
0.17809820175170898
0.1613406091928482
0.13912704586982727
0.13016368448734283
0.13016368448734283
0.13289165496826172
0.1336710900068283
0.13133281469345093
0.12860482931137085
0.1212003082036972
0.09508963674306867
0.22564302384853363
0.4544037282466888
0.7486360073089598
0.9929851889610289
0.5596258640289307
0.08690568804740906
0.06936866790056229
0.14536243677139282
0.15237724781036377
0.14497272670269012
0.14575214684009552
0.1348402202129364
0.13912704586982727
0.1356196403503418
0.1469212770462036
0.14380358159542084
0.1441932916641235
0.134060800075531
0.1434138715267181
0.1480904072523117
0.15159781277179718
0.0
0.0
0.0
0.0
0.0
0.0
0.0
0.0
0.0
0.0
0.0
0.0
0.0
0.0
0.0
0.0
0.0
0.0
0.0
0.0
0.0
