0.997338056564331
0.614019513130188
0.4214729368686676
0.10780834406614304
0.044365573674440384
0.17613132297992706
0.2639751434326172
0.313664585351944
0.3047914803028106
0.32564330101013184
0.32963621616363525
0.328748881816864
0.3553682267665863
0.35093167424201965
0.35226264595985407
0.3655723035335541
0.3482697308063507
0.36645963788032526
0.3655723035335541
0.3700088858604431
0.3757764101028442
0.36734694242477417
0.3802129626274109
0.36069211363792414
0.3700088858604431
0.38065659999847407
0.38464951515197754
0.4117124974727631
0.4117124974727631
0.41792368888854975
0.41881099343299866
0.3722271621227264
0.368234246969223
0.3371783494949341
0.33318543434143066
0.3389529585838318
0.3074534237384796
0.32342502474784846
0.30922803282737726
0.31011533737182617
0.31898847222328186
0.30257320404052734
0.31543922424316406
0.300354927778244
0.3074534237384796
0.3300798535346985
0.33496007323265076
0.379325658082962
0.399290144443512
0.4090505838394165
0.4418810904026032
0.44631764292716974
0.4440993666648865
0.4640638828277588
0.453859806060791
0.4352262616157532
0.39041703939437866
0.34871339797973633
0.31322094798088074
0.3065661191940308
0.2985802888870239
0.27950310707092285
0.2857142984867096
0.2644188106060028
0.2657497823238373
0.2812777161598205
0.2626442015171051
0.2710736393928528
0.2533274292945862
0.3207630813121796
0.5918367505073547
1.0
0.8362910151481628
0.4787045121192932
0.1881100237369537
0.0
0.11845608055591585
0.23469388484954837
0.27950310707092285
0.3052351474761963
0.31055900454521174
0.3052351474761963
0.32342502474784846
0.3198757767677307
0.3318544924259186
0.34028393030166626
0.0
0.0
0.0
0.0
0.0
0.0
0.0
0.0
0.0
0.0
0.0
0.0
0.0
0.0
0.0
0.0
0.0
0.0
0.0
0.0
0.0
0.0
0.0
0.0
0.0
0.0
0.0
0.0
0.0
0.0
0.0
0.0
0.0
0.0
0.0
0.0
0.0
0.0
0.0
0.0
0.0
0.0
0.0
0.0
0.0
0.0
