1.0
0.5305421948432921
0.2546328008174896
0.09540151059627534
0.00480439281091094
0.1029512733221054
0.18737131357192996
0.21413864195346832
0.2326698750257492
0.23678791522979736
0.22855181992053983
0.2347288876771927
0.22923816740512848
0.22443376481533048
0.22580644488334653
0.23678791522979736
0.2450240254402161
0.24914206564426425
0.2512010931968689
0.2669869661331177
0.28483185172080994
0.28757721185684204
0.3047357499599457
0.3191489279270172
0.32807138562202454
0.32944405078887934
0.34179821610450745
0.3678792119026184
0.3589567542076111
0.37062457203865046
0.3747426271438599
0.3973919153213501
0.3864104449748993
0.37199726700782776
0.3644475042819977
0.3404255211353302
0.2978723347187042
0.27934110164642334
0.2463967055082321
0.21894302964210513
0.20109814405441284
0.18737131357192996
0.1839396059513092
0.19080302119255063
0.1921757012605667
0.20178449153900144
0.188743993639946
0.1997254639863968
0.2004118114709854
0.18256691098213196
0.21002058684825897
0.1969800889492035
0.1969800889492035
0.18599863350391388
0.17501716315746307
0.17364446818828583
0.16129031777381897
0.17089910805225372
0.16884008049964905
0.15854495763778687
0.16609472036361694
0.167467400431633
0.15991763770580292
0.1681537479162216
0.14481811225414276
0.15442690253257751
0.16884008049964905
0.17158545553684235
0.16678105294704437
0.15923129022121427
0.1564859300851822
0.16540837287902832
0.16678105294704437
0.16952642798423767
0.1784488707780838
0.21276596188545227
0.22580644488334653
0.2566918432712555
0.26630061864852905
0.29855868220329285
0.2834591567516327
0.22031572461128235
0.20658887922763824
0.1894303411245346
0.14001372456550598
0.1242278665304184
0.11050102859735488
0.11667810380458832
0.11599176377058028
0.11805079132318495
0.12148249894380568
0.12010981142520905
0.13864104449748993
0.1407000720500946
0.14275909960269928
0.14550445973873138
0.1928620487451553
0.23541523516178128
0.4076870381832122
0.7968428134918211
0.8606725931167601
0.2594372034072876
0.14481811225414276
0.0
0.03843514248728752
0.1269732266664505
0.19148936867713928
0.1839396059513092
0.19492107629776
0.19835278391838077
0.19423472881317136
0.20315717160701752
0.20658887922763824
0.2045298516750336
0.2086479067802429
0.21207961440086365
0.2216884046792984
0.22786547243595123
0.0
0.0
0.0
0.0
0.0
0.0
0.0
0.0
0.0
0.0
0.0
0.0
0.0
0.0
