0.8934681415557861
0.8347589373588562
0.5303266048431396
0.3332037329673767
0.1664074659347534
0.0746500790119171
0.04898911342024803
0.02799377962946892
0.0198289267718792
0.012830481864511967
0.00855365488678217
0.013219284825026987
0.014385691843926907
0.02527216263115406
0.024494556710124012
0.024494556710124012
0.03343701362609863
0.03304821252822876
0.04393468052148818
0.04471228644251824
0.05598755925893784
0.06493001431226729
0.07426127791404723
0.08670295774936675
0.09797822684049606
0.1127527207136154
0.14502333104610443
0.15785381197929382
0.19129082560539243
0.22550544142723083
0.25816485285758967
0.2744945585727692
0.2865474224090576
0.29743391275405884
0.30326592922210693
0.28304821252822876
0.24066874384880063
0.19673405587673187
0.15435458719730377
0.12908242642879486
0.10458786785602568
0.08981337398290634
0.08786936104297638
0.07931570708751678
0.0762052908539772
0.07814930379390717
0.07387246936559677
0.07153965532779694
0.06881804019212723
0.07037325203418732
0.06998445093631744
0.06415241211652756
0.06104199215769768
0.07037325203418732
0.07153965532779694
0.06881804019212723
0.06959564238786697
0.06765162944793701
0.07153965532779694
0.07426127791404723
0.06143079325556755
0.06998445093631744
0.06065318733453751
0.06493001431226729
0.06065318733453751
0.06026438623666763
0.06259720027446747
0.05482115224003792
0.050933126360177994
0.05715396627783775
0.05482115224003792
0.05209953337907791
0.0579315721988678
0.06531881541013718
0.05520995333790779
0.05482115224003792
0.055598754435777664
0.05326594039797783
0.055598754435777664
0.05715396627783775
0.05598755925893784
0.05676516145467758
0.05598755925893784
0.05715396627783775
0.05287713930010796
0.05832037329673767
0.057542767375707626
0.05287713930010796
0.05132192745804787
0.06570762395858765
0.06415241211652756
0.08709175884723662
0.09720062464475632
0.1100311055779457
0.1341368556022644
0.1722394973039627
0.1737947165966034
0.15940901637077332
0.1512441635131836
0.1251944005489349
0.13335925340652463
0.10147745162248611
0.08786936104297638
0.06648522615432739
0.05054432526230812
0.04898911342024803
0.04276827350258827
0.04121306538581848
0.03965785354375839
0.0
0.06143079325556755
0.21617418527603147
0.6555209755897522
0.9331259727478028
1.0
0.8919129371643065
0.5505443215370177
0.3460342288017273
0.20762053132057187
0.14307931065559387
0.10808709263801573
0.09953343868255617
0.08786936104297638
0.08514774590730667
0.08164852112531662
0.08125972002744673
0.08631414920091629
0.08203732222318649
0.09020217508077619
0.09486781060695648
0.0960342139005661
0.0991446375846863
