0.93306827545166
0.8310139179229736
0.2948972880840301
0.04793461412191391
0.05610779672861099
0.083719901740551
0.06163021922111511
0.05080627277493477
0.05080627277493477
0.04572564736008644
0.05146896466612816
0.05345703661441802
0.056549590080976486
0.06361828744411469
0.06472277641296387
0.06648994982242584
0.06869892030954361
0.07355865091085435
0.07841838151216507
0.08084824681282043
0.08813784271478654
0.09321846812963484
0.09962447732686995
0.10492599755525588
0.1106693148612976
0.12259774655103683
0.1314336210489273
0.1453501284122467
0.16213828325271606
0.17804285883903503
0.1943892240524292
0.21161916851997373
0.23039540648460388
0.250276118516922
0.2549149692058563
0.2580074965953827
0.2507179081439972
0.2297327220439911
0.1961563974618912
0.16456814110279083
0.13651424646377563
0.11508725583553314
0.09829909354448318
0.0910094976425171
0.08040644973516464
0.08062734454870224
0.07466313242912291
0.07488402724266051
0.07753479480743408
0.07201237231492996
0.07598851621150969
0.07400044053792953
0.07643030583858491
0.07753479480743408
0.0753258243203163
0.07952286303043365
0.07731389254331587
0.07952286303043365
0.08195272833108902
0.07753479480743408
0.08327811211347581
0.07952286303043365
0.07709299772977829
0.07952286303043365
0.07311685383319855
0.0762094110250473
0.07422133535146713
0.0762094110250473
0.07466313242912291
0.07311685383319855
0.07333774864673615
0.0695825070142746
0.07289595901966096
0.07576761394739151
0.07267506420612334
0.07488402724266051
0.07157057523727417
0.07377954572439194
0.07466313242912291
0.07223326712846757
0.07289595901966096
0.07223326712846757
0.07024519890546799
0.07753479480743408
0.06891981512308121
0.07179147005081177
0.07112878561019897
0.07355865091085435
0.07643030583858491
0.07134968042373657
0.07377954572439194
0.07134968042373657
0.07422133535146713
0.07687210291624069
0.07488402724266051
0.06847801804542542
0.07201237231492996
0.07267506420612334
0.0762094110250473
0.07068698853254318
0.0751049295067787
0.0755467191338539
0.07930196821689604
0.08857963234186172
0.10846035182476044
0.12303954362869261
0.11950518935918808
0.13364258408546448
0.14579191803932187
0.14755909144878387
0.13342168927192688
0.11199469864368437
0.10028716921806335
0.09388116002082823
0.0751049295067787
0.06803622841835022
0.06737353652715683
0.06052573397755623
0.06472277641296387
0.06494367122650145
0.06671084463596344
0.05411972478032112
0.0
0.07267506420612334
0.2359178215265274
0.6383918523788452
1.0
0.6684338450431824
0.1734040230512619
0.0693616047501564
0.09343936294317245
0.11177380383014678
