0.9899743795394896
0.78666353225708
0.4802984297275543
0.2648636102676392
0.1774306297302246
0.21053858101367953
0.21660061180591583
0.2091396600008011
0.20844019949436188
0.21100489795207977
0.21217067539691925
0.21590113639831543
0.2182326912879944
0.21869899332523343
0.22452786564826965
0.22569362819194796
0.2322219610214233
0.23618559539318085
0.242247611284256
0.24947540462017057
0.2581021189689636
0.26602938771247864
0.2767544984817505
0.2909769117832184
0.3070645928382873
0.3261832594871521
0.34063884615898127
0.3560270369052887
0.36815109848976135
0.3753788769245148
0.3814409077167511
0.3856376707553864
0.3795756697654724
0.36138960719108576
0.32921427488327026
0.29843786358833313
0.2690603733062744
0.24830962717533112
0.22895780205726624
0.2168337553739548
0.21053858101367953
0.20540918409824369
0.20307764410972595
0.20354394614696503
0.2037771046161652
0.20004662871360776
0.20167870819568637
0.2033107876777649
0.2028444856405258
0.20261132717132568
0.20237818360328677
0.20167870819568637
0.20354394614696503
0.20261132717132568
0.2037771046161652
0.20401026308536527
0.2033107876777649
0.20354394614696503
0.20237818360328677
0.20307764410972595
0.20074608922004697
0.19934716820716855
0.19934716820716855
0.19654931128025052
0.1956166923046112
0.1963161528110504
0.194917231798172
0.1909535974264145
0.1928188353776932
0.19188621640205383
0.19072045385837555
0.1888552159070969
0.18862205743789673
0.18792259693145752
0.18862205743789673
0.20540918409824369
0.21636745333671567
0.22429470717906952
0.2210305482149124
0.2319888025522232
0.245045468211174
0.2429470717906952
0.2515738010406494
0.23688505589962003
0.21100489795207977
0.1832595020532608
0.1760317087173462
0.1702028512954712
0.1657729148864746
0.16204243898391724
0.16087666153907776
0.1611098200082779
0.15971088409423828
0.15807880461215973
0.16157612204551697
0.1611098200082779
0.16041035950183868
0.1443226933479309
0.02214968577027321
0.0
0.2527395784854889
0.613662838935852
1.0
0.7488924860954285
0.44509208202362066
0.2261599451303482
0.16344135999679563
0.19328515231609344
0.19468407332897184
0.1890883594751358
0.18932151794433597
0.19002097845077515
0.1909535974264145
0.192119374871254
0.19864770770072937
0.19934716820716855
0.20237818360328677
0.20704126358032224
0.21147119998931885
0.21543483436107635
0.2217300087213516
0.0
0.0
0.0
0.0
0.0
0.0
0.0
0.0
0.0
0.0
0.0
