0.9379895329475402
0.4203655421733856
0.23498694598674771
0.04308094084262848
0.0
0.1011749356985092
0.1788511723279953
0.19712793827056885
0.19973890483379364
0.2140992134809494
0.22519582509994504
0.23107048869132996
0.2428198456764221
0.24020887911319727
0.2421671003103256
0.2532637119293213
0.2591383755207062
0.26566579937934875
0.2787206172943115
0.293733686208725
0.2917754650115967
0.29895561933517456
0.30548304319381714
0.30744126439094543
0.3237597942352295
0.334856390953064
0.34725847840309143
0.355091392993927
0.36553525924682617
0.377284586429596
0.37075719237327576
0.37663185596466064
0.38968667387962336
0.38642296195030207
0.36814621090888977
0.3309399485588074
0.30287206172943115
0.2898172438144684
0.2630548179149628
0.23433420062065125
0.2291122674942017
0.207571804523468
0.2140992134809494
0.2127937376499176
0.22389033436775208
0.2258485704660416
0.23041775822639465
0.22127936780452728
0.22258485853672028
0.22389033436775208
0.22389033436775208
0.22845953702926636
0.220626637339592
0.21997389197349548
0.2049608379602432
0.2140992134809494
0.19908615946769717
0.21083551645278928
0.21344646811485288
0.2082245498895645
0.2095300257205963
0.20430809259414673
0.20626631379127505
0.19778068363666532
0.207571804523468
0.18994778394699097
0.2003916501998901
0.20234987139701843
0.20430809259414673
0.20626631379127505
0.20430809259414673
0.19647519290447235
0.2095300257205963
0.2088772803544998
0.220626637339592
0.2447780668735504
0.2865535318851471
0.2872062623500824
0.30874672532081604
0.34921669960021967
0.2767623960971832
0.2486945241689682
0.2421671003103256
0.21605743467807767
0.175587460398674
0.1716710180044174
0.17036554217338562
0.176892951130867
0.16253264248371124
0.16318537294864655
0.17232376337051392
0.1716710180044174
0.18276762962341309
0.1834203600883484
0.19386422634124756
0.20365534722805023
0.26827675104141235
0.34334203600883484
0.6142297387123108
1.0
0.4464752078056336
0.25979113578796387
0.07702349871397017
0.046997390687465675
0.15926893055438995
0.21671018004417417
0.22258485853672028
0.24543081223964688
0.24804177880287168
0.2578328847885132
0.25
0.2519582211971283
0.2669712901115417
0.27154046297073364
0.26892951130867004
0.2761096656322479
0.27480417490005493
0.2787206172943115
0.0
0.0
0.0
0.0
0.0
0.0
0.0
0.0
0.0
0.0
0.0
0.0
0.0
0.0
