0.9494565129280089
0.7847825884819031
0.414673924446106
0.13858695328235626
0.10760869830846786
0.08043478429317473
0.07065217196941376
0.057608693838119514
0.04945652186870575
0.04565217345952988
0.04347826167941093
0.0467391312122345
0.051630433648824685
0.05108695477247238
0.05108695477247238
0.05815217271447182
0.06576087325811386
0.07500000298023222
0.08260869234800337
0.09239130467176435
0.10217390954494476
0.10597825795412064
0.11576087027788162
0.125543475151062
0.13913042843341827
0.15326087176799774
0.17826086282730103
0.19510869681835172
0.21739129722118375
0.239673912525177
0.2641304433345794
0.28478261828422546
0.29728260636329645
0.311413049697876
0.31956520676612854
0.3076086938381195
0.280434787273407
0.248913049697876
0.21413043141365048
0.18423913419246676
0.156521737575531
0.13260869681835175
0.12445652484893797
0.11304347962141036
0.10271739214658736
0.10054347664117812
0.10108695924282073
0.10054347664117812
0.09945651888847352
0.10217390954494476
0.104347825050354
0.11032608896493912
0.11249999701976776
0.11576087027788162
0.11793478578329086
0.11630434542894363
0.12445652484893797
0.12228260934352873
0.11630434542894363
0.114130437374115
0.114130437374115
0.1097826063632965
0.10163043439388277
0.09728261083364487
0.09619565308094025
0.09293477982282639
0.08913043141365051
0.0885869562625885
0.083695650100708
0.08206521719694138
0.07989130169153212
0.08043478429317473
0.07934782654047011
0.07717391103506088
0.0782608687877655
0.07336956262588501
0.07336956262588501
0.07717391103506088
0.10760869830846786
0.13967391848564148
0.155978262424469
0.16956521570682523
0.18043477833271024
0.19021739065647125
0.19510869681835172
0.21739129722118375
0.2097826153039932
0.15271739661693573
0.0989130437374115
0.07065217196941376
0.0625
0.05054347962141037
0.04782608523964882
0.03804347664117813
0.03206521645188332
0.03478260710835457
0.028260869905352592
0.02989130467176437
0.02989130467176437
0.0260869562625885
0.022826086729764935
0.0
0.017934782430529594
0.15815217792987823
0.5891304612159729
1.0
0.7875000238418579
0.36032608151435846
0.11195652186870574
0.09619565308094025
0.07065217196941376
0.06086956337094306
0.04836956411600113
0.039673913270235055
0.03858695551753044
0.03750000149011612
0.041847825050354
0.04239130392670632
0.05054347962141037
0.05597826093435288
0.05869565159082413
0.06358695775270462
0.07500000298023222
0.08206521719694138
0.0885869562625885
0.09239130467176435
0.0
0.0
0.0
0.0
0.0
0.0
