1.0
0.6522015333175659
0.39606267213821406
0.2063928842544556
0.1987722218036652
0.21888230741024017
0.22015240788459775
0.21549534797668457
0.21634207665920255
0.2165537625551224
0.21972903609275815
0.2203640937805176
0.22311601042747495
0.22480948269367215
0.22650296986103055
0.23073665797710416
0.2372989058494568
0.2402624934911728
0.24428451061248777
0.2542336881160736
0.2612192928791046
0.2705334424972534
0.28259947896003723
0.29212531447410583
0.30524978041648865
0.32197290658950806
0.3357324302196502
0.3499153256416321
0.3590177893638611
0.3683319091796875
0.3744708001613617
0.3801862895488739
0.3715071976184845
0.3541490137577057
0.32514816522598267
0.29699406027793884
0.2684165835380554
0.2493649423122406
0.2313717156648636
0.21888230741024017
0.21464860439300537
0.20914478600025177
0.20533446967601776
0.20702794194221497
0.20745131373405457
0.20702794194221497
0.20745131373405457
0.2097798436880112
0.2102032154798508
0.2102032154798508
0.2093564718961716
0.20914478600025177
0.20914478600025177
0.20956815779209137
0.2118967026472092
0.21126164495944977
0.21104995906353
0.21253174543380737
0.21295511722564697
0.214013546705246
0.21295511722564697
0.20702794194221497
0.20872142910957336
0.20872142910957336
0.20787468552589417
0.2042760401964188
0.2038526684045792
0.2025825530290604
0.20173582434654236
0.2021591812372208
0.2030059248209
0.20152413845062253
0.20046570897102356
0.1991955935955048
0.20067739486694333
0.2131668031215668
0.2292548716068268
0.2322184592485428
0.2377222627401352
0.24089755117893216
0.25105842947959894
0.2557154893875122
0.2696866989135742
0.2533869743347168
0.23497036099433896
0.2072396278381348
0.1983488500118256
0.19178661704063413
0.18734124302864075
0.18628281354904172
0.18353091180324557
0.18226079642772677
0.18247248232364652
0.18437764048576355
0.18141405284404755
0.18183742463588717
0.18183742463588717
0.17950889468193054
0.10944115370512009
0.0
0.17337001860141754
0.43776461482048035
0.801651120185852
0.9273920655250547
0.5421253442764281
0.3353090584278106
0.18353091180324557
0.20152413845062253
0.21761219203472135
0.21295511722564697
0.21083827316761017
0.2114733308553696
0.21168501675128937
0.21422523260116577
0.21888230741024017
0.2216342091560364
0.2229043245315552
0.2258679121732712
0.23200677335262296
0.2364521622657776
0.24174427986145017
0.2466130405664444
0.2540220022201538
0.2622777223587036
0.2726503014564514
0.2851397097110748
0.29889923334121704
0.31477561593055725
0.0
0.0
0.0
0.0
