1.0
0.5835729241371155
0.08706365525722502
0.024640657007694244
0.0948665291070938
0.13593429327011108
0.1260780245065689
0.1108829602599144
0.1170431226491928
0.12073922157287596
0.1219712495803833
0.11991786211729048
0.1219712495803833
0.12525667250156403
0.12279260903596878
0.12936344742774963
0.13223819434642792
0.1351129412651062
0.14045174419879913
0.14989733695983887
0.15277206897735596
0.15236139297485352
0.15811088681221008
0.16632443666458127
0.17577001452445984
0.18316221237182617
0.19917865097522733
0.21724845468997955
0.24353182315826416
0.2772074043750763
0.31088295578956604
0.3445585072040558
0.3753593564033508
0.4078028798103333
0.43778234720230097
0.45379877090454096
0.4349075853824616
0.3901437222957611
0.3297741413116455
0.26981520652771
0.21149897575378415
0.16509240865707395
0.13634496927261353
0.11540041118860243
0.10472279042005538
0.09691991657018659
0.08501026779413222
0.08131416887044905
0.08418890833854675
0.0866529792547226
0.07926078140735626
0.07104723155498505
0.07145790755748749
0.07597535848617554
0.07926078140735626
0.07556468248367308
0.07515400648117065
0.08131416887044905
0.08295688033103943
0.0866529792547226
0.08870636671781541
0.08542094379663467
0.08706365525722502
0.08501026779413222
0.08788500726222992
0.08870636671781541
0.08747433125972749
0.08213552087545395
0.08172484487295151
0.07885010540485382
0.0776180699467659
0.07926078140735626
0.07720739394426346
0.07310061901807785
0.07392197102308273
0.07802874594926834
0.07597535848617554
0.07802874594926834
0.0796714574098587
0.1039014384150505
0.1260780245065689
0.13059547543525696
0.12320328503847122
0.13963039219379425
0.14168377220630643
0.12772074341773987
0.11540041118860243
0.1067761778831482
0.10349076241254807
0.09240246564149857
0.07843942195177078
0.06529773771762848
0.06570842117071152
0.059137575328350074
0.060369610786437995
0.06735113263130188
0.06981519609689713
0.07104723155498505
0.07720739394426346
0.0776180699467659
0.08090349286794662
0.06694044917821884
0.0
0.03203285485506058
0.20698152482509613
0.6468172669410706
0.9843942523002625
0.7535934448242188
0.2036961019039154
0.029979465529322624
0.0685831606388092
0.13223819434642792
0.11950718611478804
0.1149897351861
0.10636550188064577
0.11827515065670012
0.11663244664669035
0.11047227680683136
0.11334702372550964
0.1129363477230072
0.11827515065670012
0.11540041118860243
0.11868583410978316
0.11745379865169524
0.12032854557037352
0.12731006741523743
0.12689939141273499
0.0
0.0
0.0
0.0
0.0
