0.9762161970138548
0.9810810685157776
0.638378381729126
0.17081080377101898
0.02702702768146992
0.028108108788728717
0.04378378391265869
0.0648648664355278
0.07513513416051865
0.06594594568014145
0.08216216415166855
0.0762162134051323
0.07243243604898451
0.09405405074357985
0.10108108073472977
0.10054054111242294
0.11297297477722168
0.11891891807317732
0.13783784210681915
0.14864864945411682
0.17351351678371427
0.19081081449985504
0.21459458768367767
0.24756756424903867
0.2772972881793976
0.31351351737976074
0.3621621727943421
0.39945945143699646
0.4259459376335144
0.44810810685157776
0.47783783078193665
0.4929729700088501
0.46810811758041376
0.4324324429035186
0.3567567467689514
0.28810811042785645
0.22108107805252075
0.16324324905872345
0.1275675743818283
0.09459459781646729
0.0832432433962822
0.07081080973148346
0.06594594568014145
0.05135134980082512
0.06918919086456299
0.05135134980082512
0.061621621251106255
0.06054054200649261
0.059999998658895486
0.06864865124225616
0.06378378719091415
0.08216216415166855
0.07081080973148346
0.07945945858955382
0.07297297567129134
0.06864865124225616
0.07351351529359818
0.07729730010032652
0.07945945858955382
0.06756756454706192
0.074054054915905
0.0670270249247551
0.062162160873413086
0.06810811161994934
0.05459459498524666
0.059999998658895486
0.05027027055621147
0.046486485749483115
0.06270270049571991
0.05027027055621147
0.05189189314842224
0.037837836891412735
0.03999999910593033
0.05459459498524666
0.0486486479640007
0.05351351201534271
0.0416216216981411
0.049189187586307526
0.05513513460755348
0.05189189314842224
0.10378378629684448
0.11405405402183531
0.08594594895839691
0.13351351022720337
0.17243243753910065
0.15405406057834625
0.12324324250221252
0.10918918997049332
0.0929729714989662
0.045405406504869454
0.034594595432281494
0.030810810625553128
0.041081082075834274
0.03189189359545708
0.04054053872823715
0.02432432398200035
0.02918918989598751
0.03567567467689514
0.010810811072587965
0.0486486479640007
0.11837837845087051
0.361621618270874
0.8799999952316285
1.0
0.7610810995101928
0.2221621572971344
0.03513513505458832
0.0
0.05243243277072906
0.08162162452936172
0.0832432433962822
0.07243243604898451
0.07999999821186066
0.08594594895839691
0.09405405074357985
0.08270270377397537
0.09891892224550249
0.09459459781646729
0.09891892224550249
0.13135135173797607
0.1437837779521942
0.0
0.0
0.0
0.0
0.0
0.0
0.0
0.0
0.0
0.0
0.0
