0.9794648289680482
0.4573739767074585
0.039825763553380966
0.008089607581496239
0.09209707379341123
0.15121343731880188
0.17734909057617188
0.1742377132177353
0.20161792635917664
0.1848164349794388
0.19103920459747317
0.21468575298786163
0.18979464471340177
0.1972619742155075
0.2028624713420868
0.2190416902303696
0.2153080254793167
0.21157436072826383
0.2489110082387924
0.23771001398563385
0.2495332956314087
0.2551337778568268
0.2781580686569214
0.29247045516967773
0.3092719316482544
0.35220909118652344
0.3721219599246978
0.4051026701927185
0.4219041764736176
0.4536403119564056
0.47044181823730474
0.48226508498191833
0.47044181823730474
0.4698195457458496
0.4455507099628448
0.39701306819915766
0.35158681869506836
0.3148724436759949
0.2881144881248474
0.27629122138023376
0.268201619386673
0.2594897449016571
0.2345986366271973
0.2551337778568268
0.24642190337181089
0.24268823862075803
0.2408214062452316
0.2370877414941788
0.25824517011642456
0.2545115053653717
0.2414436787366867
0.2451773434877396
0.2495332956314087
0.24642190337181089
0.2545115053653717
0.26073428988456726
0.24766646325588224
0.25326696038246155
0.2451773434877396
0.23335407674312592
0.247044175863266
0.24579963088035583
0.22962041199207303
0.23397634923458097
0.2302426844835281
0.2314872443675995
0.22526447474956512
0.2314872443675995
0.23957684636116028
0.22526447474956512
0.23833230137825007
0.22837585210800168
0.28251400589942927
0.30304914712905884
0.3273179829120636
0.34100809693336487
0.32669571042060846
0.34723085165023804
0.34474176168441767
0.2706907391548157
0.2414436787366867
0.25202241539955134
0.2258867472410202
0.1966397017240524
0.21468575298786163
0.19041693210601807
0.19601742923259732
0.18232731521129608
0.18855009973049164
0.18108277022838593
0.19788426160812375
0.1717485934495926
0.1866832673549652
0.14623522758483887
0.13441194593906403
0.2918481528759002
0.5606720447540283
0.6913503408432007
1.0
0.4075917899608612
0.0012445551110431552
0.0
0.08960796147584915
0.14685750007629395
0.18855009973049164
0.19850653409957883
0.18543870747089383
0.1866832673549652
0.2047293037176132
0.19352830946445465
0.1848164349794388
0.20597386360168457
0.2047293037176132
0.21406346559524536
0.2128189206123352
0.2227753549814224
0.22215308248996732
0.22962041199207303
0.0
0.0
0.0
0.0
0.0
0.0
0.0
0.0
0.0
0.0
0.0
0.0
0.0
0.0
