0.782178223133087
0.7128713130950928
0.5445544719696045
0.48514851927757263
0.44554454088211054
0.31683167815208435
0.26732674241065973
0.23762376606464383
0.20792078971862793
0.32673266530036926
0.5742574334144592
0.47524753212928766
0.4059405922889709
0.37623763084411616
0.4158415794372559
0.396039605140686
0.5544554591178894
0.2871287167072296
0.3564356565475464
0.18811881542205808
0.18811881542205808
0.09900990128517152
0.2475247532129288
0.1683168262243271
0.18811881542205808
0.13861386477947235
0.1782178282737732
0.09900990128517152
0.0
0.2574257552623749
0.198019802570343
0.2871287167072296
0.396039605140686
0.31683167815208435
0.396039605140686
0.3564356565475464
0.30693069100379944
0.2871287167072296
0.31683167815208435
0.2871287167072296
0.30693069100379944
0.3564356565475464
0.20792078971862793
0.11881188303232192
0.23762376606464383
0.2475247532129288
0.2772277295589447
0.32673266530036926
0.26732674241065973
0.3465346395969391
0.5247524976730347
0.6237623691558838
1.0
0.8910890817642213
0.30693069100379944
0.23762376606464383
0.009900989942252638
0.09900990128517152
0.22772277891635892
0.26732674241065973
0.1683168262243271
0.2475247532129288
0.0
0.0
0.0
0.0
0.0
0.0
0.0
0.0
0.0
0.0
0.0
0.0
0.0
0.0
0.0
0.0
0.0
0.0
0.0
0.0
0.0
0.0
0.0
0.0
0.0
0.0
0.0
0.0
0.0
0.0
0.0
0.0
0.0
0.0
0.0
0.0
0.0
0.0
0.0
0.0
0.0
0.0
0.0
0.0
0.0
0.0
0.0
0.0
0.0
0.0
0.0
0.0
0.0
0.0
0.0
0.0
0.0
0.0
0.0
0.0
0.0
0.0
0.0
0.0
0.0
0.0
0.0
0.0
0.0
0.0
