0.9698224663734435
0.5011834502220154
0.0254437867552042
0.0
0.10236686468124388
0.1491124331951141
0.17988166213035583
0.17988166213035583
0.18816567957401276
0.1958579868078232
0.18875738978385925
0.22011834383010864
0.19763313233852384
0.20414201915264127
0.2136094719171524
0.21775147318840024
0.2153846174478531
0.22485207021236417
0.2384615391492844
0.25029584765434265
0.2556213140487671
0.25088757276535034
0.2757396399974823
0.2727810740470886
0.32011833786964417
0.33136093616485596
0.364497035741806
0.3917159736156464
0.4272189438343048
0.4538461565971375
0.45680472254753113
0.4852071106433869
0.469822496175766
0.4704141914844513
0.444970428943634
0.41893491148948664
0.37218934297561646
0.33195266127586365
0.31242603063583374
0.2852070927619934
0.26508876681327814
0.2532544434070587
0.2437869757413864
0.26923078298568726
0.2597633004188537
0.23431952297687528
0.25029584765434265
0.2627218961715698
0.252662718296051
0.2568047344684601
0.2798816561698913
0.2573964595794678
0.24970413744449613
0.27633136510849
0.2627218961715698
0.2579881548881531
0.2579881548881531
0.2739644944667816
0.2556213140487671
0.24201183021068573
0.2662721872329712
0.24733728170394895
0.26449704170227045
0.25443786382675165
0.23905324935913083
0.26213017106056213
0.24023668467998505
0.26035502552986145
0.25147929787635803
0.23136094212532043
0.2485207170248032
0.24437870085239408
0.26923078298568726
0.34378698468208313
0.360355019569397
0.3769230842590332
0.34970414638519287
0.35207101702690125
0.3556213080883026
0.35088756680488586
0.2857988178730011
0.2869822382926941
0.27100592851638794
0.2461538463830948
0.2260355055332184
0.20177514851093287
0.20059171319007876
0.21952663362026212
0.19940827786922452
0.21715976297855377
0.1816568076610565
0.2053254395723343
0.2053254395723343
0.14497041702270508
0.15562130510807037
0.3189349174499512
0.5810651183128357
0.718343198299408
1.0
0.4000000059604645
0.02189349196851253
0.0408284030854702
0.12485206872224808
0.18994082510471344
0.21479289233684537
0.21715976297855377
0.19171597063541407
0.21715976297855377
0.23254437744617465
0.22899408638477323
0.21065089106559756
0.21952663362026212
0.2230769246816635
0.23136094212532043
0.25917160511016846
0.2639053165912628
0.2656804621219635
0.0
0.0
0.0
0.0
0.0
0.0
0.0
0.0
0.0
0.0
0.0
0.0
0.0
0.0
0.0
