1.0
0.44369873404502874
0.2401193082332611
0.0
0.02759134955704212
0.12677106261253357
0.19015659391880035
0.199850857257843
0.22371365129947665
0.21476510167121887
0.22445936501026156
0.22445936501026156
0.23639075458049771
0.2453393042087555
0.25428783893585205
0.25950783491134644
0.2572706937789917
0.2572706937789917
0.26547351479530334
0.27815064787864685
0.290827751159668
0.29753914475440973
0.31916481256484985
0.33706188201904297
0.3489933013916016
0.3683817982673645
0.3803131878376007
0.38851603865623474
0.39597314596176153
0.4101416766643524
0.4183445274829865
0.4265473484992981
0.4287844896316528
0.41163310408592224
0.3974645733833313
0.35421326756477356
0.31767338514328
0.290827751159668
0.26845636963844294
0.24832214415073395
0.23937359452247617
0.2401193082332611
0.23639075458049771
0.24981357157230377
0.24906785786151883
0.24832214415073395
0.2527964115142822
0.25950783491134644
0.26323640346527094
0.2617449760437012
0.25503355264663696
0.24981357157230377
0.2557792663574219
0.2557792663574219
0.24384787678718567
0.23937359452247617
0.2356450408697128
0.24310216307640076
0.23042505979537964
0.23489932715892792
0.234153613448143
0.234153613448143
0.22744220495224
0.22967934608459473
0.22669649124145508
0.22371365129947665
0.22445936501026156
0.23042505979537964
0.23937359452247617
0.2744220793247223
0.33631616830825806
0.3355704843997956
0.3497390151023865
0.4026845693588257
0.41461595892906183
0.47203579545021057
0.44220730662345886
0.3668903708457946
0.28337061405181885
0.21551081538200376
0.1923937350511551
0.17971663177013397
0.16480238735675812
0.1580909788608551
0.16032811999320984
0.15436241030693054
0.1580909788608551
0.1573452651500702
0.1700223684310913
0.15510812401771543
0.17300522327423096
0.17971663177013397
0.24310216307640076
0.29231917858123774
0.5145413875579834
0.9739000797271729
0.68232661485672
0.26323640346527094
0.09023117274045944
0.0029828485567122698
0.0879940316081047
0.19015659391880035
0.20805369317531583
0.21625652909278867
0.22445936501026156
0.2356450408697128
0.2378821820020676
0.2401193082332611
0.24683071672916407
0.24832214415073395
0.25428783893585205
0.25503355264663696
0.2587621212005615
0.2677106559276581
0.0
0.0
0.0
0.0
0.0
0.0
0.0
0.0
0.0
0.0
0.0
0.0
0.0
0.0
0.0
0.0
0.0
0.0
