0.9737746119499207
0.4167967438697815
0.062129255384206765
0.0
0.004995316732674837
0.07055885344743729
0.10646269470453262
0.14611302316188812
0.1582891047000885
0.16546986997127533
0.17108960449695587
0.18108023703098297
0.18482673168182373
0.19325631856918332
0.19107086956501007
0.1960661858320236
0.20074929296970367
0.21323758363723755
0.21448642015457156
0.22010615468025208
0.23228223621845245
0.2463315576314926
0.2569466233253479
0.27224478125572205
0.2906650006771088
0.31283172965049744
0.3403059542179108
0.369341254234314
0.38776147365570074
0.4033718407154083
0.4221042692661285
0.4358414113521576
0.4320949018001556
0.3983765244483948
0.36059942841529846
0.317827045917511
0.27411800622940063
0.24227286875247955
0.2191695272922516
0.2076178640127182
0.20137371122837064
0.2010615020990372
0.19950047135353088
0.20043708384037015
0.20168592035770416
0.20262254774570465
0.2010615020990372
0.20387136936187744
0.1998126804828644
0.20199812948703763
0.2010615020990372
0.20012488961219788
0.2063690274953842
0.2069934457540512
0.20793005824089048
0.208242267370224
0.20293474197387693
0.20543240010738367
0.20043708384037015
0.20324695110321045
0.19762723147869113
0.1979394257068634
0.19637839496135712
0.19700281322002408
0.19544176757335663
0.19575397670269007
0.19200749695301053
0.1945051550865173
0.19512957334518433
0.19107086956501007
0.187012180685997
0.1792069971561432
0.18014360964298248
0.18326568603515625
0.18576334416866305
0.1888854205608368
0.18732438981533048
0.19107086956501007
0.19107086956501007
0.1988760530948639
0.20512020587921145
0.22010615468025208
0.23415547609329224
0.23790197074413297
0.24789260327816007
0.2457071542739868
0.2553855776786804
0.26162973046302795
0.26069310307502747
0.2138620018959045
0.2116765528917313
0.19107086956501007
0.18576334416866305
0.17015297710895538
0.17046518623828888
0.1673431098461151
0.1676553189754486
0.1682797372341156
0.1773337423801422
0.14673742651939392
0.07118326425552368
0.2213549762964249
0.373399943113327
0.7992507219314574
1.0
0.4180455803871154
0.0696222260594368
0.03777708485722542
0.04683109745383263
0.11333125084638596
0.15547923743724823
0.19512957334518433
0.2138620018959045
0.21979394555091855
0.22229160368442533
0.22197939455509183
0.23072120547294617
0.23072120547294617
0.2382141798734665
0.24227286875247955
0.24758039414882657
0.25320011377334595
0.26131752133369446
0.2747424244880676
0.0
0.0
0.0
0.0
0.0
0.0
0.0
0.0
