0.9297468066215516
0.7601265907287597
0.37468355894088745
0.1537974625825882
0.0
0.149367094039917
0.25696203112602234
0.2892405092716217
0.3018987476825714
0.32594937086105347
0.3373417854309082
0.3462025225162506
0.3544303774833679
0.3626582324504852
0.3613924086093903
0.3677215278148651
0.37278482317924494
0.3898734152317047
0.3955696225166321
0.3911392390727997
0.4120253026485443
0.43101266026496887
0.4556961953639984
0.46962025761604315
0.5075949430465697
0.5449367165565491
0.5689873695373535
0.607594907283783
0.6297468543052673
0.6518987417221069
0.6683544516563416
0.6708860993385315
0.655063271522522
0.602531671524048
0.5613924264907837
0.5107594728469849
0.4689873456954956
0.4240506291389465
0.400632917881012
0.38164556026458735
0.36392405629158014
0.35696202516555786
0.35379746556282043
0.351898729801178
0.34810125827789307
0.3474683463573456
0.35253164172172546
0.35253164172172546
0.3531645536422729
0.351898729801178
0.3544303774833679
0.3531645536422729
0.35379746556282043
0.3556962013244629
0.3550632894039154
0.3512658178806305
0.35696202516555786
0.350632905960083
0.36202532052993774
0.350632905960083
0.3588607609272003
0.35696202516555786
0.36202532052993774
0.3531645536422729
0.35379746556282043
0.3424050509929657
0.3373417854309082
0.3499999940395355
0.3329114019870758
0.3329114019870758
0.33481013774871826
0.34493669867515564
0.3373417854309082
0.33544304966926575
0.3202531635761261
0.33164557814598083
0.3379746973514557
0.32721519470214844
0.32594937086105347
0.3341772258281708
0.3151898682117462
0.3265822827816009
0.3278481066226959
0.321518987417221
0.3677215278148651
0.3854430317878723
0.40126582980155934
0.4227848052978516
0.4518987238407135
0.44999998807907104
0.45759493112564087
0.4569620192050934
0.4132911264896393
0.38164556026458735
0.3613924086093903
0.3164556920528412
0.2981012761592865
0.30063292384147644
0.3031645715236664
0.3069620132446289
0.30569618940353394
0.3018987476825714
0.2936708927154541
0.30569618940353394
0.400632917881012
0.45632910728454584
0.5563291311264038
0.905063271522522
1.0
0.603164553642273
0.28797468543052673
0.0702531635761261
0.05443038046360016
0.2544303834438324
0.29683545231819153
0.30506327748298645
0.33481013774871826
0.34050631523132324
0.3544303774833679
0.3645569682121277
0.3632911443710327
0.3721519112586975
0.37721517682075506
0.37594935297966
0.3841772079467773
0.3955696225166321
0.4145569503307343
0.4221518933773041
0.43734177947044367
0.44810125231742853
0.47088608145713806
0.5
