1.0
0.5830076336860657
0.3725570738315582
0.19070149958133695
0.21271343529224396
0.22464513778686523
0.2192964404821396
0.21456490457057953
0.2073647379875183
0.21312487125396729
0.21600493788719177
0.2192964404821396
0.2205307483673096
0.21621066331863403
0.2277309149503708
0.22917094826698303
0.23163957893848416
0.23925118148326877
0.23925118148326877
0.2509771585464477
0.25838303565979004
0.26722896099090576
0.2764863073825836
0.2826578915119171
0.3042583763599396
0.3176301121711731
0.32915037870407104
0.34313926100730896
0.34869369864463806
0.364122599363327
0.36823698878288263
0.369882732629776
0.362682580947876
0.33655625581741333
0.31495577096939087
0.2880065739154816
0.264143168926239
0.2466570734977722
0.22855380177497864
0.2242337018251419
0.21723924577236173
0.2141534686088562
0.21374203264713287
0.2102448046207428
0.2157992124557495
0.21559350192546844
0.21435917913913727
0.21497634053230283
0.21168483793735504
0.21785640716552732
0.2170335352420807
0.21641637384891513
0.2168278098106384
0.21394774317741397
0.2205307483673096
0.21785640716552732
0.2157992124557495
0.2168278098106384
0.2120962738990784
0.21559350192546844
0.21435917913913727
0.2108619660139084
0.21291914582252505
0.20613043010234833
0.2100390791893005
0.20777617394924164
0.2083933353424072
0.2215593457221985
0.22958238422870636
0.24233697354793549
0.2433655560016632
0.24480558931827545
0.25817734003067017
0.2520057559013366
0.26661181449890137
0.2552972733974457
0.23451964557170868
0.20674757659435272
0.19296440482139587
0.19234725832939148
0.1874099969863892
0.18391276895999908
0.18247273564338684
0.17918123304843903
0.18411849439144132
0.1832956224679947
0.18062126636505127
0.18062126636505127
0.1713639199733734
0.10738531500101088
0.0
0.18535280227661127
0.431598424911499
0.859288215637207
0.9475416541099548
0.5585270524024963
0.3563053011894226
0.19358156621456143
0.20283892750740048
0.21765068173408508
0.21333059668540957
0.20942193269729611
0.20921620726585388
0.20695330202579496
0.21518206596374512
0.21641637384891513
0.2157992124557495
0.2197078764438629
0.22011931240558624
0.2281423509120941
0.2310224175453186
0.0
0.0
0.0
0.0
0.0
0.0
0.0
0.0
0.0
0.0
0.0
0.0
0.0
0.0
0.0
0.0
0.0
0.0
0.0
0.0
0.0
