1.0
0.4907407462596893
0.0
0.018518518656492237
0.2735042870044708
0.31339031457901
0.29131054878234863
0.22792023420333865
0.2478632479906082
0.25569799542427063
0.24715100228786469
0.23575498163700104
0.2094017118215561
0.2065526992082596
0.21082621812820437
0.2350427359342575
0.19301994144916532
0.2300569862127304
0.252136766910553
0.2065526992082596
0.220085471868515
0.2350427359342575
0.2571225166320801
0.24643874168396
0.2756410241127014
0.2984330356121063
0.30982905626297
0.31980055570602417
0.32478633522987366
0.3831908702850342
0.37108263373374933
0.4237891733646393
0.32692307233810425
0.3796296417713165
0.36680912971496576
0.3105413019657135
0.2592592537403106
0.24715100228786469
0.22720797359943387
0.19586893916130063
0.16096866130828855
0.1588319092988968
0.13746438920497894
0.1816239356994629
0.12678062915802
0.13461539149284363
0.17592592537403107
0.15455840528011322
0.1844729334115982
0.15455840528011322
0.1851851791143417
0.15313389897346497
0.12321937084197998
0.17307692766189575
0.16524216532707214
0.17806267738342285
0.18945868313312528
0.14529915153980255
0.16595441102981567
0.15242165327072144
0.14957265555858612
0.1588319092988968
0.16239316761493683
0.16880342364311218
0.21937322616577148
0.29914531111717224
0.2977207899093628
0.32193732261657715
0.3867521286010742
0.35185185074806213
0.3582621216773987
0.30911681056022644
0.1752136796712875
0.21581196784973145
0.21082621812820437
0.15455840528011322
0.17378917336463928
0.1388888955116272
0.14316239953041077
0.1260683834552765
0.15028490126132965
0.12749287486076355
0.1538461595773697
0.1488603949546814
0.06339031457901001
0.3931623995304108
0.9266381859779358
0.5099714994430542
0.008547008968889713
0.1189458668231964
0.252136766910553
0.23290598392486567
0.1616809070110321
0.18660968542099
0.1388888955116272
0.16737891733646393
0.18732193112373352
0.1417378932237625
0.1858974397182465
0.13817663490772247
0.14387464523315427
0.11609686911106108
0.08404558151960373
0.0
0.0
0.0
0.0
0.0
0.0
0.0
0.0
0.0
0.0
0.0
0.0
0.0
0.0
0.0
0.0
0.0
0.0
0.0
0.0
0.0
0.0
0.0
0.0
0.0
0.0
0.0
0.0
0.0
