1.0
0.760955274105072
0.4522348940372467
0.22129711508750916
0.16301490366458893
0.19390885531902316
0.19851008057594297
0.19215600192546844
0.19171778857707977
0.1895267367362976
0.19171778857707977
0.19478528201580048
0.19719544053077695
0.1954425871372223
0.2022348791360855
0.2057405710220337
0.21056091785430908
0.21779140830039975
0.22217352688312528
0.22787028551101685
0.23444347083568573
0.24561788141727448
0.2585451304912567
0.2725679278373718
0.28615251183509827
0.30127081274986267
0.3152936100959778
0.32668712735176086
0.3354513645172119
0.3424627482891083
0.34728309512138367
0.347502201795578
0.33610868453979487
0.31332165002822876
0.2857142984867096
0.2570113837718964
0.23510079085826877
0.21450482308864596
0.20092023909091947
0.1954425871372223
0.18886941671371457
0.18733566999435425
0.1847064048051834
0.18207712471485135
0.18054337799549103
0.1803242713212967
0.18098159134387967
0.1803242713212967
0.18207712471485135
0.18295355141162872
0.1853637099266052
0.1882120966911316
0.1895267367362976
0.18886941671371457
0.18886941671371457
0.1890885233879089
0.1871165633201599
0.18865031003952024
0.1882120966911316
0.18645924329757688
0.1871165633201599
0.1822962313890457
0.18120069801807404
0.1822962313890457
0.1816389113664627
0.1816389113664627
0.18251533806324005
0.18010516464710236
0.1816389113664627
0.1779141128063202
0.17769500613212583
0.17747589945793152
0.17572304606437683
0.1785714328289032
0.19281332194805145
0.20486415922641757
0.21187554299831393
0.2094653844833374
0.2173531949520111
0.2331288307905197
0.23334793746471405
0.2361963242292404
0.225898340344429
0.20311130583286283
0.18054337799549103
0.17243646085262299
0.16630148887634277
0.1627957969903946
0.16060473024845123
0.16323401033878326
0.16191937029361725
0.16126205027103424
0.1592900902032852
0.15600350499153137
0.15775635838508603
0.15468886494636536
0.14198072254657745
0.024758983403444287
0.0
0.23641543090343475
0.5847940444946289
0.9754601120948792
0.7883435487747192
0.4723926484584808
0.23422436416149137
0.16038562357425687
0.1950043886899948
0.200482040643692
0.19193689525127408
0.18974584341049197
0.19149868190288544
0.19412796199321744
0.19566169381141665
0.19829097390174863
0.20004382729530332
0.20157755911350247
0.205959677696228
0.2088080644607544
0.2142857164144516
0.21998247504234317
0.2291849255561829
0.0
0.0
0.0
0.0
0.0
0.0
0.0
0.0
0.0
0.0
0.0
