1.0
0.8876470327377318
0.296470582485199
0.0
0.13117647171020508
0.21999999880790713
0.2594117522239685
0.2647058963775635
0.27176469564437866
0.275882363319397
0.2747058868408203
0.28647059202194214
0.2876470685005188
0.2952941060066223
0.29588234424591064
0.30529412627220154
0.30941176414489746
0.3117647171020508
0.3194117546081543
0.32764706015586853
0.3358823657035828
0.3435294032096863
0.36470589041709894
0.3764705955982208
0.4005882441997528
0.4176470637321472
0.43352940678596497
0.4441176354885101
0.455294132232666
0.4699999988079071
0.4699999988079071
0.4652941226959229
0.45352941751480097
0.43588235974311834
0.41941177845001215
0.3929411768913269
0.3764705955982208
0.3552941083908081
0.3358823657035828
0.3247058689594269
0.3123529553413391
0.31058824062347407
0.30941176414489746
0.3041176497936249
0.30705881118774414
0.3035294115543365
0.3035294115543365
0.3029411733150482
0.3011764585971832
0.3123529553413391
0.3088235259056092
0.3176470696926117
0.3176470696926117
0.31647059321403503
0.3205882310867309
0.32411766052246094
0.32823529839515686
0.33117645978927607
0.32647058367729187
0.3441176414489746
0.3770588338375092
0.39941176772117615
0.4029411673545837
0.4135294258594513
0.45411765575408936
0.4717647135257721
0.47705882787704473
0.42411765456199646
0.3970588147640228
0.3400000035762787
0.3117647171020508
0.296470582485199
0.2858823537826538
0.275882363319397
0.275882363319397
0.26764705777168274
0.2617647051811218
0.2629411816596985
0.2629411816596985
0.27000001072883606
0.27294117212295527
0.38294118642807007
0.4817647039890289
0.6194117665290833
0.9223529696464537
0.9635294079780578
0.3035294115543365
0.0023529410827904935
0.09647058695554733
0.21411764621734616
0.27000001072883606
0.28470587730407715
0.28647059202194214
0.3000000119209289
0.3029411733150482
0.2994117736816406
0.3029411733150482
0.30705881118774414
0.3117647171020508
0.3194117546081543
0.3194117546081543
0.32823529839515686
0.33941176533699036
0.0
0.0
0.0
0.0
0.0
0.0
0.0
0.0
0.0
0.0
0.0
0.0
0.0
0.0
0.0
0.0
0.0
0.0
0.0
0.0
0.0
0.0
0.0
0.0
0.0
0.0
0.0
0.0
0.0
