0.9493864774703981
0.9565439820289613
0.3312883377075196
0.018916156142950055
0.0
0.1063394695520401
0.19018404185771945
0.20910020172595975
0.2280163615942001
0.2535787224769592
0.2724948823451996
0.28578731417655945
0.29447853565216064
0.29601228237152094
0.2929447889328003
0.3011247515678406
0.29396727681159973
0.29907974600791926
0.2934560179710388
0.3103272020816803
0.30930471420288086
0.3103272020816803
0.31697341799736023
0.32055214047431946
0.32361963391304016
0.33486708998680115
0.34918200969696045
0.3594069480895996
0.38343557715415955
0.41513291001319885
0.4371165633201599
0.46114519238471985
0.4964212775230408
0.5327198505401611
0.5547034740447998
0.5782208442687988
0.5991820096969604
0.6160531640052795
0.6170756816864014
0.6002045273780823
0.5598159432411194
0.5086911916732788
0.45194274187088007
0.40644171833992
0.3645194172859192
0.34049078822135925
0.3108384311199188
0.30316972732543945
0.28271985054016113
0.29141104221343994
0.28374233841896057
0.29907974600791926
0.30061349272727966
0.30010226368904114
0.2995910048484802
0.3098159432411194
0.3098159432411194
0.31186094880104065
0.32566460967063904
0.3282208442687988
0.3241308927536011
0.3302658498287201
0.31748467683792114
0.3246421217918396
0.3108384311199188
0.3036809861660004
0.29141104221343994
0.2929447889328003
0.29089978337287903
0.28936606645584106
0.28374233841896057
0.2776073515415192
0.2811861038208008
0.2822085916996002
0.28271985054016113
0.26993864774703974
0.27658486366271967
0.28578731417655945
0.27147239446640015
0.26738241314888
0.2530674934387207
0.25102248787879944
0.261247456073761
0.25971370935440063
0.2617586851119995
0.24897751212120056
0.256134957075119
0.25051125884056086
0.2556237280368805
0.26584866642951965
0.2627811729907989
0.2581799626350403
0.25051125884056086
0.256134957075119
0.25255623459815973
0.25408998131752014
0.25664621591568
0.2750511169433594
0.2929447889328003
0.3277096152305603
0.33435583114624023
0.3353783190250397
0.3640081882476807
0.37167689204216
0.34560325741767883
0.30061349272727966
0.26891615986824036
0.2530674934387207
0.2418200373649597
0.2290388494729996
0.22392638027668
0.23108384013175964
0.2300613522529602
0.23517382144927976
0.2290388494729996
0.23108384013175964
0.22341513633728027
0.2280163615942001
0.21932515501976013
0.20910020172595975
0.3241308927536011
0.34253579378128046
0.5429447889328003
1.0
0.8246421217918397
0.2638036906719208
0.005623721983283758
0.011247443966567516
0.15081799030303955
0.21063394844532007
0.2453987747430801
0.256134957075119
