0.9640130996704099
0.7419120073318481
0.3169756531715393
0.03998545929789543
0.060341693460941315
0.0745183601975441
0.13558706641197205
0.17848055064678192
0.2151944786310196
0.21737550199031827
0.22028353810310364
0.217739000916481
0.2275536209344864
0.2311886548995972
0.23518720269203183
0.22500908374786377
0.23409669101238248
0.24063976109027865
0.243547797203064
0.2529989182949066
0.2540894150733948
0.25554344058036804
0.24900037050247192
0.23845873773097992
0.257360965013504
0.2653580605983734
0.2729916274547577
0.2853507697582245
0.28426027297973633
0.2980734407901764
0.31334060430526733
0.32170119881629944
0.3286077678203583
0.3387858867645264
0.3580516278743744
0.35041803121566767
0.3478735089302063
0.34641948342323303
0.34278443455696106
0.3315158188343048
0.32170119881629944
0.3078880310058594
0.29043984413146967
0.2664485573768616
0.2540894150733948
0.2544529139995575
0.2515448927879333
0.23736822605133057
0.23736822605133057
0.23555070161819455
0.23700472712516785
0.21919302642345428
0.22464558482170105
0.24427480995655057
0.2293711304664612
0.24318429827690125
0.23482370376586917
0.24790984392166135
0.23409669101238248
0.2410032749176025
0.24972736835479736
0.2508178949356079
0.24936386942863464
0.2446383088827133
0.241730272769928
0.2526354193687439
0.248636856675148
0.2399127632379532
0.23773173987865448
0.2420937865972519
0.2420937865972519
0.22973464429378507
0.23046165704727167
0.22973464429378507
0.23155216872692108
0.2293711304664612
0.2380952388048172
0.22355507314205167
0.23409669101238248
0.22973464429378507
0.2300981432199478
0.2239185720682144
0.22137404978275296
0.2239185720682144
0.22173754870891568
0.21919302642345428
0.21264994144439697
0.2166484892368317
0.22319155931472776
0.22282806038856504
0.21992002427577967
0.22719010710716248
0.22973464429378507
0.2188295125961304
0.22646310925483704
0.22210104763507843
0.219556525349617
0.22064703702926636
0.22355507314205167
0.22500908374786377
0.22500908374786377
0.21919302642345428
0.22428208589553836
0.23700472712516785
0.24063976109027865
0.2624500095844269
0.2788076996803284
0.28135222196578974
0.29952743649482727
0.3089785575866699
0.3038894832134247
0.3187931776046753
0.31115958094596863
0.2853507697582245
0.2719011306762696
0.23736822605133057
0.21483096480369568
0.2006543129682541
0.18902216851711276
0.19956380128860476
0.192293718457222
0.1842966228723526
0.18720465898513797
0.19265721738338473
0.186841145157814
0.18756815791130063
0.1704834550619125
0.34641948342323303
0.5081788301467896
1.0
0.632497251033783
0.2777172029018402
