1.0
0.7501220107078552
0.1926142871379852
0.0
0.046201400458812714
0.10167561471462248
0.11192451417446136
0.11778102815151215
0.11566618084907532
0.11647958308458328
0.12314950674772263
0.12526436150074005
0.12737920880317688
0.13339839875698087
0.1348625272512436
0.1389295607805252
0.14446070790290833
0.15405888855457303
0.162680983543396
0.18106393516063687
0.1849682778120041
0.20416463911533356
0.2192939668893814
0.23767691850662231
0.2677728831768036
0.28745728731155396
0.3071416914463043
0.32113227248191833
0.3328453004360199
0.3308931291103363
0.3129982054233551
0.28404098749160767
0.24434684216976163
0.20595411956310272
0.17081503570079803
0.1512933075428009
0.1314462274312973
0.12087196856737135
0.1151781380176544
0.11176183819770812
0.11338864266872406
0.10379046946763992
0.10557995736598969
0.10769481211900712
0.11257524043321608
0.10850821435451508
0.10948430001735689
0.11599154025316238
0.11696762591600418
0.1096469834446907
0.11338864266872406
0.11582885682582857
0.1195705235004425
0.1195705235004425
0.11322596669197083
0.11241255700588226
0.11127379536628725
0.113063283264637
0.1101350262761116
0.1091589406132698
0.10883357375860214
0.10639335960149764
0.10395314544439316
0.10395314544439316
0.10053684562444686
0.10135025531053544
0.1021636575460434
0.10395314544439316
0.09891003370285034
0.10053684562444686
0.09939808398485184
0.09386692941188812
0.09809663146734236
0.09256547689437866
0.09386692941188812
0.10004880279302596
0.11371400952339172
0.13209696114063263
0.12510167062282562
0.13469985127449036
0.1260777562856674
0.1181063950061798
0.11631689965724944
0.11745566874742508
0.0972832292318344
0.09175207465887068
0.0907759889960289
0.0953310579061508
0.09045062959194183
0.09240280091762543
0.09158939123153687
0.09272816032171248
0.08670896291732787
0.07157963514328003
0.03904343396425247
0.09760858863592148
0.30242395401000977
0.6585326194763184
0.9993492960929871
0.7144948840141296
0.17000162601470947
0.02733040414750576
0.06979013979434967
0.12363754957914352
0.12689116597175598
0.12526436150074005
0.1200585663318634
0.1270538419485092
0.1304701417684555
0.13323572278022766
0.1369773894548416
0.14071905612945557
0.14218318462371826
0.1483650505542755
0.15243208408355713
0.16105417907238007
0.1706523448228836
0.1804132163524628
0.18773385882377625
0.20758093893527985
0.22791606187820437
0.24743777513504028
0.2713518738746643
0.29477792978286743
0.3170652389526367
0.3307304382324219
0.33984056115150446
0.3352855145931244
0.3159264624118805
0.0
0.0
0.0
