0.9952067136764526
0.9167165756225586
0.5020970702171326
0.14619532227516174
0.08088675886392593
0.07609347254037857
0.06770521402359009
0.04973037913441657
0.03954463824629784
0.031755540519952774
0.03774715214967728
0.04853205382823944
0.037147991359233856
0.02216896414756775
0.03654883056879044
0.06171360239386559
0.06590773165225983
0.06890353560447693
0.05152786150574684
0.05991611629724503
0.10305572301149368
0.10065907984972
0.09526662528514862
0.11084482073783875
0.14080287516117096
0.1623726785182953
0.15937687456607819
0.1875374466180801
0.22348712384700772
0.24745357036590576
0.25044935941696167
0.26423007249832153
0.30017974972724915
0.3109646439552307
0.3103654980659485
0.29778310656547546
0.28759735822677607
0.2486518919467926
0.21090473234653473
0.17675255239009857
0.15518274903297424
0.14080287516117096
0.11024565249681471
0.10425404459238052
0.0916716605424881
0.08987417817115782
0.0916716605424881
0.08088675886392593
0.08088675886392593
0.0946674644947052
0.09706410765647888
0.10904733091592787
0.10844817012548447
0.10485320538282394
0.09406830370426178
0.10125824064016342
0.124625526368618
0.1180347502231598
0.1096464917063713
0.1156381070613861
0.11384062469005583
0.11204314231872559
0.0826842412352562
0.08448172360658644
0.10125824064016342
0.0946674644947052
0.10065907984972
0.10065907984972
0.0862792059779167
0.08987417817115782
0.0862792059779167
0.08088675886392593
0.07489514350891113
0.08508088439702988
0.08927501738071442
0.09406830370426178
0.12043139338493349
0.14319951832294464
0.14439783990383148
0.16956260800361633
0.19832235574722287
0.2312762141227722
0.21270221471786496
0.2414619475603104
0.26482924818992615
0.1875374466180801
0.1096464917063713
0.088675856590271
0.07609347254037857
0.05811863392591477
0.05392450466752052
0.029958058148622513
0.02935889735817909
0.0443379282951355
0.04673457145690917
0.033553026616573334
0.019173158332705494
0.017375674098730087
0.014979029074311256
0.0
0.017375674098730087
0.0976632684469223
0.4421809613704681
1.0
0.8538046479225159
0.4266027510166168
0.14260035753250122
0.0946674644947052
0.060515277087688446
0.05272618308663368
0.04254044219851494
0.04014379903674126
0.03654883056879044
0.037147991359233856
0.038945477455854416
0.034751348197460175
0.04194128140807152
0.05991611629724503
0.05512282624840736
0.04673457145690917
0.05811863392591477
0.0
0.0
0.0
0.0
0.0
0.0
0.0
0.0
0.0
0.0
0.0
