1.0
0.7400227785110474
0.5279361605644226
0.3092360198497772
0.14435575902462003
0.15279361605644226
0.22554162144660947
0.2884834706783294
0.2912200689315796
0.29828962683677673
0.2928164303302765
0.30421891808509827
0.3064994215965271
0.31197264790534973
0.3122006952762604
0.3110604286193848
0.3210946321487427
0.3295325040817261
0.33044469356536865
0.33933866024017334
0.3464082181453705
0.3509692251682281
0.36145952343940735
0.3605473339557648
0.3790193796157837
0.38403648138046254
0.39657923579216
0.41322690248489374
0.4216647744178772
0.4456100463867188
0.4538198411464691
0.48141390085220337
0.4985176622867584
0.5067274570465088
0.5242873430252075
0.5286203026771545
0.5297605395317078
0.5124287605285645
0.48323830962181086
0.4576967060565949
0.40798175334930414
0.37833523750305176
0.34823259711265564
0.3106043338775635
0.2973774373531341
0.2770809531211853
0.26727479696273804
0.26157355308532715
0.2576966881752014
0.2503990828990936
0.240820974111557
0.2472063899040222
0.24766248464584353
0.2460661381483078
0.24880273640155792
0.2405929267406464
0.2428734302520752
0.24971494078636167
0.2424173355102539
0.2474344372749329
0.2403648793697357
0.23671607673168185
0.23580387234687805
0.2303306758403778
0.23489168286323547
0.22440136969089508
0.21755985915660855
0.22326111793518064
0.21299886703491208
0.21299886703491208
0.20729760825634
0.20706956088542935
0.20592930912971497
0.192246288061142
0.1977194994688034
0.1931584924459457
0.19429874420166013
0.19133409857749936
0.187229186296463
0.1931584924459457
0.1881413906812668
0.1879133433103561
0.1904218941926956
0.17787913978099823
0.18494868278503415
0.18038769066333768
0.1787913292646408
0.185176745057106
0.17126567661762235
0.17787913978099823
0.16875712573528287
0.17058153450489044
0.1719498336315155
0.16465222835540771
0.1708095818758011
0.16875712573528287
0.17331813275814056
0.18084378540515897
0.19019384682178497
0.21208666265010837
0.20182439684867856
0.21094641089439392
0.2282782196998596
0.22782212495803836
0.2310148179531097
0.202964648604393
0.187229186296463
0.1787913292646408
0.16602052748203275
0.16488027572631836
0.14184720814228055
0.13295325636863708
0.13637399673461914
0.13135689496994019
0.1377422958612442
0.12953250110149384
0.1277080923318863
0.1279361397027969
0.12633979320526123
0.13500569760799408
0.12998859584331512
0.15940706431865692
0.30444696545600886
0.5879133343696593
0.8996579051017761
0.7302166223526002
0.5204104781150818
0.3153933882713318
0.06066134572029114
0.0
0.04218928143382072
0.11083238571882248
