0.9060975313186643
0.8966463208198547
0.6792683005332947
0.43140244483947754
0.25457316637039185
0.15853658318519592
0.11341463774442671
0.08963414281606674
0.08170731365680695
0.08231707662343977
0.06859756261110306
0.06737805157899857
0.06890244036912918
0.06554877758026123
0.06067073345184326
0.08292683213949203
0.07530488073825836
0.06707317382097244
0.07164634019136429
0.06554877758026123
0.07195121794939041
0.0625
0.0625
0.06829268485307693
0.06829268485307693
0.08048780262470245
0.08323170989751814
0.09237805008888243
0.11432927101850508
0.12469512224197388
0.14207316935062408
0.14573170244693756
0.16189023852348328
0.16707317531108856
0.16310974955558777
0.18201220035552976
0.16371950507164
0.1521341502666473
0.13262194395065308
0.12865853309631348
0.11341463774442671
0.11402439326047896
0.1076219528913498
0.0984756126999855
0.09664633870124816
0.10000000149011612
0.09207317233085632
0.09298780560493469
0.09878049045801161
0.08201219141483305
0.10945121943950652
0.09939024597406387
0.1024390235543251
0.10304877907037734
0.11798780411481856
0.1262195110321045
0.12408536672592164
0.12225610017776488
0.11920731514692307
0.11798780411481856
0.1091463416814804
0.12347561120986938
0.11249999701976776
0.11737804859876633
0.11371951550245284
0.11524390429258347
0.1091463416814804
0.10060975700616837
0.10823170840740204
0.1051829233765602
0.10884146392345428
0.13475610315799713
0.12957316637039185
0.12560975551605225
0.15731707215309143
0.17499999701976776
0.18414634466171265
0.18810975551605225
0.14054878056049347
0.12591463327407837
0.10975609719753264
0.09664633870124816
0.09542682766914368
0.0865853652358055
0.09390243887901306
0.09085366129875184
0.07896341383457184
0.04115853831171989
0.0
0.09786585718393324
0.32621949911117554
0.7518292665481566
1.0
0.7871951460838317
0.5280487537384033
0.3277438879013061
0.18810975551605225
0.12957316637039185
0.0972560942173004
0.07530488073825836
0.08292683213949203
0.0759146362543106
0.07134146243333817
0.07896341383457184
0.06890244036912918
0.07347560673952103
0.06890244036912918
0.0704268291592598
0.06737805157899857
0.06554877758026123
0.0
0.0
0.0
0.0
0.0
0.0
0.0
0.0
0.0
0.0
0.0
0.0
0.0
0.0
0.0
0.0
0.0
0.0
0.0
0.0
0.0
0.0
