1.0
0.6844720244407654
0.19503106176853177
0.010248446837067604
0.0
0.06583850830793381
0.10683229565620422
0.15683229267597198
0.17080745100975037
0.19037267565727237
0.19565217196941373
0.20186334848403928
0.20745341479778287
0.21086956560611725
0.21335403621196744
0.21086956560611725
0.2223602533340454
0.22422359883785248
0.23757764697074887
0.24472050368785855
0.2543478310108185
0.2596273422241211
0.2729813754558563
0.28788819909095764
0.3009316623210907
0.31677019596099854
0.33881986141204834
0.3605590164661408
0.38105589151382446
0.4012422263622284
0.417391300201416
0.4316770136356354
0.4276397526264191
0.41149067878723133
0.3717391192913056
0.33074533939361567
0.2956521809101105
0.25776398181915283
0.24192546308040616
0.23012422025203705
0.2170807421207428
0.2158385068178177
0.2167701870203018
0.2183229774236679
0.2142857164144516
0.2158385068178177
0.20993788540363312
0.21055901050567624
0.20931677520275116
0.2068323045969009
0.20900620520114896
0.2096273303031921
0.21211180090904236
0.20217391848564148
0.20559006929397583
0.20559006929397583
0.20807453989982605
0.19316770136356357
0.19968944787979123
0.19782608747482297
0.19316770136356357
0.19409938156604767
0.19565217196941373
0.198136642575264
0.197515532374382
0.19285714626312253
0.21024844050407407
0.22080744802951807
0.2295031100511551
0.24689440429210663
0.26304349303245544
0.25
0.25621119141578674
0.2801242172718048
0.2624223530292511
0.21335403621196744
0.21801242232322687
0.18819876015186307
0.18509316444396967
0.17546583712100983
0.16987577080726624
0.16987577080726624
0.16832298040390015
0.1605590134859085
0.16583850979804993
0.1344720423221588
0.0465838499367237
0.1953416168689728
0.3462733030319214
0.7574534416198729
0.9829192757606505
0.4251552820205688
0.05838509276509285
0.0021739129442721605
0.019254658371210095
0.08664596080780029
0.1304347813129425
0.16925466060638428
0.18322981894016263
0.19316770136356357
0.1891304403543472
0.19285714626312253
0.19037267565727237
0.20062111318111417
0.2031055837869644
0.20155279338359833
0.21055901050567624
0.21521739661693573
0.21894410252571103
0.2322981357574463
0.239440992474556
0.0
0.0
0.0
0.0
0.0
0.0
0.0
0.0
0.0
0.0
0.0
0.0
0.0
0.0
0.0
0.0
0.0
0.0
0.0
0.0
0.0
