1.0
0.5903671979904175
0.21077729761600492
0.0
0.024320457130670547
0.10395803302526474
0.15736766159534454
0.1778731495141983
0.18502622842788696
0.1874105930328369
0.19360992312431333
0.182641863822937
0.20362421870231628
0.20457796752452848
0.21554601192474365
0.2217453569173813
0.21888412535190585
0.21840724349021912
0.22651407122612
0.23462088406085968
0.24225082993507385
0.24320457875728607
0.2522651553153992
0.2656175494194031
0.2784930765628814
0.2880305051803589
0.30519789457321167
0.3242727816104889
0.33905580639839167
0.35765379667282104
0.36814495921134954
0.3867429792881012
0.3896042108535767
0.3853123486042023
0.37148305773735046
0.34334763884544367
0.31378158926963806
0.2880305051803589
0.2675250470638275
0.2584644854068756
0.249880775809288
0.245588943362236
0.2412970960140228
0.2350977659225464
0.2269909381866455
0.23128278553485873
0.22794468700885767
0.2360514998435974
0.2308059185743332
0.23271340131759644
0.22794468700885767
0.2317596524953842
0.2317596524953842
0.23128278553485873
0.22842155396938324
0.22651407122612
0.23843586444854736
0.23271340131759644
0.24177396297454837
0.24272771179676053
0.24177396297454837
0.24225082993507385
0.2408202141523361
0.23462088406085968
0.2317596524953842
0.22842155396938324
0.23366715013980863
0.2393895983695984
0.2632331848144531
0.27801620960235596
0.2694325149059296
0.3047210276126861
0.28135430812835693
0.2875536382198334
0.2808774411678314
0.2503576576709748
0.2308059185743332
0.22126847505569455
0.20028612017631528
0.1950405389070511
0.19408679008483887
0.1917024254798889
0.18931807577610013
0.18407247960567477
0.1645207405090332
0.15402956306934357
0.37291368842124933
0.6819265484809875
0.9761564135551453
0.4845016598701477
0.14449213445186615
0.003338102018460632
0.03814973682165146
0.12446352094411849
0.15307582914829254
0.1697663366794586
0.17882689833641052
0.18645684421062467
0.1902718096971512
0.200763002038002
0.20457796752452848
0.19599427282810208
0.20362421870231628
0.20410110056400296
0.205054834485054
0.20648545026779172
0.20839294791221616
0.22126847505569455
0.22794468700885767
0.23700524866580963
0.2393895983695984
0.2513113915920257
0.2618025839328766
0.2784930765628814
0.29518359899520874
0.30853599309921265
0.3285646140575409
0.3428707718849182
0.35431569814682007
0.363376259803772
0.3690987229347229
0.36289939284324646
0.34048640727996826
0.3099666237831116
0.2851693034172058
0.2675250470638275
0.24701955914497373
0.2350977659225464
0.22889842092990875
0.21983785927295685
0.21411539614200592
0.21316166222095487
