1.0
0.6181666851043701
0.40698400139808655
0.18520058691501615
0.14009562134742737
0.17563916742801666
0.17376844584941864
0.17148202657699585
0.1700270175933838
0.16732488572597504
0.17356058955192563
0.17293702065944672
0.17252130806446075
0.18021202087402344
0.1804198771715164
0.18540844321250916
0.18623986840248108
0.1912284344434738
0.19704842567443848
0.20266057550907132
0.2176262736320496
0.22012056410312647
0.23279982805252075
0.24984410405159
0.26335480809211725
0.27956765890121454
0.2893369495868683
0.30367907881736755
0.31573477387428284
0.32113906741142273
0.33589690923690796
0.33194762468338007
0.32321763038635254
0.31033048033714294
0.2849719524383545
0.26065266132354736
0.23300768435001373
0.2140927016735077
0.19808772206306455
0.18769486248493197
0.18582415580749512
0.1754312962293625
0.17397630214691162
0.1773020178079605
0.17252130806446075
0.17792558670043945
0.17771773040294647
0.17376844584941864
0.1754312962293625
0.17813344299793243
0.18436914682388303
0.18021202087402344
0.17771773040294647
0.18021202087402344
0.18021202087402344
0.18603201210498807
0.1795884370803833
0.17792558670043945
0.1762627363204956
0.17356058955192563
0.17480772733688354
0.16898773610591888
0.16711702942848203
0.16794845461845395
0.16732488572597504
0.17314487695693967
0.16399917006492615
0.17314487695693967
0.18457701802253723
0.1937227249145508
0.206194132566452
0.19829557836055756
0.206401988863945
0.2178341299295425
0.22801911830902097
0.21824984252452848
0.20307628810405728
0.17127417027950287
0.16025774180889127
0.15111203491687775
0.15402203798294067
0.14217418432235715
0.13656204938888547
0.14051133394241333
0.1386406123638153
0.14279775321483612
0.13573062419891355
0.13822489976882935
0.13676990568637848
0.1159842014312744
0.0
0.016212845221161842
0.2481812536716461
0.6146331429481505
0.9736021757125854
0.6584909558296204
0.4190396964550018
0.19808772206306455
0.1398877501487732
0.16815631091594696
0.18187487125396729
0.17023487389087677
0.16898773610591888
0.17252130806446075
0.1718977391719818
0.18145915865898127
0.17709416151046753
0.1773020178079605
0.18166701495647433
0.18686343729496
0.19746413826942444
0.1997505724430084
0.2024527192115784
0.21201413869857788
0.0
0.0
0.0
0.0
0.0
0.0
0.0
0.0
0.0
0.0
0.0
0.0
0.0
0.0
0.0
0.0
0.0
0.0
