1.0
0.8496527671813965
0.3515625
0.0
0.03854166716337204
0.07274305820465088
0.11336805671453476
0.10312499850988388
0.10520832985639572
0.11336805671453476
0.11180555820465088
0.1197916641831398
0.12048611044883728
0.12951388955116272
0.13229165971279144
0.140625
0.14357638359069824
0.15607638657093048
0.15625
0.17326389253139496
0.1796875
0.19809028506278992
0.21475695073604584
0.24635416269302368
0.2673611044883728
0.2916666567325592
0.3090277910232544
0.33628472685813904
0.3496527671813965
0.3557291626930237
0.3427083194255829
0.3152777850627899
0.2664930522441864
0.22881944477558133
0.18524305522441864
0.1614583283662796
0.13750000298023224
0.12100694328546524
0.11701388657093048
0.1128472238779068
0.10486111044883728
0.10104166716337204
0.10451389104127884
0.10347222536802292
0.1032986119389534
0.10173611342906952
0.10538194328546524
0.10381944477558136
0.10555555671453476
0.10572917014360428
0.10954861342906952
0.10364583134651184
0.11163194477558136
0.1111111119389534
0.1119791641831398
0.11562500149011612
0.10902778059244156
0.11666666716337204
0.10642360895872116
0.1041666641831398
0.1059027761220932
0.10364583134651184
0.10434027761220932
0.09722222387790681
0.09913194179534912
0.1059027761220932
0.09635416418313981
0.09409721940755843
0.09479166567325592
0.09392361342906953
0.0944444462656975
0.09218750149011615
0.09427083283662797
0.09375
0.0965277776122093
0.09670139104127887
0.09513889253139497
0.09131944179534912
0.10138888657093048
0.10572917014360428
0.11684028059244156
0.12569443881511688
0.12656250596046448
0.14270833134651184
0.11701388657093048
0.11788194626569748
0.12812499701976776
0.10729166865348816
0.09322916716337205
0.09218750149011615
0.09184027463197708
0.08906249701976776
0.09079860895872115
0.08645833283662797
0.08420138806104659
0.08211805671453477
0.0866319462656975
0.03628472238779068
0.03246527910232544
0.1857638955116272
0.4651041626930237
0.9192708134651184
0.9289930462837219
0.5126736164093018
0.024652777239680287
0.03541666641831398
0.0824652761220932
0.1197916641831398
0.11493055522441864
0.11770833283662796
0.11927083134651184
0.12864583730697632
0.12534722685813904
0.1319444477558136
0.13645833730697632
0.1423611044883728
0.1501736044883728
0.14895834028720856
0.15399305522441864
0.16718749701976776
0.17586804926395416
0.19079861044883728
0.2022569477558136
0.22430555522441864
0.24322916567325592
0.2663194537162781
0.29982638359069824
0.3142361044883728
0.3420138955116272
0.3546875119209289
0.3559027910232544
0.3539930582046509
