1.0
0.5566037893295288
0.2897574007511139
0.07210242748260498
0.033018868416547775
0.24123989045619965
0.2857142984867096
0.2857142984867096
0.3207547068595886
0.33760106563568115
0.34164419770240784
0.3436657786369324
0.3436657786369324
0.35242587327957153
0.3578167259693146
0.36185982823371887
0.37668463587760925
0.3834231793880463
0.3820754587650299
0.39757412672042847
0.4117250740528106
0.41711589694023127
0.45148247480392456
0.48113209009170527
0.5181940793991089
0.5464959740638733
0.5761455297470093
0.6064689755439758
0.6347708702087401
0.6421833038330078
0.6543126702308655
0.6522911190986633
0.6408355832099915
0.5943396091461182
0.5471698045730591
0.4838275015354157
0.4380053877830505
0.3840970396995544
0.3659029603004456
0.33018869161605835
0.30997303128242487
0.3254716992378235
0.31940701603889465
0.31469002366065973
0.3079514801502228
0.31199461221694946
0.3079514801502228
0.315363883972168
0.32008087635040283
0.32681941986083984
0.3214285671710968
0.3066037595272064
0.3180592954158783
0.31266847252845764
0.3187331557273865
0.3187331557273865
0.31603774428367615
0.32008087635040283
0.3187331557273865
0.31738543510437006
0.31469002366065973
0.3086253404617309
0.3032344877719879
0.3032344877719879
0.2998652160167694
0.2998652160167694
0.29851752519607544
0.3039083480834961
0.29784366488456726
0.2958221137523651
0.28167116641998285
0.2890835702419281
0.2931266725063324
0.2870619893074036
0.29110512137413025
0.2964959442615509
0.2924528419971466
0.29851752519607544
0.2897574007511139
0.2890835702419281
0.29110512137413025
0.2870619893074036
0.29110512137413025
0.28773584961891174
0.2870619893074036
0.2931266725063324
0.3247978389263153
0.36185982823371887
0.3578167259693146
0.40498653054237366
0.4359838366508484
0.42654985189437866
0.4110512137413025
0.4218328893184662
0.3598382771015167
0.3315363824367523
0.29784366488456726
0.2607816755771637
0.2756064832210541
0.2809973061084748
0.27021563053131104
0.2722372114658356
0.2803234457969665
0.27358490228652954
0.27156335115432734
0.29514825344085693
0.4184636175632477
0.4642857015132904
0.6071428656578064
0.9818059206008912
0.8578166961669923
0.38477090001106257
0.17924527823925018
0.0
0.11320754885673522
0.25808626413345337
0.2850404381752014
0.2998652160167694
0.33018869161605835
0.34029650688171387
0.34299191832542414
0.3362533748149872
0.3571428656578064
0.3578167259693146
0.3672506809234619
0.36927223205566406
0.37129381299018854
0.3867924511432648
0.3901617228984833
0.407681941986084
0.0
0.0
